1080.7  633.2  1091.7 1084.7
 903.5  601.0   832.3 1050.0
 901.6  583.8   829.6 1019.3
 959.7  621.9   916.0 1067.2
 963.3  611.7   920.6 1053.5
1036.0  616.9  1026.1 1053.1
1009.8  603.4   988.0 1021.4
1034.7  609.0  1023.7 1038.6
1121.0  614.2  1150.5 1070.6
1187.6  583.8  1253.1 1063.8
 907.5  567.3   839.1  983.6
 964.7  578.3   923.3  979.2
1037.6  579.7  1026.5  978.9
1007.7  594.1   984.6 1007.9
1103.9  571.7  1121.7  987.0
 940.6  556.5   888.7  943.8
 912.5  551.4   847.7  945.0
1097.9  556.6  1111.3  952.6
1155.9  492.7  1206.8  976.5
 830.0  451.4   694.3  922.2
 797.0  439.3   623.6  962.0
 853.1  468.3   731.0  948.7
 954.5  515.1   907.4  874.5
 979.7  526.3   943.3  886.6
1043.8  521.4  1032.4  881.1
1181.7  456.8  1245.6  921.5
 993.4  452.7   956.8  813.3
1010.4  486.5   983.4  846.8
1106.5  474.9  1119.3  834.7
1138.7  454.2  1165.5  814.6
1215.4  426.4  1306.3  914.4
 817.6  389.4   656.8  872.6
 871.1  429.5   779.3  791.6
 928.2  446.7   863.5  806.5
1016.9  449.2   990.1  809.2
1123.6  455.8  1143.2  812.2
1145.5  442.7  1175.0  801.1
1142.1  408.9  1171.5  777.8
 939.7  374.7   871.4  735.1
1013.7  384.6   980.8  749.4
1130.0  387.0  1152.5  746.3
1184.4  374.9  1240.6  769.8
1099.5  350.9  1106.4  704.6
1181.1  337.4  1229.1  690.6
 861.5  317.6   748.5  671.3
 912.8  296.2   823.1  642.4
 999.6  310.8   954.8  658.2
1004.0  313.0   961.4  662.1
1064.2  328.7  1052.8  679.0
1107.4  300.6  1117.2  648.2
 858.0  287.3   738.6  636.2
 896.1  254.1   792.3  592.6
 989.4  275.4   936.3  617.6
1007.5  277.9   964.2  619.0
1095.1  274.1  1097.4  613.9
1094.6  257.9  1096.0  592.5
 955.9  251.4   883.3  587.9
 914.8  243.1   818.5  583.1
 976.5  239.0   913.5  572.9
 967.2  242.1   899.5  576.7
 963.8  231.7   893.0  565.8
1094.6  248.4  1095.8  582.3
1080.8  227.1  1073.7  556.3
1226.9  227.8  1323.1  623.9
 888.1  186.6   771.0  508.6
 911.9  194.8   808.9  518.3
 980.1  209.3   916.1  536.7
1073.1  215.6  1061.2  543.6
1070.3  214.5  1056.6  535.3
 986.1  178.0   924.6  481.7
1170.4   54.1  1245.6  434.9
1175.3   55.8  1254.6  435.6
1311.4   48.7  1571.8  495.2
 879.0   -2.4   667.5  360.4
1022.4   34.2   956.9  410.8
 856.6  469.6   735.8  953.6
1180.3  448.3  1244.2  915.3
1145.4  446.0  1175.7  811.2
1187.5  384.7  1253.5  823.1
 873.4  387.4   772.2  765.8
1054.8  306.9  1037.6  653.6
 794.4  193.6   572.5  630.3
 973.0  286.9   912.7  629.9
 835.1  214.4   666.2  612.7
 976.5  244.2   914.0  578.6
1030.9  236.4   996.9  571.9
1076.3  219.1  1066.2  546.4
1267.6  186.8  1413.0  611.1
1016.1  212.8   972.4  539.3
 847.5  164.3   698.6  494.3
1199.8   81.9  1302.6  480.5
1036.4   14.3   982.1  382.3
 976.3  304.0   919.2  651.0
1027.0  618.8  1013.3 1055.3
 798.8  544.6   674.0  984.1
 934.5  556.1   879.7  946.7
 984.9  514.0   949.5  874.3
1078.8  506.0  1080.9  865.5
 988.7  452.7   950.2  812.7
 996.6  467.1   962.5  827.4
1032.7  438.7  1012.3  797.5
 896.1  372.0   806.8  733.9
 851.3  337.6   733.7  703.5
1145.9  334.8  1175.1  681.7
 917.7  294.4   829.8  641.8
 975.0  293.5   916.4  637.8
 875.0  246.2   759.1  583.7
 944.5  266.1   867.6  605.1
 931.3   -4.3   772.3  351.5
 924.7    4.8   760.4  368.3
1254.8   -0.8  1421.1  350.8
1274.1   28.4  1474.3  428.3
 946.7  611.5   896.9 1052.0
 921.2  573.2   859.3  989.0
1053.1  578.4  1048.6  983.9
 930.0  558.0   873.1  951.7
 864.6  451.8   771.1  823.4
 872.7  417.6   779.9  779.5
 867.6  413.8   766.3  798.7
 924.8  430.4   856.6  790.4
 985.9  439.5   945.1  799.2
 872.0  369.0   770.7  732.6
 877.6  385.6   780.0  755.4
 880.9  390.7   785.6  760.6
1079.3  383.2  1077.6  742.9
1047.6  383.8  1030.8  745.9
1080.2  404.5  1080.0  773.9
1058.7  305.8  1043.4  652.6
1027.7  289.9   995.7  632.9
1160.8  314.3  1198.9  666.3
1102.6  271.4  1108.3  604.2
 853.8  193.1   714.7  527.9
1151.5  204.2  1183.5  526.8
1207.0   85.4  1319.8  495.3
 825.4  498.8   687.4 1004.7
 840.8  362.9   704.7  790.1
 874.6  325.0   769.2  679.1
1169.2  294.4  1210.2  633.8
1217.0   84.2  1344.2  505.4
 974.2  580.2   937.0  979.9
1068.3  481.8  1065.1  841.3
 946.8  376.4   881.8  738.4
1076.2   74.7  1064.2  470.1
1031.6    6.1   971.8  368.1
 941.7  576.3   889.8  983.6
1084.9  479.1  1088.6  837.9
 879.3  295.0   773.4  639.0
 906.2  298.2   814.0  642.5
 952.6  279.4   881.2  622.0
 981.2  200.0   916.9  525.6
 930.0   37.5   779.7  413.2
1030.3   43.8   973.6  421.7
1258.6    4.3  1426.0  355.7
1021.1  212.7   980.1  539.6
1065.0  556.9  1064.2  941.1
1011.6  468.5   983.9  829.3
 865.6  444.4   773.9  805.4
 998.3  447.1   963.4  807.2
 921.9  375.2   844.9  738.7
1024.8  384.5   997.1  750.6
1007.8  383.1   971.8  749.3
 916.5  577.1   852.6  996.5
 854.1  331.0   737.1  694.9
1088.0  585.5  1099.4 1007.7
 851.5  463.6   727.7  943.5
 867.0  501.9   776.2  899.2
 885.0  398.9   793.8  765.0
1000.0  359.7   959.3  713.1
 965.4  312.0   904.2  656.0
1167.0  205.6  1207.9  528.3
 872.9   55.9   667.3  459.0
 874.3   10.4   663.1  378.3
1039.9  480.3  1024.8  840.4
 977.8  283.7   919.6  626.9
 898.9  428.2   819.2  788.3
1085.2  366.4  1085.5  721.2
1110.8  370.1  1123.4  723.3
1010.0  286.6   968.5  630.6
1089.3  231.5  1086.9  560.5
 921.4  530.4   861.4  900.6
 926.5  526.5   869.5  886.5
1000.5  437.3   965.7  798.4
 989.4  379.8   944.5  744.7
1030.8  382.8  1006.0  744.8
1146.4  342.2  1175.8  690.0
1259.6   -0.8  1430.7  350.5
 941.1  318.0   867.6  669.5
1072.6  296.9  1063.9  637.1
 850.1  473.7   726.6  957.0
 853.3  182.8   712.6  514.2
1197.6  371.5  1270.3  808.8
1188.1  353.6  1245.2  737.3
 948.4  478.9   896.6  828.5
1127.5  474.7  1149.3  833.8
1016.5  463.6   990.6  824.6
 962.9  378.0   905.7  740.0
 913.7  238.9   817.2  573.8
 977.3  213.7   912.4  540.4
1025.6  241.0   988.9  577.4
 905.8  185.2   797.9  507.6
 753.3   83.7   351.8  636.1
