 876.6 1050.6   925.2  655.9
 941.7 1064.3   971.4  670.4
1087.6 1059.5  1076.6  662.9
 686.0 1024.9   795.1  612.8
 738.2 1016.3   831.9  607.8
 850.9 1024.4   906.8  639.6
1091.6 1003.9  1080.7  633.2
 688.5  996.6   804.4  569.6
 845.1  968.8   903.5  601.0
 842.5  940.5   901.6  583.8
 924.4  987.1   959.7  621.9
 928.9  973.9   963.3  611.7
1029.3  974.9  1036.0  616.9
 993.2  946.4  1009.8  603.4
1027.2  961.6  1034.7  609.0
1147.5  988.8  1121.0  614.2
 896.0  891.3   939.0  565.6
 851.5  908.3   907.5  567.3
 931.5  907.1   964.7  578.3
1056.9  918.9  1057.2  582.1
1030.1  907.2  1037.6  579.7
 989.9  933.6  1007.7  594.1
1120.9  912.5  1103.9  571.7
 898.5  873.9   940.6  556.5
1111.3  881.5  1097.9  556.6
 718.2  834.0   830.0  451.4
 719.7  834.4   831.1  451.7
 950.9  821.4   979.7  526.3
1036.4  816.1  1043.8  521.4
1237.3  835.5  1181.7  456.8
 964.6  747.2   993.4  452.7
 989.7  781.2  1010.4  486.5
1119.8  769.3  1106.5  474.9
1075.4  777.9  1073.7  482.6
1293.3  822.7  1215.4  426.4
 795.5  724.7   871.1  429.5
 958.9  738.7   989.5  445.0
 964.8  730.7   994.3  436.3
 981.1  731.1  1006.1  436.9
 952.2  743.1   984.5  448.3
 996.5  743.2  1016.9  449.2
1142.7  747.2  1123.6  455.8
1173.1  735.6  1145.5  442.7
1169.6  709.9  1142.1  408.9
 884.3  667.8   939.7  374.7
 988.3  681.5  1013.7  384.6
 964.4  680.0   996.7  383.5
1151.8  679.8  1130.0  387.0
1234.4  696.2  1184.4  374.9
1224.6  624.4  1181.1  337.4
 768.4  604.0   861.5  317.6
 845.3  597.7   916.5  311.0
 970.6  595.9  1004.0  313.0
1057.2  613.0  1064.2  328.7
1089.4  579.8  1087.4  300.4
1118.5  582.2  1107.4  300.6
 648.1  560.9   811.4  214.8
 759.6  569.2   858.0  287.3
 811.1  527.0   896.1  254.1
 947.2  551.9   989.4  275.4
1100.0  548.8  1095.1  274.1
1098.8  528.0  1094.6  257.9
1157.2  532.1  1134.5  259.1
1163.8  537.2  1139.2  265.6
 601.8  526.3   792.6  175.5
 725.1  489.9   842.8  214.1
 773.5  493.7   872.5  225.6
 897.3  522.7   955.9  251.4
 926.1  507.9   976.5  239.0
 943.1  507.2   988.3  238.2
 912.8  511.6   967.2  242.1
 906.8  500.5   963.8  231.7
1098.6  517.7  1094.6  248.4
1077.8  492.1  1080.8  227.1
1310.1  545.7  1226.9  227.8
 792.1  444.5   888.1  186.6
 827.4  442.7   912.4  184.7
 827.8  454.2   911.9  194.8
 819.3  467.1   905.5  204.5
 929.0  472.2   980.1  209.3
1066.1  479.3  1073.1  215.6
1061.8  472.4  1070.3  214.5
 989.4  480.6  1020.9  217.2
1172.9  459.1  1145.5  200.9
 937.1  421.2   986.1  178.0
1348.0  445.0  1227.9   95.8
1257.3  377.5  1183.8   73.9
 788.3  338.5   917.0   43.5
 786.6  328.4   915.9   38.2
 794.9  338.1   921.2   42.3
1234.9  351.0  1170.4   54.1
1262.8  353.5  1186.4   56.9
1522.9  392.7  1311.4   48.7
 743.9  311.5   895.9   20.0
 710.0  277.1   879.0   -2.4
 971.8  326.6  1022.4   34.2
1016.3  276.6  1048.7   -0.5
 757.2  863.1   856.6  469.6
1235.9  828.6  1180.3  448.3
 663.5  742.6   803.7  364.7
1172.9  706.2  1144.6  406.7
 790.1  695.1   873.4  387.4
 696.6  533.1   835.1  214.4
1005.1  506.6  1030.9  236.4
1286.9  394.0  1199.8   81.9
 995.2  298.8  1036.4   14.3
 785.8 1046.8   862.5  640.3
1075.1 1044.6  1068.0  656.7
1017.1  977.0  1027.0  618.8
 890.0  876.1   934.5  556.1
 957.0  809.0   984.9  514.0
 903.1  805.9   944.6  511.9
 609.3  839.6   770.6  417.3
 958.3  746.8   988.7  452.7
1001.8  751.5  1020.5  456.6
1017.8  731.7  1032.7  438.7
 754.2  634.2   851.3  337.6
 978.3  613.7  1008.5  331.2
1173.5  616.6  1145.9  334.8
 832.8  610.5   906.1  325.3
 846.0  575.3   917.7  294.4
 928.1  572.0   975.0  293.5
 779.7  518.0   875.0  246.2
 882.1  539.7   944.5  266.1
 445.2  544.4   746.7  116.9
 793.9  285.4   924.7    4.8
 830.7 1024.0   892.9  635.6
 739.3 1007.4   834.3  595.7
1042.4  973.8  1045.5  616.1
1124.6 1014.8  1104.3  639.5
 720.4  987.0   821.9  579.7
 703.4  971.6   814.8  553.4
1051.2  911.2  1053.1  578.4
 883.7  880.6   930.0  558.0
 743.6  792.4   845.0  434.0
 787.5  755.0   864.6  451.8
 796.2  712.5   872.7  417.6
 784.2  727.2   867.6  413.8
 869.2  724.0   924.8  430.4
 953.6  733.1   985.9  439.5
 797.3  686.3   877.6  385.6
 802.5  691.6   880.9  390.7
1080.4  676.2  1079.3  383.2
1048.5  586.8  1058.7  305.8
1312.7  654.0  1225.4  291.8
 770.0  564.4   864.8  285.8
1181.8  463.4  1151.5  204.2
1215.1  428.4  1174.0  178.0
 713.3  373.4   874.6   60.5
 509.2  345.8   781.4   15.6
1515.9  319.8  1310.7   13.3
 947.8 1064.8   975.8  670.6
 953.1 1058.7   979.7  666.5
 999.4  975.6  1014.1  619.4
 797.7  920.4   872.4  555.8
 899.9  909.8   941.8  576.7
 913.5  915.4   951.7  580.7
 723.0  870.5   829.1  488.3
 728.7  708.9   840.8  362.9
 794.1  720.0   870.2  426.1
 688.0  615.3   831.2  259.3
 753.6  617.7   851.5  324.9
 787.9  611.9   874.6  325.0
1206.9  569.3  1169.2  294.4
 930.6  429.2   981.7  181.6
1280.2  399.9  1196.2   86.2
1323.4  413.2  1217.0   84.2
 916.2  333.9   991.4   35.8
1079.1  927.7  1073.2  586.1
 652.3  870.5   795.1  445.7
 944.5  908.0   974.2  580.2
 666.9  786.9   807.5  387.6
1067.0  781.5  1067.5  486.9
 451.5  767.0   662.3  380.4
1067.9  776.0  1068.3  481.8
 875.1  699.6   931.9  400.4
 953.4  733.0   985.8  439.1
 894.1  670.8   946.8  376.4
1527.0  422.5  1313.1   64.2
1069.2  384.0  1076.2   74.7
 985.9  285.6  1031.6    6.1
 718.5  880.2   831.7  475.1
 929.9  461.3   981.2  200.0
 671.6  787.6   808.3  394.2
1086.3 1047.7  1075.9  656.5
 859.0  670.8   921.9  375.2
1003.8  682.6  1024.8  384.5
 979.8  681.1  1007.8  383.1
 864.3  920.8   916.5  577.1
 757.6  625.9   854.1  331.0
 749.6  853.7   851.5  463.6
1204.8  464.9  1167.0  205.6
 705.1  294.7   874.3   10.4
1054.0  776.0  1058.0  481.1
 872.5  833.5   921.4  530.4
1012.3  677.5  1030.8  382.8
1402.0  269.9  1259.6   -0.8
1246.0 1065.6  1185.4  632.5
1022.0  863.1  1032.1  555.8
1194.6  890.2  1152.0  495.5
 881.4  602.8   941.1  318.0
 549.3  626.4   757.8  237.6
1086.3  523.1  1086.2  253.6
 748.4  866.7   850.1  473.7
 737.6  448.0   853.3  182.8
 941.0  678.6   980.1  382.0
 301.4  813.5   702.0  205.9
1367.5  442.2  1237.8   92.4
 982.0  788.9  1005.2  483.6
1254.6 1084.1  1189.9  637.1
1260.9  726.4  1197.6  371.5
1239.0  665.4  1188.1  353.6
 834.9  508.5   913.7  238.9
 925.4  476.2   977.3  213.7
 997.5  512.0  1025.6  241.0
1373.2  427.5  1240.1   81.9
1325.5  880.4  1232.8  452.4
 461.8  847.4   668.7  431.6
 967.9  783.2   994.1  488.4
1535.7  746.7  1372.5  373.2
 967.0  692.1   998.3  392.5
1181.0  476.8  1150.8  213.7
 943.9  441.9   989.7  196.3
 997.1  469.9  1026.8  204.5
