 815.8 1038.0   875.1  699.9
 787.1 1037.9   853.5  698.4
 910.8 1042.7   947.4  703.4
 870.2 1050.9   915.8  714.6
 961.5 1054.8   985.7  713.9
 705.2 1020.1   793.9  674.4
 694.8 1007.1   787.5  659.6
 758.1 1023.7   832.7  682.2
 905.6 1033.8   944.1  692.2
 961.6 1032.6   986.5  692.3
 718.9  976.6   811.2  615.9
 793.6  976.4   865.9  617.2
 916.6  988.2   956.0  627.8
1028.7  984.3  1038.4  624.7
1090.9  980.4  1084.3  626.2
1159.2  980.9  1134.6  627.4
1061.3  995.1  1062.2  633.1
1092.4  995.8  1085.0  633.9
1209.3  990.7  1171.0  632.9
1278.0 1019.1  1214.6  617.1
1221.9  965.6  1181.2  617.4
1279.2 1025.2  1215.3  621.4
1259.0  959.4  1205.2  592.8
 634.0  931.3   756.9  558.7
 493.0  953.0   698.7  471.5
1706.0 1087.5  1345.4  298.7
1346.3  818.4  1200.3  227.9
1769.7  976.2  1385.6  267.9
 391.8  797.5   723.2  219.0
 330.6  764.1   701.5  188.3
 233.6  756.2   657.9  178.6
 432.7  767.9   749.4  194.7
 430.5  781.5   746.6  204.4
 952.4  816.0  1005.8  216.9
1568.4  771.5  1303.5  190.7
1537.5  778.9  1288.6  194.1
1643.3  795.9  1343.1  210.1
1821.3  762.2  1421.6  182.6
1805.7  758.5  1414.0  180.5
 209.7  735.5   649.9  164.0
1743.6  721.1  1377.3  150.8
1677.2  746.8  1351.0  170.7
 109.4  654.1   622.4  102.8
 158.3  673.9   639.7  118.0
 498.4  505.7   760.2  103.9
 604.9  485.4   806.4  116.0
 710.0  456.7   862.1  111.1
1027.6  412.2  1047.0  104.8
1007.6  399.6  1035.1   96.3
1186.1  404.7  1142.0   99.0
1873.1  680.4  1428.0  120.2
 161.5  579.7   659.8   55.6
1775.8  588.3  1370.9   60.1
1207.0 1076.5  1166.6  684.1
1187.2 1013.7  1154.8  652.7
1376.2  816.2  1216.2  230.4
 226.4  752.4   652.7  179.0
 383.0  746.3   729.7  176.0
 360.8  768.0   716.0  190.9
1551.6  771.9  1295.9  191.8
1571.1  783.9  1306.2  199.9
1659.5  779.8  1348.4  197.4
1690.2  797.1  1361.9  203.9
1618.9  491.1  1334.4   60.7
 939.8  284.0   995.0   31.9
 913.6 1035.6   949.9  696.1
1097.9  979.9  1089.4  625.3
 704.5 1010.1   794.7  662.1
 699.3 1001.1   796.3  634.3
 603.7 1036.4   734.2  632.1
 793.8  870.8   921.7  272.3
 917.3  829.9   988.0  228.9
1051.4 1064.3  1054.1  730.4
1052.4 1059.0  1055.0  724.9
1057.2  988.1  1059.3  628.5
 247.6  995.7   685.0  257.1
 393.1  833.9   727.9  229.5
 522.0  790.7   794.1  204.7
 903.2  805.8   981.7  213.0
1243.1  812.1  1150.0  228.0
1133.5  685.2  1097.8  175.2
 228.2  680.6   671.0  123.0
 958.9  476.4  1006.3  124.0
1817.9  633.5  1393.1   85.5
 149.0  564.5   661.8   41.2
 891.9  335.8   966.5   55.8
 963.0  307.9  1008.6   49.3
1180.4  371.5  1139.0   78.5
1865.1  545.8  1402.7   34.1
 721.6  305.5   867.1   30.9
1005.0  279.3  1035.0   28.4
1454.7  269.8  1293.1    3.4
1700.3  443.4  1362.3   23.4
1672.9  429.9  1349.8   17.2
 725.8 1056.8   805.7  715.9
 498.5  873.6   761.8  289.9
 952.5  818.2  1005.8  218.4
1636.7  461.8  1341.3   43.6
 918.5  228.6   983.6   -7.1
 780.5 1037.2   848.5  697.5
 356.6  982.6   707.9  303.8
 257.0 1027.9   686.6  275.9
 379.8  979.2   714.3  312.3
 190.9  986.2   661.8  248.4
 885.3  818.5   972.3  222.5
1688.6  807.8  1367.7  220.9
1008.9  803.6  1033.6  211.9
 940.8  781.9  1001.3  191.5
1774.0  754.4  1400.8  181.0
 246.0  709.0   671.6  146.2
1132.3  629.0  1098.8  155.4
 804.6  459.5   916.4  115.3
1029.1  341.9  1048.8   59.8
1729.6 1100.7  1354.2  301.3
 700.4 1030.3   788.4  688.9
 800.4 1024.0   865.5  678.2
 929.3 1031.1   962.1  690.4
 932.3 1036.8   964.4  693.7
 192.4 1004.9   664.8  252.9
 505.7 1003.4   703.8  509.5
 599.1 1001.6   734.5  598.0
 779.3  979.5   855.3  619.3
 841.4  982.5   901.0  622.0
 810.9  981.8   878.8  619.9
 778.8  993.7   855.0  628.6
 967.7  993.2   993.6  629.9
 936.4  992.1   970.7  628.6
 933.9  986.7   968.7  626.8
 935.6  981.5   970.2  620.6
1026.5  987.6  1036.7  627.8
1123.3  996.2  1107.7  635.3
1084.1  978.4  1079.3  625.1
1485.2  993.6  1275.3  340.5
1442.0  802.3  1246.0  215.2
1503.3  805.0  1276.5  218.1
1502.0  798.4  1275.3  213.3
1598.5  786.3  1321.0  204.5
1571.1  792.6  1307.8  207.7
  42.0  762.0   577.5  166.1
 339.2  771.0   705.0  192.9
1523.7  781.4  1283.3  198.5
1772.9  735.4  1390.4  157.0
1831.7  708.2  1414.7  140.3
 161.1  568.7   667.0   43.1
 545.1  558.4   789.2  124.8
 332.9  474.3   700.3   52.1
1110.8  410.6  1097.2  105.2
1189.5  365.9  1144.8   76.7
1191.0  357.6  1144.7   67.0
1279.1  383.5  1196.6   82.8
1323.0  362.1  1222.3   68.9
 663.5  339.3   831.5   51.9
 709.8  313.0   859.6   36.1
 981.1  285.1  1020.5   29.0
1019.1  879.1  1037.4  273.0
 861.6  775.9   960.6  204.7
 993.0  825.1  1025.3  230.1
1004.2 1059.1  1018.0  724.0
 853.3 1025.3   905.4  679.8
  51.7  650.2   595.9  100.6
 901.4  412.2   971.3  100.8
1664.6  452.5  1351.4   34.9
1263.7  268.1  1186.5    7.6
1037.8  805.1  1047.7  214.0
1673.1  799.4  1356.7  210.5
 749.1  978.1   833.4  617.1
 617.5 1014.5   747.4  607.1
 928.0  635.9   992.7  157.2
1668.1  734.6  1345.2  162.1
 945.9  457.8   998.6  117.0
  66.3  659.6   601.2  106.4
 781.2  974.4   856.9  615.1
1436.7  517.7  1267.4  119.5
1083.8  314.0  1081.9   43.2
 707.9 1085.0   791.8  736.2
 597.9 1035.2   750.2  568.9
 731.3  944.6   820.4  594.2
1004.9  824.1  1031.2  231.0
 932.5  619.1   995.0  151.6
1359.9  595.5  1226.2  165.0
 881.2  391.7   959.5   88.5
1029.9  400.7  1048.5   96.6
 724.3  322.5   868.3   41.3
 858.6  300.8   946.2   37.3
 950.1  307.2  1000.5   50.1
