 949.7  828.7   923.9 1074.9
1002.6  831.9   987.2 1076.9
 852.9  796.2   806.8 1042.8
 872.8  795.1   831.2 1038.0
 875.1  810.5   833.8 1057.4
 859.0  786.7   814.5 1029.1
 863.4  799.9   819.4 1047.2
1034.6  792.1  1025.7 1023.8
1036.5  797.6  1027.9 1031.5
 999.6  820.2   983.7 1062.7
1059.0  817.7  1054.7 1063.0
1104.5  789.6  1109.2 1030.6
1080.2  819.3  1080.1 1067.1
1093.0  801.5  1095.5 1046.3
1101.1  805.4  1105.2 1052.3
 903.7  750.6   870.7  968.9
 894.4  751.0   859.1  973.1
 879.5  767.0   840.9  994.9
 947.7  768.7   922.7  991.2
1045.4  768.8  1038.6  991.1
1040.2  770.5  1032.5  991.0
1101.9  764.0  1105.9  994.3
1111.0  771.6  1116.9 1006.3
1090.4  771.3  1092.2 1001.8
1096.8  764.7  1099.8  993.6
1096.8  759.5  1099.7  987.3
1120.6  739.0  1128.2  963.8
1189.8  748.9  1220.1 1055.8
1192.4  745.7  1223.2 1049.9
 669.8  705.0   549.4 1032.9
 698.2  713.4   586.8 1042.0
 756.4  718.4   671.9 1014.8
 757.4  703.5   674.2  993.0
 704.9  715.7   594.9 1046.9
 788.4  725.5   713.1 1021.7
 901.0  733.1   867.9  946.0
 931.4  711.4   904.1  918.7
 963.0  723.1   941.5  931.2
 953.7  730.3   930.6  938.1
1032.0  715.4  1022.8  925.4
1042.0  717.1  1034.7  926.8
1046.6  723.2  1040.1  933.1
1035.4  700.4  1026.7  911.7
1084.5  700.6  1085.0  912.1
1099.5  714.0  1102.7  925.6
1115.7  724.8  1122.1  943.3
1110.3  705.5  1115.7  921.8
1222.7  701.9  1262.0  998.1
1227.9  729.7  1268.8 1034.8
1350.3  733.2  1434.4 1078.4
 687.2  682.5   568.2 1014.2
 720.4  676.4   618.2  987.0
 716.9  662.4   613.1  970.6
 824.0  656.0   774.4  865.4
 826.1  661.6   777.1  871.2
 898.7  651.6   863.3  861.5
 878.0  650.0   838.5  860.2
 976.2  647.7   955.6  860.2
 976.2  652.5   955.5  867.1
 968.0  654.8   946.0  866.8
 937.6  666.1   910.0  876.5
1004.7  664.8   989.9  878.8
 999.1  682.0   983.5  893.0
1051.0  659.7  1045.1  873.6
1066.1  648.1  1063.2  863.2
1159.1  647.6  1174.9  864.1
1284.0  666.3  1346.4  984.3
1304.5  677.4  1378.0 1019.3
1271.0  680.6  1329.0 1000.1
1240.9  661.0  1287.9  963.1
1314.8  676.7  1393.1 1025.1
 709.3  631.5   601.2  936.9
 735.6  620.0   639.8  908.9
 710.7  622.7   604.2  922.1
 727.4  631.8   628.4  926.2
 712.3  640.1   605.7  946.2
 821.3  626.0   769.3  837.3
 858.3  633.9   814.3  844.2
 896.3  636.7   859.7  848.3
 868.3  634.5   826.4  844.3
 984.0  632.3   964.6  846.3
 983.4  646.9   964.3  859.4
 976.5  630.9   955.6  844.4
 964.9  643.5   941.9  856.2
1005.5  643.5   990.7  856.5
1139.8  647.3  1151.5  860.4
1167.4  634.6  1185.1  850.6
1240.9  639.3  1288.2  936.6
1339.6  612.4  1435.1  972.3
 838.7  566.9   786.2  783.5
 890.7  568.1   849.7  785.1
 998.4  579.4   980.9  799.9
1020.3  580.7  1007.6  801.2
1038.8  572.5  1030.1  791.4
1063.2  582.3  1059.8  803.4
1147.3  577.7  1162.4  797.6
1078.1  582.9  1078.1  805.6
1142.2  578.2  1156.1  798.4
1220.8  576.8  1256.7  824.5
1182.2  582.6  1205.1  805.4
1222.2  588.5  1258.6  839.4
1223.3  563.2  1259.7  806.6
1191.9  568.2  1216.7  786.0
1224.0  567.3  1260.6  811.7
1469.9  590.0  1592.6  898.6
1482.2  568.3  1611.9  877.1
 805.3  549.5   746.5  758.8
 860.1  517.9   811.0  730.2
 872.4  533.4   827.0  744.4
 898.0  535.2   858.1  747.7
 996.8  522.0   978.5  735.7
 973.5  548.7   950.6  761.5
 954.4  546.4   926.4  766.5
 940.9  546.3   910.7  760.5
 933.0  547.3   901.1  760.3
1079.4  521.9  1079.8  736.6
1097.8  523.0  1102.5  740.9
1200.5  521.7  1229.6  744.3
1215.1  535.8  1247.5  761.2
1214.6  542.1  1246.7  768.0
1212.9  522.6  1244.5  743.2
 617.2  478.6   442.1  813.8
 688.9  484.4   558.7  783.6
 799.1  506.1   735.3  718.5
 798.0  484.8   733.2  695.1
 787.9  509.8   719.8  728.5
 899.7  508.0   859.4  719.1
 911.6  516.4   873.9  730.2
 974.0  498.0   950.1  710.9
 995.2  516.0   976.5  729.4
 968.6  497.7   943.5  710.1
 975.7  485.5   952.0  697.6
1047.0  495.3  1039.9  708.1
1061.2  513.5  1057.5  728.9
1092.3  496.1  1095.8  709.6
1092.8  501.0  1096.4  716.1
1094.0  480.0  1098.3  702.3
1155.3  509.9  1173.1  724.8
1200.0  506.4  1228.7  724.4
1210.1  491.5  1241.6  708.4
 616.5  456.8   437.0  791.1
 704.4  436.1   577.7  723.2
 800.3  473.3   735.2  683.6
 791.8  472.2   724.4  683.3
 813.2  466.4   751.5  674.0
 838.9  431.9   781.1  639.2
 992.3  461.0   972.1  672.9
 961.8  454.8   934.1  666.0
 985.6  456.6   963.8  667.3
1056.8  470.8  1052.0  684.3
1053.5  464.5  1048.0  677.0
1064.6  464.8  1061.6  677.8
1099.0  442.5  1104.6  654.9
1099.8  450.9  1105.5  663.8
1098.6  431.4  1104.2  641.6
1083.6  436.7  1085.4  648.1
1157.4  439.7  1177.3  651.9
1154.8  448.2  1173.9  660.5
1165.0  443.9  1186.7  656.4
 611.6  388.7   410.6  729.1
 726.9  427.8   611.9  703.1
 737.5  416.8   631.9  675.0
 805.6  399.9   738.0  605.0
 805.0  391.3   737.1  594.4
 799.4  426.0   733.6  627.0
 862.1  420.9   808.6  630.8
 943.0  412.8   909.9  620.4
 930.9  416.5   894.9  624.0
1001.5  411.7   982.6  623.3
1086.0  412.3  1088.6  623.7
1098.5  421.1  1104.1  631.7
1079.7  396.6  1080.7  605.1
1085.1  425.4  1087.3  636.4
1087.3  422.2  1090.1  633.6
1101.5  412.4  1108.1  625.2
1206.2  423.7  1239.1  637.2
1440.9  393.7  1615.2  761.3
 744.5  376.1   645.3  612.2
 945.9  378.4   912.6  583.8
1000.2  386.3   980.9  592.5
1000.1  381.5   980.8  587.6
1007.4  382.2   990.0  587.9
1259.2  382.6  1312.0  610.8
1486.8  328.3  1775.6  813.8
 579.8  269.3   271.7  677.5
 754.1  269.3   611.2  568.2
 726.0  256.3   553.9  578.9
1214.5  255.4  1278.7  542.9
1231.1  256.3  1302.8  544.5
1303.9  275.7  1422.7  611.0
1340.5  291.0  1482.7  645.3
1477.8  280.4  1721.9  675.6
1488.2  275.2  1768.8  711.5
 579.3  228.3   296.2  580.9
 557.5  234.3   224.5  633.2
 740.2  251.0   579.5  563.3
 833.6  223.5   728.6  498.1
 836.7  215.8   732.8  487.8
 839.4  222.6   736.2  498.7
 767.5  255.1   628.2  552.9
 901.2  217.0   826.1  489.7
1202.1  232.1  1262.5  516.0
1227.4  232.6  1299.6  518.1
1211.6  231.5  1276.8  517.0
1169.1  229.9  1214.6  513.0
1202.4  226.7  1263.5  510.7
1235.4  234.1  1310.8  519.0
1277.5  253.2  1377.0  560.4
1243.2  226.8  1322.5  509.6
1337.5  233.8  1486.7  576.8
1443.2  247.6  1659.8  612.6
1446.7  237.8  1665.0  596.9
1405.7  223.6  1591.9  560.2
 603.5  207.1   346.9  533.0
 620.0  179.0   379.6  481.3
 680.8  168.8   480.2  456.2
 798.1  191.5   670.7  465.4
1022.9  170.0  1000.7  443.9
1022.4  177.6  1000.4  451.6
1102.5  190.5  1119.0  470.7
1205.8  173.6  1272.9  449.5
1361.9  198.3  1517.9  510.1
1374.9  206.8  1538.5  524.3
1450.2  189.6  1669.7  520.6
1431.7  196.7  1628.3  513.4
1454.5  180.3  1677.4  507.3
1451.1  165.9  1671.6  484.0
 731.5  165.1   566.4  436.6
 708.6  135.2   532.5  391.8
 748.6  138.9   593.0  396.3
 709.0  129.9   532.1  385.5
 842.9  156.6   734.4  420.0
 792.2  144.9   658.8  403.4
 789.5  154.1   655.7  415.1
 990.3  159.3   952.1  430.0
1027.2  163.8  1007.0  437.1
1000.9  160.8   967.9  432.2
1152.9  162.7  1194.5  435.2
1208.8  158.8  1278.4  431.5
1190.3  159.4  1251.3  434.1
1172.5  124.9  1221.7  370.8
1185.4  160.7  1243.4  434.1
1221.7  155.6  1297.9  427.5
1293.5  153.2  1406.2  426.1
1300.3  137.9  1418.0  406.6
1367.7  140.9  1520.9  413.7
1336.9  156.0  1471.0  430.1
1457.5  150.9  1687.9  468.6
1408.7  129.6  1584.0  398.5
1401.7  127.6  1573.5  395.6
1397.1  146.2  1563.8  419.4
1506.7  135.2  1792.4  472.6
1513.3  119.9  1805.8  450.2
1546.4  133.1  1859.8  471.3
1520.2  143.6  1813.7  485.4
 486.3   74.1   126.9  355.3
 561.3   79.1   246.1  365.7
 718.7  116.4   545.9  366.5
 713.3  120.6   538.7  371.6
 772.8   96.1   618.5  349.4
1058.1   88.3  1053.5  275.1
1359.9  106.4  1513.7  368.8
1367.4   99.7  1525.9  359.8
1361.0  116.3  1513.9  381.5
1406.9  111.7  1583.7  374.8
1394.0  106.9  1565.7  369.8
1474.5   69.0  1726.3  351.1
1501.9   88.7  1795.8  407.7
1513.3   94.1  1814.7  416.7
1508.7   90.7  1804.6  408.5
1502.0   72.4  1805.7  390.0
1513.2  111.7  1802.5  433.7
1495.1   84.5  1775.6  392.0
1494.2  109.1  1778.2  436.7
 486.3   66.9   122.6  346.9
 576.7   53.8   262.6  332.2
 565.8   31.1   239.0  299.4
 682.3   50.2   478.1  282.3
 678.4   58.9   473.7  293.8
 683.8   56.1   482.9  288.6
 677.1   45.0   470.2  274.3
 613.9   50.7   366.0  289.3
 693.7   73.1   499.9  312.1
 851.7   69.6   769.2  248.7
 892.3   73.7   825.2  254.1
1064.2   68.4  1061.7  237.6
1056.6   71.3  1051.5  244.3
1132.2   75.1  1154.7  252.2
1143.6   36.5  1169.7  197.0
1308.7   52.7  1423.4  267.5
1284.7   72.8  1387.9  296.8
1369.4   62.7  1527.9  302.3
1363.3   38.7  1529.1  279.7
1368.1   39.2  1536.0  279.5
1413.4   70.7  1602.0  323.1
1470.0   29.9  1713.2  282.8
1413.9   58.1  1605.6  307.0
1421.4   54.0  1617.2  300.8
1519.2   29.1  1834.9  317.3
1524.9   55.1  1841.5  358.4
 487.0    5.5    94.7  265.8
 471.5   23.1    84.7  284.8
 569.7   22.6   241.8  288.2
 568.1   16.5   237.2  279.6
 626.3    0.3   382.7  214.0
 628.0    4.6   385.8  220.3
 655.8   16.3   434.0  233.9
 698.7   15.3   498.1  234.5
 704.7   15.5   508.7  233.5
1360.2   14.8  1527.5  246.4
1464.1   18.0  1692.1  253.3
1457.9  -10.9  1689.3  214.0
1177.9  630.2  1200.8  871.4
 716.0  522.3   603.7  812.1
 752.1  471.4   664.5  710.8
1014.2  410.2   998.6  621.1
 761.8  141.4   612.7  399.7
1341.6  143.9  1479.7  415.0
1353.9  149.7  1499.1  425.0
1128.0  108.0  1155.1  338.0
 787.9  784.5   722.5 1053.4
 907.4  770.0   874.4  996.2
 916.2  769.3   885.1  993.8
 968.8  710.5   948.0  919.2
1039.7  729.7  1032.0  939.3
 970.4  647.5   948.7  859.4
 981.0  662.3   961.6  873.9
1025.1  632.0  1014.0  845.2
 847.7  566.3   797.4  781.9
1041.1  580.9  1032.9  802.1
1104.1  575.8  1109.8  795.2
 786.5  533.2   719.4  752.9
 864.4  469.6   813.9  681.6
 869.9  478.1   821.2  689.4
 944.3  474.9   913.1  685.8
 950.7  470.8   920.8  682.9
 886.5  404.4   838.3  614.0
 993.7  389.2   972.9  594.9
 741.1  277.2   582.5  598.9
 826.9  222.2   720.0  493.6
1332.5  247.3  1478.2  595.9
 849.6  160.3   744.5  424.8
1342.1  156.4  1479.4  431.7
1357.4  171.3  1498.4  447.1
1377.6  207.8  1542.9  526.4
1356.5  196.7  1508.0  504.6
1223.4  107.3  1295.0  340.7
 702.3   71.2   513.8  308.4
 716.7   71.1   535.1  308.8
1324.5  671.8  1408.0 1026.2
1199.9  725.1  1232.1 1019.1
 901.7  773.6   867.5 1001.8
1036.9  721.6  1028.6  931.1
 993.4  672.4   976.5  884.9
1263.6  668.1  1317.7  975.6
 822.2  613.6   769.7  825.6
 966.2  633.7   943.4  846.2
 824.5  584.5   769.0  804.4
1082.4  574.6  1083.2  793.5
 561.8  358.0   278.1  770.7
1012.4  469.9   997.2  681.8
 866.7  160.1   768.5  428.4
 764.4  273.2   625.5  575.4
 610.4  214.2   357.3  544.2
1010.7  175.3   982.8  450.8
 807.3  805.0   748.0 1070.8
 877.6  819.7   836.5 1070.2
 929.3  804.2   899.9 1041.9
1055.7  804.7  1050.8 1043.5
 982.8  772.3   964.5  992.8
1027.2  795.7  1016.9 1027.8
1067.7  772.3  1065.1  999.6
 771.9  725.2   692.6 1019.7
1199.4  714.9  1231.2 1004.8
1000.3  664.2   984.7  876.2
1051.4  645.4  1045.7  859.3
1039.2  644.6  1031.1  858.6
1269.6  635.7  1327.2  942.3
 767.1  589.7   685.4  854.0
1036.4  627.3  1027.6  842.0
 816.4  573.4   758.9  792.1
1031.8  576.9  1021.5  797.9
1125.1  576.9  1135.3  796.4
1214.3  548.9  1246.0  774.4
1481.5  534.0  1614.4  839.5
 737.4  488.2   627.8  778.5
 786.0  517.7   718.4  735.1
1227.5  510.1  1264.3  737.6
1310.5  515.6  1389.2  819.4
 749.7  499.1   657.3  756.6
1196.6  471.0  1225.1  684.3
1274.9  450.0  1338.4  719.8
 627.6  410.9   439.6  750.3
 904.3  449.4   863.2  657.1
1180.5  444.8  1206.0  657.2
1281.8  433.3  1348.7  702.5
1472.4  354.5  1665.3  711.0
1460.8  351.4  1727.8  845.5
 736.3  400.3   630.9  652.2
 859.4  409.2   807.0  610.0
 859.7  395.0   805.6  598.8
1042.9  415.5  1034.6  624.9
1313.4  298.5  1435.8  641.8
1448.6  272.6  1689.0  685.2
1285.2  280.5  1388.6  601.3
1340.0  252.0  1490.4  604.5
1490.4  260.7  1769.2  683.2
 613.8  242.7   367.4  581.8
1119.2  227.0  1141.9  507.9
1535.0  200.8  1834.5  574.8
 606.8  177.7   351.5  488.3
 651.1  190.6   428.7  497.4
 803.0  188.8   676.3  465.0
1081.2  187.2  1087.3  464.2
1263.6  209.9  1356.4  496.7
1534.7  186.4  1833.3  550.4
 531.8  151.5   209.2  471.8
 839.3  167.0   729.9  433.0
 847.6  181.3   742.4  453.7
1031.1  174.5  1013.0  450.2
 773.6  122.5   627.7  376.1
 863.4  145.4   763.5  406.8
 625.3   86.3   395.0  332.8
 713.5   76.0   531.1  315.2
 764.1  103.2   611.7  350.3
 997.3   95.7   968.8  291.9
1277.5   76.7  1376.2  300.6
1415.3   78.4  1603.8  333.5
1498.6   75.6  1799.8  395.4
 620.5   49.5   384.8  279.8
 687.3   61.9   487.8  297.8
 674.8   54.6   468.3  287.2
 874.3   69.9   801.4  246.9
1107.0   66.7  1119.8  236.3
1308.9   52.1  1422.6  264.9
1467.1   23.9  1697.6  263.3
 661.5   14.9   434.1  239.7
 878.7   41.1   809.7  202.6
1470.6   14.6  1704.2  249.5
1483.6   -5.3  1734.4  226.5
 925.2  801.3   894.9 1038.9
 771.3  731.8   691.5 1029.1
1063.4  746.6  1059.9  955.1
1063.1  744.8  1059.6  960.7
1200.6  681.9  1231.7  955.7
 869.1  567.9   823.5  783.9
 753.8  486.6   654.5  763.0
1177.6  272.7  1227.1  576.1
1071.6  262.1  1072.7  552.5
1145.2  227.6  1179.8  509.6
1520.8  193.5  1813.3  565.3
 829.7   68.7   731.4  260.8
 570.9    5.6   246.1  258.5
1453.5  -11.0  1680.5  212.4
1173.8  734.8  1193.7  978.7
1117.7  729.6  1124.6  949.9
 941.9  659.2   914.9  870.2
1465.2  601.6  1583.6  907.0
 549.7  408.2   286.1  808.7
 872.5  540.5   827.5  751.2
 874.0  547.1   830.0  756.2
1064.4  553.6  1061.3  769.2
1036.3  554.8  1027.0  771.1
1214.9  529.0  1247.6  754.6
 871.5  512.1   824.6  724.8
 988.8  496.2   968.4  708.5
1030.1  482.0  1019.0  694.9
1042.5  495.8  1034.5  708.5
 964.0  474.0   937.3  685.5
1083.4  468.7  1084.9  680.7
1313.8  306.2  1436.1  652.8
 963.7  412.6   935.8  620.3
 953.6  411.2   923.1  619.2
1006.2  405.7   988.6  615.2
1014.6  382.6   999.0  588.6
1116.6  243.6  1137.7  526.8
 605.8  193.6   350.7  511.8
 994.2  217.0   959.7  499.5
1027.2  165.2  1007.0  438.9
1196.9  175.0  1259.4  450.9
1330.5  152.0  1461.2  423.8
 635.8  103.0   415.2  353.3
 729.7  100.0   558.7  347.1
 470.5   34.5    77.8  306.8
 717.6   95.1   541.7  338.3
 781.4   86.5   641.6  319.2
 564.7   24.5   235.3  290.0
1335.1    2.7  1469.2  203.2
 895.0  767.1   859.7  992.5
1069.7  766.1  1067.5  991.6
 719.4  651.2   615.5  958.5
 888.1  715.4   852.8  923.9
1419.0  578.8  1547.8  940.3
1228.9  594.0  1273.0  879.7
1212.3  550.4  1243.6  776.5
1196.0  499.6  1224.3  718.9
 784.7  483.1   715.2  697.7
 864.2  474.2   814.3  684.0
1052.6  470.3  1046.9  684.2
1329.3  303.1  1461.8  653.9
1017.3  417.9  1002.5  629.5
1442.3  262.3  1657.5  634.2
1272.7  241.0  1373.7  553.3
 595.5  185.9   323.2  513.1
 714.7  190.9   525.4  499.5
1174.0  229.5  1221.5  511.2
 996.4  169.4   961.5  442.2
1044.4  176.3  1032.9  451.1
1222.5  172.7  1297.7  448.1
 539.8  117.9   216.4  423.4
 867.3  148.3   769.1  411.8
 985.1  159.5   944.5  428.3
1226.2  155.3  1304.9  427.9
1413.7   45.0  1606.4  288.2
 780.0   18.4   672.1  176.2
 815.8  640.8   763.9  850.3
 827.6  564.4   772.9  779.8
 880.7  570.1   837.5  787.5
 924.2  572.6   890.4  791.0
1401.5   89.6  1580.3  347.7
1059.3   67.9  1055.1  236.9
1155.7   41.6  1185.8  203.1
 896.2  730.0   861.7  945.3
 670.9  699.8   550.4 1027.2
1621.0  707.2  1814.9 1097.4
 629.5  420.2   444.2  760.0
 884.5  806.7   845.3 1051.4
 977.5  772.1   958.2  993.5
1040.6  699.0  1033.0  910.3
 991.9  664.9   974.7  876.8
1112.4  651.1  1118.8  866.3
1034.1  580.4  1024.4  803.3
1035.4  525.0  1025.8  740.7
1071.9  554.1  1070.5  770.0
1316.5  283.7  1443.6  627.6
1402.9  298.0  1581.0  662.3
 718.8   99.5   541.9  346.7
1165.2  114.0  1210.0  350.6
 405.4  652.1   183.3  998.5
 789.6  525.3   722.9  744.0
1538.1  211.1  1842.0  594.4
1507.5   73.0  1813.8  389.9
1090.7  777.2  1092.5 1008.6
 785.9  720.4   709.5 1016.5
 894.4  636.8   857.1  850.2
1035.6  675.3  1026.9  887.3
 947.2  464.1   916.4  675.0
1344.2   -5.6  1485.0  193.4
 272.8  673.5    94.1  913.3
 802.7  658.0   737.3  912.8
 903.1  672.0   869.8  877.6
1058.3  676.1  1053.9  888.7
1002.7  540.4   986.2  750.9
1089.3  554.6  1091.8  771.2
1122.2  557.3  1131.8  773.3
 875.7  507.3   829.7  719.0
 989.2  467.1   968.3  679.4
 626.2  130.7   402.9  392.5
 607.4   78.6   345.7  341.8
 610.4    0.4   349.2  221.0
 890.8  733.1   855.8  946.1
1349.4  156.2  1490.4  431.4
1477.7   -4.6  1726.0  228.4
 488.1   50.0   120.2  323.2
 859.5  786.7   815.3 1028.3
1101.0  804.9  1105.1 1051.7
 784.7  732.5   708.3 1030.4
 942.6  741.3   917.5  950.8
 953.6  774.4   929.8  997.9
1064.0  764.3  1060.6  985.9
 746.1  720.7   658.9 1017.8
1121.8  727.9  1129.5  948.9
 681.7  666.8   560.7  994.7
 888.9  662.6   852.0  872.5
 868.1  635.1   826.3  844.5
 976.8  643.4   956.3  855.7
1261.9  639.1  1316.0  941.1
 766.6  591.6   685.5  853.9
 824.7  561.1   769.8  774.2
 912.1  575.0   875.8  793.0
 997.0  552.4   979.2  766.4
1241.5  556.5  1285.7  814.9
1317.5  484.6  1406.1  802.9
 869.2  472.7   820.4  683.0
 771.4  429.3   694.0  644.3
 860.7  423.6   807.5  631.6
 775.1  354.1   694.5  561.1
1243.5  384.6  1296.1  630.0
 738.1  243.6   571.8  560.7
1115.0  250.2  1135.0  531.3
1234.2  246.0  1307.9  531.9
1241.4  248.6  1318.2  535.3
1087.5  189.0  1096.4  463.6
1510.5  176.1  1794.6  534.8
1528.5  187.9  1826.5  556.9
1523.9  190.4  1795.2  533.1
 675.0  135.5   484.0  390.3
 617.0  123.4   385.9  384.8
1020.1  153.5   996.4  423.6
1086.9  156.9  1096.1  425.5
1126.7  125.2  1151.1  349.1
 866.4   89.5   781.5  293.8
 860.6   98.6   765.7  323.5
1184.5   88.3  1231.3  288.7
1265.5   93.6  1357.9  323.8
1133.6   55.3  1156.3  223.7
1079.9   23.5  1083.1  178.3
 859.8  568.0   811.9  785.2
1242.9  599.0  1290.3  882.9
1426.2  196.5  1618.4  510.9
 633.7  439.7   453.8  780.8
1300.4  300.1  1414.0  638.0
 779.3  554.6   706.8  790.9
 546.3  352.9   290.7  712.8
 607.4  137.5   351.7  427.0
1338.2  110.7  1479.2  372.8
 484.4   23.0    99.6  288.8
 860.7  414.0   807.4  620.3
 942.5  382.7   908.7  587.1
1007.4  415.4   990.1  626.4
1324.5  286.4  1456.3  633.1
1019.2   78.8  1000.1  260.2
 555.1  239.5   216.7  646.3
 659.0   62.4   445.1  298.1
 956.9  108.8   906.4  336.9
