 861.2 1037.1   875.8  921.7
 874.9 1063.3   888.7  943.8
 829.2 1067.0   847.7  945.0
1044.5 1048.3  1041.8  928.2
1038.5 1062.0  1036.6  941.8
1109.8 1069.5  1100.8  942.0
1121.5 1083.5  1111.3  952.6
1095.2 1076.8  1087.8  949.6
1103.3 1068.2  1095.0  941.8
1133.6 1037.1  1121.8  912.8
 858.5 1012.1   873.0  900.4
 897.0  982.9   907.4  874.5
 936.4  995.8   943.3  886.6
1034.8  993.0  1032.4  881.1
1120.7  991.9  1109.8  873.3
 573.2 1085.0   639.6  892.7
 719.7  988.6   750.8  864.3
 759.2  930.9   783.8  820.7
 853.4  927.9   868.7  816.0
 827.1  926.6   845.0  814.8
 951.3  928.5   956.8  813.3
 903.0  943.1   913.2  830.7
1077.9  947.0  1070.6  830.1
1297.8 1060.0  1258.1  870.7
1310.8 1079.4  1268.6  883.5
1456.2  264.3  1357.5  154.6
 327.7  877.0   479.3  630.2
 590.9 1034.6   653.3  852.6
 753.4  904.2   779.3  791.6
 847.5  919.0   863.5  806.5
 814.2  910.7   833.6  798.8
 960.7  915.7   965.3  798.7
 988.5  925.4   990.1  809.2
1115.1  925.4  1103.4  804.9
1195.4  922.5  1175.0  801.1
 769.9  854.5   796.3  735.2
 837.8  856.6   856.4  736.4
 978.0  873.8   980.8  749.4
1109.5  869.9  1097.0  745.0
1172.3  872.4  1152.5  746.3
1082.0  881.1  1072.8  753.8
1218.1  882.0  1192.9  752.9
1277.2  930.5  1242.2  777.0
1278.6  894.6  1243.1  746.5
1230.5  860.4  1203.8  735.0
1279.5  900.1  1243.9  751.3
1274.2  922.0  1239.4  769.6
1833.3 1021.9  1586.3  617.7
 677.0  890.5   720.2  747.6
1084.4  809.7  1073.9  686.9
1108.8  815.8  1095.3  690.1
1121.0  829.5  1106.4  704.6
1245.7  822.5  1214.9  691.1
1264.8  840.5  1231.9  707.1
1263.8  847.4  1231.2  713.8
 714.7  788.6   748.5  671.3
 697.3  801.5   734.4  679.2
 696.0  807.4   734.1  681.4
 799.1  759.7   823.1  642.4
 802.4  772.9   826.2  653.5
 945.3  782.8   951.4  662.3
 938.2  781.8   945.2  661.7
1060.5  802.5  1052.8  679.0
1102.5  790.1  1089.4  666.0
1104.9  780.5  1090.9  649.4
1244.9  800.5  1214.0  672.6
 731.8  742.8   764.0  627.9
 763.0  708.9   792.3  592.6
 968.9  745.6   972.1  624.1
1055.0  758.0  1047.3  634.7
1050.7  750.3  1043.5  627.6
1059.9  752.1  1051.5  628.9
1112.0  729.1  1096.5  605.1
1112.8  738.1  1097.4  613.9
1186.8  735.0  1161.7  610.4
1243.9  728.4  1210.5  600.4
1200.7  731.2  1173.6  606.2
1195.2  742.4  1169.1  617.2
1460.6  914.5  1378.9  697.2
 198.6  924.2   378.1  669.1
 591.2  772.5   658.6  610.6
 855.5  703.2   873.1  585.9
 792.1  702.4   818.5  583.1
 901.7  691.7   913.5  572.9
 885.6  695.1   899.5  576.7
 545.3  703.6   652.0  484.5
 468.8  734.2   605.8  485.0
1445.8  773.9  1339.5  514.3
  25.5  860.3   338.8  505.6
1344.7  651.9  1266.0  435.9
1329.5  650.2  1254.6  435.6
1245.8  644.7  1190.4  432.1
1580.2  759.1  1423.9  469.2
1795.0  813.8  1571.8  495.2
1801.4  794.6  1576.2  481.7
1706.8  739.5  1515.5  454.6
 169.1  683.4   409.5  415.5
 209.9  697.2   429.6  436.6
 378.6  594.4   542.2  374.4
 612.0  590.9   706.2  389.4
 997.2  574.2   999.6  365.9
1317.3  582.7  1240.1  369.7
1329.9  612.1  1250.3  393.0
1748.7  679.7  1548.0  415.3
1810.7  657.5  1581.0  383.9
 559.9  551.2   666.4  359.3
 447.1  509.7   585.1  321.9
 518.6  514.7   638.4  325.9
 446.1  503.1   585.0  315.8
 685.2  541.9   763.4  347.1
 596.5  522.3   696.5  332.5
 604.9  516.1   703.4  326.6
 550.0  499.6   663.0  312.5
 958.5  561.4   970.5  355.1
1283.4  566.6  1213.7  355.0
1476.6  560.2  1356.7  346.4
1614.9  550.3  1456.4  333.2
1553.2  565.2  1413.9  349.7
1690.9  533.8  1511.2  319.0
 461.8  481.6   597.4  298.6
 453.9  486.8   590.7  303.5
1692.4  507.8  1509.9  297.3
 369.6  403.8   537.0  230.7
 364.4  381.7   534.3  213.2
 402.4  423.9   559.2  247.7
1191.4  257.3  1151.1  161.7
1456.5  389.1  1344.5  227.6
1644.7  403.8  1463.7  209.5
1721.0  453.3  1522.8  248.7
  37.5  423.6   351.1  202.6
 253.8  314.6   460.5  158.3
 319.0  335.4   503.6  177.0
1637.5  367.1  1454.9  179.5
1841.3  334.3  1591.6  148.5
1087.9 1082.6  1081.3  955.1
 807.6 1049.8   828.3  928.4
1030.0 1013.4  1028.3  900.5
 623.4 1027.9   680.3  849.4
1296.5 1041.5  1256.9  856.1
1196.4  936.3  1175.7  811.2
1213.4  955.8  1189.0  813.2
 741.6  891.6   772.2  765.8
1100.0  805.8  1087.4  680.4
1526.9  970.6  1424.4  717.9
 432.6  854.8   547.0  639.9
 901.2  749.0   912.7  629.9
 721.3  694.3   756.2  579.3
 902.3  697.2   914.0  578.6
 997.6  694.8   996.9  571.9
 906.0  656.8   929.0  449.8
1344.8  667.3  1268.4  454.6
1390.2  706.3  1302.6  480.5
 439.4  501.5   579.2  315.7
 530.1  505.6   647.8  317.7
 561.4  499.2   671.7  312.0
 541.8  518.7   655.8  328.9
1478.8  540.2  1357.0  329.2
1564.7  549.4  1420.9  335.5
1861.9  579.1  1606.5  316.9
 986.8  344.1   987.1  226.6
 996.9  192.5   992.9  115.2
1082.0 1080.1  1076.0  953.9
 908.5  771.0   919.2  651.0
1178.2  442.0  1136.2  276.1
 864.7 1067.6   879.7  946.7
 943.3  984.5   949.5  874.3
 192.9  861.2   293.0  734.5
 943.9  927.5   950.2  812.7
1143.1  947.1  1129.0  828.4
1013.3  914.6  1012.3  797.5
 782.0  852.5   806.8  733.9
1115.9  869.5  1102.7  744.3
1258.8  827.4  1226.4  695.2
 806.6  760.2   829.8  641.8
 905.4  757.0   916.4  637.8
 913.6  754.9   923.8  634.4
1007.7  577.6  1007.5  366.9
 697.2  547.2   772.3  351.5
1563.5  567.8  1421.1  350.8
 419.4  418.9   571.1  244.6
 314.0 1018.8   414.4  845.1
1059.0  182.3  1043.4  105.2
 326.8  928.0   464.3  696.2
 857.3 1074.0   873.1  951.7
1028.4  997.1  1026.7  885.6
1659.8  305.9  1466.7  132.7
 743.9  939.1   771.1  823.4
 753.5  893.1   779.9  779.5
 751.4  876.4   780.0  755.4
 758.0  881.5   785.6  760.6
1087.5  867.5  1077.6  742.9
1089.7  902.2  1080.0  773.9
1228.3  796.9  1198.9  666.3
1850.9  383.5  1603.8  187.1
 891.0  365.9   911.6  240.3
 960.2 1062.3   965.7  944.7
1066.5 1072.9  1061.9  948.6
 741.1 1059.6   770.2  929.6
1046.9  929.0  1042.5  811.4
1031.4  928.2  1028.6  810.7
1027.8  912.3  1025.2  793.7
1262.9  853.5  1230.8  720.4
 738.5  796.5   769.2  679.1
1209.2  815.6  1183.7  691.0
1509.0  814.1  1384.5  536.8
 617.5  592.7   711.7  387.9
1098.7  595.2  1076.3  385.1
 277.2  448.2   467.3  266.0
 988.8  443.3   991.3  280.5
 386.6  408.4   549.2  234.4
 392.1  377.2   555.6  208.6
 387.5  355.4   553.4  191.4
1855.1  374.4  1606.4  180.5
1899.7  352.5  1629.0  157.9
 808.9 1062.9   829.8  939.3
 884.8 1075.7   897.8  955.1
 938.8 1078.3   946.6  957.1
1102.1 1076.2  1094.0  948.9
 747.1 1056.8   775.5  927.1
 802.3 1039.5   823.3  920.0
 751.2 1066.4   779.2  936.1
 860.7 1023.1   875.2  909.9
 859.4 1039.1   874.2  923.6
 830.6 1035.9   848.4  919.3
 836.5 1017.8   853.2  904.8
 293.1 1060.7   399.3  876.5
 586.3 1088.5   649.5  899.9
 731.7 1017.7   761.4  891.9
1301.0 1070.4  1260.6  878.1
 357.6  991.7   449.7  825.4
 645.0  996.1   696.5  828.7
 847.4  937.3   863.1  826.4
1071.6  956.9  1065.1  841.3
1213.3  971.0  1192.3  849.9
1750.5 1094.9  1621.2  848.8
 658.4  948.5   706.2  792.7
 809.8  854.8   831.6  735.7
1053.9  879.5  1047.9  753.0
 357.1  947.6   488.4  712.4
1226.6  804.6  1198.3  677.6
1829.0  918.7  1588.1  555.3
 364.7  914.8   501.4  672.7
 373.3  917.2   507.5  675.8
 891.3  772.0   903.6  655.6
 987.9  787.3   988.9  665.9
 741.7  704.2   773.4  589.8
1383.6  815.8  1320.6  635.9
1667.9  884.6  1498.3  577.3
  20.5  980.4   342.3  579.6
1777.9  848.8  1562.0  523.3
  26.8  857.2   343.0  499.6
 292.3  710.1   488.2  447.4
 571.8  679.3   673.3  463.4
 913.4  655.6   934.6  449.0
1177.6  640.8  1137.9  428.7
1498.9  698.7  1369.8  437.7
 216.3  658.5   433.7  408.8
 167.6  666.1   408.3  403.2
 446.1  654.9   595.8  413.1
 442.0  646.9   593.2  406.6
 794.7  614.5   843.3  414.9
1246.1  639.7  1190.3  426.8
1487.7  686.1  1362.6  431.5
1815.4  716.7  1585.2  426.2
1842.7  737.8  1597.7  431.5
 368.6  560.8   527.0  359.9
 466.9  556.5   600.4  356.5
 493.3  569.2   621.3  364.4
 964.9  566.5   975.3  360.2
 931.9  547.4   950.3  345.4
1007.4  557.6  1007.2  350.2
1297.2  578.3  1223.7  362.2
1235.5  578.0  1179.1  369.1
1484.8  562.5  1362.8  347.8
1604.4  551.0  1448.8  334.0
1582.5  555.0  1433.5  338.5
 449.4  513.2   586.3  325.1
 439.6  507.4   578.8  321.0
 465.2  472.5   598.9  293.1
1016.3  547.4  1013.8  338.8
1038.3  468.9  1029.5  295.1
1617.7  509.0  1454.8  298.1
  61.4  484.7   355.5  254.0
 220.7  490.7   441.7  281.4
 454.4  431.4   597.4  253.3
1486.1  446.4  1362.5  261.6
1668.9  484.5  1489.2  276.3
1711.2  462.4  1517.0  256.8
  26.5  427.3   344.3  204.7
 550.3  339.7   657.6  199.1
 544.9  335.2   654.7  194.1
 587.4  346.8   683.1  208.5
 995.1  343.4   993.7  226.2
1475.1  375.7  1359.4  218.9
1671.8  406.3  1481.7  209.4
1824.0  400.6  1586.3  200.6
1740.8  415.8  1532.8  217.5
 221.9  299.2   438.9  146.2
 333.1  344.1   512.8  184.2
 346.0  356.7   524.1  191.6
 414.5  339.6   575.2  177.4
 417.0  321.5   580.3  160.5
 418.8  340.8   581.3  174.9
 644.2  251.8   711.1  157.6
 805.9  217.8   838.9  133.3
 902.9  221.1   917.1  136.4
 955.5  232.3   960.0  144.6
1016.0  214.8  1008.7  134.2
1195.3  261.8  1154.5  166.1
1711.0  322.8  1501.8  143.0
1659.2  312.3  1468.8  139.6
1712.3  339.5  1505.3  157.0
1701.1  330.2  1495.7  149.0
1846.9  355.8  1598.5  165.8
 218.2  291.2   437.4  139.6
 411.9  293.2   576.6  140.2
 408.6  241.4   575.2  101.8
 398.4  287.1   567.8  135.0
 401.8  293.2   569.9  139.6
 812.8  200.5   844.8  118.1
 878.0  186.7   897.3  106.7
 973.4  171.1   973.4   98.7
 895.2  184.8   910.6  106.8
1026.3  187.3  1016.8  110.9
1053.2  189.1  1038.7  111.2
1287.0  170.8  1225.9   88.4
1434.5  176.8  1340.1   86.9
1598.9  276.3  1437.9  128.0
1601.7  254.0  1438.9  110.8
1741.6  303.1  1533.5  138.4
1843.8  279.6  1587.4  106.4
1845.0  281.5  1588.0  107.4
1837.4  252.3  1581.0   86.3
 961.5  134.0   963.8   66.3
1031.7  135.8  1020.7   66.8
1193.1  132.9  1149.1   55.7
1237.8  146.9  1185.2   67.3
1436.6  165.4  1340.9   77.1
 948.4 1074.8   955.2  954.7
 739.9 1036.1   769.1  907.6
 752.8 1059.2   780.4  930.0
 871.3 1040.7   885.0  924.9
 970.5 1065.2   975.0  946.7
 952.4 1069.3   958.7  951.3
1338.3 1075.7  1292.2  880.9
 473.2 1041.8   562.8  835.1
 578.1 1043.9   641.7  863.1
 777.2 1019.2   800.8  899.8
 799.4 1023.2   820.4  906.0
 857.9 1017.2   872.4  906.5
1301.5 1042.7  1260.6  854.0
1767.8 1102.5  1634.5  852.8
 194.6 1019.3   329.8  817.6
 478.1 1037.9   573.5  815.2
 484.2 1034.3   578.1  813.1
 636.9 1004.9   689.2  837.8
 908.2  937.3   917.9  824.1
 908.9  943.0   918.6  830.0
1124.3  946.1  1112.2  828.2
1289.3 1013.2  1251.1  835.5
1722.2  937.7  1633.7  789.2
 722.9  905.8   756.1  777.3
1224.8  912.3  1198.8  777.1
1273.5  912.0  1239.0  762.4
1422.4  973.3  1350.8  753.2
 479.9  935.5   576.8  724.7
 677.6  871.2   719.0  735.9
 740.8  849.8   770.6  730.7
 880.0  875.0   893.9  752.9
 135.8  826.9   393.1  509.5
 512.7  876.9   601.0  681.7
1063.4  833.4  1055.8  709.2
1265.1  834.2  1231.8  700.4
1271.1  831.2  1236.6  695.9
1370.5  866.1  1310.6  678.8
 316.0  874.8   470.7  627.6
 443.7  828.7   551.0  628.3
 592.8  807.0   660.4  639.0
 810.6  795.5   832.9  677.0
 768.1  775.3   795.1  660.4
 878.8  790.9   892.9  672.2
 911.2  784.5   921.3  666.1
 964.9  780.4   968.6  660.0
 934.8  766.3   942.2  645.9
1019.4  767.8  1016.4  645.8
1035.9  781.0  1030.9  659.5
1106.6  773.4  1092.7  649.8
1256.8  786.1  1225.6  666.3
1539.4  884.0  1406.8  585.9
 283.1  831.7   450.8  585.0
 585.6  762.5   653.9  602.1
 640.8  730.7   691.8  596.9
 713.5  754.6   747.3  640.9
 865.0  740.7   881.2  622.0
 959.7  747.7   964.0  626.7
 964.2  742.2   968.0  620.7
1090.5  753.8  1078.3  631.4
1817.4  920.7  1581.1  558.7
  43.3  853.8   357.2  493.6
 348.5  784.5   513.5  527.5
 477.9  780.9   609.4  527.0
 929.7  691.8   937.8  572.6
 915.9  690.8   925.9  571.5
1028.4  703.1  1023.6  580.9
1461.8  784.9  1352.6  524.6
1525.4  822.5  1395.6  540.0
1869.8  868.7  1612.1  514.4
 531.2  730.5   646.3  494.8
1474.7  171.6  1369.4   79.8
 556.4  680.9   662.4  462.9
 577.8  667.9   677.0  456.6
 761.8  648.5   817.1  445.1
 955.2  651.3   967.1  444.1
1120.1  652.5  1094.5  445.1
1211.1  655.4  1164.7  445.3
1425.9  687.7  1326.6  457.6
1628.1  685.5  1462.7  424.3
1807.0  700.1  1579.7  415.3
 240.9  629.7   447.6  392.6
 214.7  671.6   432.9  418.1
 408.1  657.7   569.2  413.4
 419.9  638.9   575.0  403.9
 580.4  627.6   678.5  425.9
 712.3  611.5   779.7  413.2
 701.3  610.8   771.4  412.5
 731.0  619.2   794.0  419.6
 729.1  612.0   792.7  413.5
 951.3  623.4   965.1  407.5
1035.0  639.3  1028.6  431.6
1356.9  647.9  1275.1  432.1
1481.2  679.9  1354.8  420.2
1602.6  673.6  1444.9  417.5
  62.5  603.7   346.8  345.6
 211.5  584.9   434.1  350.8
 208.3  625.0   429.2  383.0
 200.1  602.6   425.9  363.7
 695.1  586.1   769.9  384.0
 663.2  572.1   745.7  373.2
 702.2  586.8   775.7  383.2
1004.6  569.6  1005.1  360.8
 994.7  568.2   997.7  360.5
1193.1  598.4  1147.6  385.9
1301.4  583.6  1228.3  371.2
1379.7  581.9  1286.2  366.8
1393.3  573.5  1296.2  360.2
1454.3  566.3  1341.1  353.0
1567.4  570.0  1426.0  355.7
1841.1  645.0  1594.4  365.1
  25.5  537.0   325.8  294.7
 195.1  543.5   427.3  315.5
 251.8  517.5   453.3  312.4
 612.7  516.5   709.6  326.2
 545.6  510.0   659.0  321.7
 596.3  511.3   697.3  322.2
 702.3  547.3   776.2  351.5
 692.3  539.7   769.0  344.8
1410.4  554.5  1306.4  340.4
1537.8  560.8  1402.3  346.4
1869.7  578.7  1610.9  315.5
1801.0  551.5  1572.0  307.7
 186.3  475.9   420.7  267.3
 304.0  469.7   483.8  285.4
 342.1  452.5   509.2  275.6
 300.0  491.9   480.1  302.9
 474.7  462.1   609.7  280.0
 884.3  477.6   912.8  300.1
1145.6  472.3  1111.1  296.6
1280.5  479.2  1212.4  295.7
1368.8  473.2  1279.6  292.3
1684.7  498.0  1502.3  287.9
1878.4  523.3  1612.7  273.2
  51.2  468.5   361.2  232.5
  93.2  469.1   376.3  244.0
 206.0  441.5   431.6  245.5
 353.3  446.6   518.5  269.9
 379.8  431.3   540.0  256.4
 544.2  443.4   662.9  263.2
1420.8  448.7  1317.2  270.6
1417.0  442.9  1314.9  267.4
1602.7  448.9  1438.5  248.1
1764.5  453.7  1554.2  248.7
  68.5  434.3   370.0  211.4
 214.0  412.7   436.9  225.2
 898.7  365.8   917.7  240.1
 891.3  359.5   911.6  236.2
 904.7  364.7   922.6  238.7
 981.2  354.0   982.8  232.8
1256.8  356.8  1202.2  232.4
1341.7  345.2  1269.0  221.3
1660.9  398.2  1474.0  203.8
1669.9  418.6  1481.2  219.1
  89.1  320.1   372.0  142.0
 229.0  342.5   445.7  176.2
 250.6  326.1   456.9  167.9
 334.2  335.3   515.2  176.3
 418.9  330.1   580.7  167.8
 532.9  345.1   647.9  198.6
 645.9  298.8   714.2  193.0
1293.4  305.9  1232.3  195.8
1648.2  356.8  1462.0  171.7
1585.4  328.8  1425.8  162.9
 407.0  284.0   574.5  132.1
1419.1  254.5  1330.3  150.6
1554.2  298.0  1410.1  149.8
1588.4  268.5  1431.3  123.6
1716.6  320.3  1504.7  140.2
1795.7  299.3  1555.9  121.6
1841.2  269.8  1585.6   99.7
 179.1  253.7   417.8  106.9
 202.5  214.3   433.1   79.7
 127.6  250.3   393.5   96.8
 225.8  206.7   450.0   73.9
 304.0  205.1   507.7   70.7
 359.8  253.9   542.6  109.0
 462.5  219.9   601.3   98.2
 465.4  198.4   602.3   83.3
 898.9  196.6   914.1  115.0
1019.8  201.7  1011.5  126.4
1019.6  208.7  1011.6  128.5
1798.3  262.8  1553.8   93.6
 142.2  188.7   400.4   55.8
 281.3  174.0   493.6   47.4
 272.4  155.2   487.2   34.3
 257.5  152.6   479.6   30.8
 306.6  195.9   510.8   63.2
 701.9  130.4   756.0   60.7
 802.5  154.0   836.7   79.6
 900.0  150.2   913.7   80.6
 960.4  129.3   962.7   62.9
 999.6  129.2   994.7   61.3
 980.6  142.0   979.3   72.1
 992.7  136.7   989.1   68.3
1055.4  126.9  1039.9   58.8
1025.0  140.1  1015.3   71.8
1057.0  136.2  1041.3   69.1
1115.8  145.8  1089.2   74.8
1223.6  133.6  1172.7   54.1
1396.6  155.2  1309.9   70.3
1474.3  177.3  1368.9   83.9
1475.7  136.6  1369.1   51.7
1487.9  130.4  1378.5   46.8
1853.9  187.5  1578.2   33.0
 263.0  147.5   483.6   27.0
 245.7  130.5   473.5   14.1
 245.4  106.7   474.4   -3.1
 274.2  141.4   491.2   22.9
 286.6  146.1   501.2   25.3
 633.9  117.8   703.1   49.1
 579.1   95.6   662.6   28.7
 895.5   84.1   910.7   23.6
1027.4   93.4  1016.9   30.6
1016.8   93.7  1008.4   30.9
1202.8  125.0  1156.5   48.5
1198.0  102.1  1152.7   31.5
1189.8  115.9  1144.4   36.3
1181.1  107.7  1138.0   31.7
1209.4  103.2  1161.4   31.2
1225.0  118.0  1173.8   42.4
 911.4   68.5   922.7   12.8
1162.2   65.0  1125.5    7.6
1069.0 1064.3  1064.2  941.1
 720.5  979.0   756.4  834.5
1303.6  972.1  1263.3  801.8
1823.1  980.3  1715.3  813.6
1834.8  984.1  1723.0  812.7
  67.8 1023.5   367.4  618.8
 799.3  754.1   823.3  636.9
1729.0  766.4  1529.5  470.1
 206.6  686.0   427.8  427.6
1007.3  175.1  1001.2  101.4
1808.4  493.5  1579.9  270.2
 853.3  418.8   885.8  267.6
1047.8  429.7  1036.5  276.3
1298.3  437.1  1227.2  269.6
 423.3  319.5   585.5  158.4
 660.8  295.0   726.5  189.1
1572.8  268.2  1422.1  126.0
 410.6  164.7   575.8   47.2
1170.6   96.7  1132.0   30.9
1447.4   95.1  1347.9   21.1
1284.8  937.4  1249.1  784.5
 747.9  916.0   773.9  805.4
 840.5  910.4   857.6  795.7
 958.7  922.8   963.4  807.2
1698.2  742.2  1508.2  454.8
 430.6  663.9   587.0  415.7
 599.7  819.2   665.2  652.3
 665.9  859.6   708.7  726.0
 755.7  850.1   783.6  732.0
 824.7  859.1   844.9  738.7
 881.3  863.5   895.1  741.7
 853.5  861.5   870.5  739.8
 824.0  871.6   844.4  749.3
 996.4  876.4   997.1  750.6
 967.8  874.4   971.8  749.3
 967.3  864.6   971.3  740.5
1025.2  878.0  1022.6  751.9
1050.2  873.5  1044.7  747.8
1138.8  884.2  1123.0  755.9
1103.3  868.1  1091.6  743.7
1200.0  874.1  1177.0  747.4
1429.1  741.3  1329.9  498.9
1481.6  679.3  1357.7  425.6
 827.0  798.8   847.4  679.3
 605.3  590.2   700.5  390.3
 659.3  545.5   743.6  350.6
1288.5  566.6  1217.4  354.7
1442.3  572.5  1332.6  358.6
1441.1  566.2  1331.3  353.2
1472.1  552.2  1353.0  339.8
1484.4  556.2  1362.5  343.4
 307.1  494.4   485.5  304.5
 524.6  521.0   642.7  331.1
1259.3  486.8  1196.8  302.9
1457.0  548.7  1341.6  336.9
 444.5  461.9   587.7  279.3
1608.8  501.5  1447.9  292.3
1647.5  502.8  1474.8  291.0
1692.1  479.6  1505.2  271.6
1019.8  788.8  1016.9  667.8
 362.6  381.0   534.4  211.2
 897.8  359.3   916.8  236.0
1620.4  292.4  1448.3  133.6
1181.1  319.1  1142.7  208.1
1062.1  300.3  1047.1  199.1
1140.9  301.8  1111.0  199.8
 887.0  204.3   904.4  122.0
 873.4  180.3   893.5  101.7
 847.1  121.1   873.2   50.7
 898.0  138.8   911.9   71.5
 930.3  129.9   938.3   63.4
1430.0  134.6  1335.1   52.7
 359.5  908.8   498.8  665.0
1074.1  842.9  1065.4  720.3
1773.8  725.5  1562.0  441.6
1029.9  774.4  1025.6  648.4
  20.8  644.6   316.6  375.6
1553.6  288.1  1409.8  142.8
 844.8 1073.5   861.9  951.4
1095.5 1084.0  1088.1  956.2
 840.1  933.3   856.6  822.1
 846.5  918.5   863.0  803.4
1034.9  876.0  1031.2  751.0
 801.5  802.0   824.8  683.0
1144.3  841.9  1126.9  713.8
1151.3  805.2  1131.9  675.0
1573.2 1015.1  1455.2  736.7
 605.7  848.7   674.4  665.9
 634.8  726.6   686.1  594.9
 629.3  703.9   685.9  563.5
1442.2  757.0  1338.2  505.8
 521.3  452.2   644.9  271.4
 182.3  397.1   420.1  209.0
 389.3  328.6   555.7  170.7
 222.0  237.9   442.2   99.7
1026.8  955.3  1024.8  840.4
 908.9  746.7   919.6  626.9
  52.8  252.0   359.4   87.6
1096.9  844.5  1085.5  721.2
 964.8  752.0   968.5  630.6
 298.8 1066.6   403.6  882.6
 376.7 1073.0   466.9  894.8
 368.3 1082.5   460.2  902.0
 572.7 1078.0   639.3  886.4
 676.5 1081.5   721.5  913.8
 683.1 1068.3   726.4  905.0
 746.5 1064.0   775.1  933.4
 815.6 1046.0   835.2  926.5
 954.1 1054.8   960.0  939.3
1315.2 1062.6  1271.8  867.5
1352.6 1088.6  1302.2  881.3
 366.1 1030.8   455.6  862.4
 638.6 1022.3   691.8  849.2
 695.7 1009.7   742.1  832.8
 783.0 1024.6   806.0  905.1
 785.7 1027.6   808.1  909.8
 845.7 1012.1   861.4  900.6
 855.3  993.3   869.5  886.5
1060.3 1031.7  1055.9  915.6
1133.5 1036.1  1121.8  913.1
 313.7 1000.4   415.2  827.2
 373.1  988.4   494.0  760.0
 366.8  995.6   456.6  830.7
 960.3  985.6   964.8  876.7
1136.9  998.0  1124.6  881.4
  38.2  952.4   353.2  561.9
 577.2  927.7   646.4  745.7
 841.3  937.5   857.5  827.4
 961.2  915.3   965.7  798.4
 950.5  914.6   956.1  797.8
1436.5  918.5  1360.5  704.4
1431.3  916.7  1356.4  703.7
1705.5  932.0  1530.8  619.8
 497.1  871.4   589.0  675.2
 679.5  881.4   720.8  744.8
 631.4  900.1   689.4  729.3
 809.5  868.7   831.4  747.9
 937.0  868.5   944.5  744.7
1052.6  867.4  1046.7  743.5
1006.7  874.9  1006.2  750.1
1006.5  868.4  1006.0  744.8
1200.7  879.9  1177.6  751.8
1528.1  879.1  1398.3  582.2
1534.2  880.0  1403.0  583.1
1566.3  901.7  1427.3  599.3
 435.1  853.7   551.7  633.7
 876.0  853.4   890.2  733.3
1145.8  848.5  1128.8  724.5
1144.9  832.9  1127.5  707.3
1184.4  840.4  1162.3  713.3
1378.1  848.1  1316.1  661.7
1578.3  855.1  1434.7  562.4
1584.6  835.5  1435.5  540.0
 320.7  796.0   490.4  539.9
 592.5  800.2   659.8  634.1
 592.2  788.3   659.6  623.9
 803.2  785.1   826.7  665.8
 835.4  801.0   854.8  681.2
 790.7  780.9   815.8  661.8
 967.2  786.5   970.7  665.6
1200.2  814.4  1175.8  690.0
1551.0  820.3  1411.6  531.5
 479.1  745.3   611.6  497.1
 618.4  772.9   698.1  566.0
 718.8  769.5   750.5  659.7
 703.7  772.8   739.4  655.1
 805.6  753.7   829.1  634.9
 948.3  760.8   954.1  639.7
1042.3  754.1  1036.2  631.5
1228.1  735.4  1197.3  608.9
1324.7  757.4  1278.1  614.7
1468.4  739.4  1345.3  461.4
 189.0  702.6   415.7  439.2
 203.1  728.5   425.7  458.3
 980.1  710.3   981.8  586.1
1082.1  706.2  1070.1  581.9
1089.7  702.4  1076.6  578.9
1084.7  701.1  1072.3  577.3
1192.2  734.5  1165.3  602.9
1587.2  724.1  1429.6  445.7
1789.7  703.6  1571.0  422.7
 205.5  687.8   428.5  427.1
1008.2  654.4  1008.0  446.0
1093.2  650.1  1073.7  443.5
1592.4  662.4  1440.1  414.3
1640.8  681.7  1471.7  421.0
1646.6  679.1  1477.1  421.0
 297.7  644.7   485.8  407.7
 321.4  629.0   500.5  399.6
 453.8  647.1   605.7  400.2
 684.0  622.0   757.5  422.7
 752.8  612.3   811.0  413.2
1072.4  642.2  1057.4  434.0
1105.8  644.8  1083.6  440.7
1273.0  642.2  1210.7  427.9
1272.1  647.3  1210.6  434.2
1351.3  644.2  1270.6  428.8
1323.5  643.0  1249.1  427.6
 199.8  581.0   425.5  348.2
 209.0  576.9   431.7  345.6
 401.8  587.7   559.0  369.7
 702.2  581.0   776.0  378.1
 896.9  581.2   923.9  373.8
 974.5  572.1   982.6  363.0
1072.1  562.1  1055.7  355.0
1099.0  573.0  1076.1  364.3
1179.8  579.4  1137.6  373.1
1387.3  576.8  1291.7  362.6
1315.4  565.5  1237.5  353.9
1375.2  569.1  1282.3  356.4
1536.4  588.3  1407.1  376.9
1576.4  567.6  1430.7  350.5
1591.1  561.4  1439.1  341.9
 551.7  556.8   663.8  357.0
 617.5  541.2   710.3  351.2
 756.4  555.5   816.8  358.7
1080.7  541.7  1061.9  337.9
1080.0  548.4  1061.4  343.9
 212.4  488.7   435.9  279.8
 422.3  486.7   567.7  302.8
 484.1  484.2   614.5  299.8
1283.4  510.5  1213.6  314.8
1805.3  485.9  1579.5  266.9
 -56.1  470.3   251.4  261.9
 534.3  448.4   655.3  267.4
 973.2  443.7   979.2  281.7
1353.1  437.1  1268.7  268.6
 187.0  399.2   422.1  211.6
1773.9  415.6  1556.2  216.8
1817.7  403.5  1583.0  203.7
 366.9  370.2   536.4  204.4
 341.3  361.8   518.2  197.9
 508.6  358.9   632.3  205.7
1890.0  355.4  1621.5  159.4
1060.3  302.3  1045.7  201.6
1071.4  316.8  1054.7  209.8
1735.3  322.0  1518.2  141.6
1831.3  316.8  1580.9  133.5
 177.0  272.1   415.3  120.8
 186.9  263.2   421.0  115.3
 222.7  256.0   442.5  112.8
1804.8  266.9  1557.7   95.9
 152.8  211.6   405.7   73.1
 136.7  244.2   397.8   93.8
 242.6  232.5   458.3   94.8
 298.2  224.8   499.5   87.7
 302.7  226.4   505.0   87.1
 409.8  245.5   573.8  106.8
 398.0  228.6   569.5   91.0
 478.4  236.5   613.3  110.2
1101.3  234.1  1078.1  144.5
1208.1  246.3  1164.0  151.1
 291.7  192.1   499.4   61.3
 453.7  184.5   597.5   69.6
 461.3  196.8   597.4   83.8
 974.5  197.4   974.3  121.7
 989.7  185.4   986.9  109.5
1468.6  164.6  1363.6   73.4
1448.7  167.3  1351.7   80.1
 259.3  123.2   483.9    8.4
 590.7  127.4   671.6   54.0
1423.7  154.9  1331.2   69.6
 673.4  115.6   734.1   47.7
 900.0   96.8   917.3   24.6
1050.2  120.3  1035.6   54.0
1231.6   97.5  1179.3   27.3
 972.6  564.5   981.1  357.6
  42.3  962.4   354.1  571.2
1227.8  924.7  1201.4  786.4
 632.0 1003.3   687.2  829.0
 797.3  856.6   820.6  736.6
1735.9  675.3  1539.8  413.9
 908.5  866.0   919.2  743.1
 372.4  928.8   506.4  685.9
1589.6 1026.3  1467.6  743.8
 682.1  871.6   723.0  736.2
1281.4  885.2  1245.2  737.3
1567.7  504.5  1418.6  296.0
1698.5  519.8  1515.2  306.8
 999.8  330.8   997.2  218.0
 648.3  139.3   714.2   66.8
1217.0  131.1  1167.8   53.3
1430.8  152.3  1334.9   65.3
 597.0   80.6   675.6   17.7
  12.8  879.9   333.4  515.4
1739.5  914.1  1548.7  593.7
 483.4  468.3   616.4  284.2
1047.7  468.4  1036.6  295.2
 336.0  408.2   511.6  234.9
1200.4  971.5  1180.2  845.8
1722.0  923.2  1545.3  617.4
 967.4  177.3   968.8  102.0
1045.3  581.6  1035.8  373.6
