1252.1  586.6  1321.4  873.2
 905.4  800.1   876.6 1050.6
 962.8  809.0   947.1 1058.4
 975.7  804.9   963.1 1051.4
 956.2  819.3   939.0 1072.5
 958.3  813.9   941.7 1064.3
1044.4  806.9  1047.0 1057.6
1068.0  818.7  1076.2 1077.3
1077.3  804.8  1087.6 1059.5
1114.9  800.5  1134.2 1061.4
 754.2  763.1   686.0 1024.9
 796.1  756.2   738.2 1016.3
 884.2  781.0   850.9 1024.4
 875.2  775.1   839.4 1020.2
 881.0  789.5   846.4 1038.9
 880.2  773.0   846.1 1014.3
 870.4  760.7   834.0  999.1
1014.1  773.0  1010.1 1006.7
1017.6  760.1  1014.2  992.8
1080.9  767.1  1091.6 1003.9
 694.7  647.6   555.9 1038.6
 761.1  722.3   688.5  996.6
 806.2  724.3   751.8  971.3
 879.4  736.7   845.1  968.8
 923.3  750.9   899.2  982.6
 943.8  756.3   924.4  987.1
1030.0  747.7  1029.3  974.9
1000.1  730.1   993.2  946.4
1028.2  738.0  1027.2  961.6
 688.4  640.9   551.9 1015.7
 919.4  687.8   896.0  891.3
 883.6  694.5   851.5  908.3
 875.3  697.4   841.0  914.9
 948.8  701.2   931.5  907.1
1029.0  696.4  1028.2  900.8
1052.8  705.6  1056.9  918.9
1030.7  700.9  1030.1  907.2
 997.4  719.6   989.9  933.6
1105.2  695.2  1120.9  912.5
1081.4  700.7  1091.7  915.8
1088.6  703.6  1100.5  920.5
 910.8  660.6   886.3  853.3
 921.2  676.1   898.5  873.9
 950.5  676.8   933.9  873.3
1038.9  677.3  1040.0  873.4
1034.2  679.7  1034.3  874.4
1097.8  675.4  1111.3  881.5
1079.3  676.6  1088.9  879.4
 709.2  592.7   610.7  865.2
 786.4  588.1   718.2  834.0
 914.7  614.8   890.6  800.8
 897.7  622.1   870.8  805.0
 964.4  638.0   950.9  821.4
 939.7  637.4   921.4  820.9
 955.9  645.2   940.8  828.6
1026.9  629.8  1025.5  814.5
1035.9  631.7  1036.4  816.1
1087.8  628.0  1098.7  813.8
1177.5  589.6  1215.9  831.6
1233.1  568.2  1294.6  841.2
 754.0  542.5   669.1  799.4
 888.6  565.3   857.8  748.5
 976.9  562.5   964.6  747.2
 969.5  569.5   955.7  754.2
1002.5  578.7   995.7  765.1
1104.9  583.0  1119.8  769.3
1112.0  567.2  1128.5  752.5
1068.3  591.7  1075.4  777.9
1233.0  557.9  1293.3  822.7
1201.0  539.5  1249.1  785.4
1223.7  552.6  1279.7  808.3
1207.8  544.6  1258.7  796.2
 749.2  507.2   661.8  755.7
 762.2  510.1   681.4  751.8
 766.4  512.8   686.5  756.4
 838.2  541.2   795.5  724.7
 905.3  551.7   877.4  735.6
 972.3  554.4   958.9  738.7
 977.3  545.7   964.8  730.7
 990.7  546.0   981.1  731.1
 966.8  558.2   952.2  743.1
1031.4  539.4  1030.6  725.7
1123.7  562.4  1142.7  747.2
1099.3  553.8  1113.4  740.8
1092.1  551.9  1104.7  738.9
1148.2  548.9  1173.1  735.6
1144.0  516.6  1169.6  709.9
 666.0  491.9   558.0  725.9
 786.4  481.7   714.7  708.7
 855.4  481.7   812.9  667.1
 901.7  483.0   870.0  668.6
 899.1  479.8   867.0  663.5
 997.3  493.0   988.3  681.5
1129.6  492.2  1151.8  679.8
1160.4  495.9  1190.1  685.9
 758.1  420.7   667.8  657.2
 875.1  436.0   835.9  616.0
 939.3  464.4   916.4  646.0
1069.2  439.8  1077.3  621.2
1085.4  439.8  1097.6  623.7
1175.7  437.2  1211.0  624.3
1188.2  455.8  1226.4  646.3
1376.1  409.0  1490.8  650.7
 821.4  424.3   768.4  604.0
 820.7  404.5   766.9  581.6
 812.0  425.5   755.4  610.2
 812.9  423.5   755.4  611.3
 856.5  417.5   812.4  594.6
 830.3  428.3   780.1  607.1
 883.7  416.5   845.3  597.7
 881.4  407.5   842.4  586.7
 920.8  434.1   892.5  615.1
 976.1  417.0   961.1  596.3
 994.8  434.3   984.6  614.7
 971.3  416.8   955.1  595.7
 977.7  405.2   962.9  583.3
 983.8  415.9   970.6  595.9
 965.3  420.7   947.7  599.5
1053.1  431.3  1057.2  613.0
1081.0  419.5  1092.1  600.3
1078.7  400.5  1089.4  579.8
1101.8  400.9  1118.5  582.2
1183.9  403.4  1221.3  582.6
1184.1  410.1  1221.7  591.5
 815.7  392.0   759.6  569.2
 857.9  354.7   811.1  527.0
 848.9  358.7   800.1  530.9
 965.7  375.9   947.2  551.9
1052.4  385.9  1056.4  563.5
1056.0  385.2  1061.0  562.8
1086.2  364.1  1099.2  540.1
1086.9  372.1  1100.0  548.8
1131.8  355.4  1157.2  532.1
1137.3  361.7  1163.8  537.2
 681.4  275.9   526.9  530.5
 775.5  323.7   689.7  530.8
 793.6  315.2   725.1  489.9
 963.0  335.6   943.1  507.2
 938.9  340.1   912.8  511.6
 934.6  329.3   906.8  500.5
1075.8  345.0  1086.2  519.1
1088.2  335.2  1102.1  509.8
1225.0  310.0  1281.1  493.7
1241.8  332.3  1310.1  545.7
 726.1  278.7   605.0  507.5
 845.5  281.5   792.1  444.5
 873.4  279.1   827.4  442.7
 873.3  289.8   827.8  454.2
 866.3  300.8   819.3  467.1
 954.6  303.7   931.9  469.7
 952.5  304.4   929.0  472.2
 956.0  289.8   934.2  448.3
1056.6  306.8  1061.8  472.4
 999.8  312.0   989.4  480.6
1143.1  291.4  1172.9  459.1
1249.8  295.0  1321.8  498.9
 500.0  145.3    11.8  564.7
 604.3  161.4   274.7  523.7
 958.6  267.0   937.1  421.2
 949.8  289.4   924.7  458.9
1162.5  257.9  1198.9  422.3
 780.4  159.1   654.9  387.7
1190.7  168.2  1257.3  377.5
 791.1  156.5   673.3  379.0
 865.1  139.7   788.3  338.5
 863.7  133.2   786.6  328.4
 867.8  133.3   792.0  329.7
 870.0  138.6   794.9  338.1
 875.7  132.5   803.1  329.3
1032.0  135.8  1028.8  337.7
1029.9  129.8  1025.7  330.3
1160.2  145.7  1214.6  349.7
1174.1  146.2  1234.9  351.0
1193.6  148.7  1262.8  353.5
1353.0  146.1  1522.9  392.7
1345.6  118.6  1517.8  359.5
1365.8  134.5  1547.3  381.4
 698.0   92.9   523.2  300.6
 694.1   90.9   515.7  299.6
 837.4  110.6   744.2  305.1
 815.5   88.5   710.0  277.1
 992.9  127.1   971.8  326.6
1004.2  125.6   987.9  328.5
1019.9   98.9  1010.8  291.1
1291.5  111.4  1419.6  325.1
1358.6  100.5  1531.1  321.9
1361.9   93.0  1536.7  310.9
1361.9   82.4  1558.2  321.4
 582.0   26.6   198.3  314.3
 645.1   65.7   414.3  287.9
 883.7   69.9   809.6  251.1
1229.6   83.8  1320.9  272.1
1233.4   78.7  1326.7  265.2
1329.9   58.1  1474.4  240.3
1364.7   73.9  1544.0  285.2
 768.1   35.8   637.5  203.0
 761.4   46.6   627.0  219.7
 866.1   43.0   783.3  211.8
1285.3   32.8  1410.2  206.5
1387.6   11.9  1595.9  204.4
1386.3   30.3  1595.9  236.1
1464.3   18.1  1723.2  217.8
 748.9   -3.9   602.3  151.2
 911.6   24.4   862.0  152.9
1048.7   24.9  1052.1  148.2
1180.1   15.1  1234.0  138.3
1400.7  -16.3  1626.3  167.3
 704.6  710.3   588.0 1071.2
 786.1  742.5   724.2 1005.0
 904.2  676.9   877.3  880.3
 717.7  591.6   619.8  869.7
 817.5  609.2   757.2  863.1
1289.4  534.6  1375.9  822.1
 781.3  518.5   706.6  761.1
 750.3  497.6   663.5  742.6
1078.8  550.7  1088.5  737.6
1073.1  553.8  1081.4  740.1
1146.7  513.9  1172.9  706.2
 729.4  303.2   612.9  535.1
 780.4  326.3   696.6  533.1
1012.0  333.3  1005.1  506.6
1158.9  305.0  1192.8  475.2
1180.6  266.5  1222.1  431.8
1210.6  178.1  1286.9  394.0
 876.3  138.5   804.6  336.2
 880.7  133.8   810.7  329.9
1009.3  104.0   995.2  298.8
 762.6   58.9   630.5  235.4
 819.7   56.3   714.4  232.2
 809.0   68.1   699.7  248.1
1286.5   74.7  1408.0  263.2
 832.9  788.6   785.8 1046.8
 798.0  791.2   742.9 1048.8
 822.4  789.9   772.9 1047.6
 878.9  795.9   843.7 1048.2
 983.8  777.9   973.2 1011.2
1067.3  796.3  1075.1 1044.6
 940.8  745.9   921.0  970.9
1019.9  749.8  1017.1  977.0
1080.6  769.2  1091.2 1008.3
1114.7  747.2  1133.3  986.3
1181.8  712.4  1220.3  978.1
 914.2  676.6   890.0  876.1
 939.6  648.6   921.3  834.7
 428.0  608.4   217.0  928.8
 969.7  625.4   957.0  809.0
 924.6  623.6   903.1  805.9
 711.6  563.7   609.3  839.6
 971.7  562.4   958.3  746.8
1007.6  566.0  1001.8  751.5
1112.5  576.4  1129.1  763.0
 992.8  550.5   983.6  736.2
1020.8  547.0  1017.8  731.7
1011.6  560.5  1006.6  746.3
1232.9  522.9  1293.7  779.0
1147.1  513.7  1173.6  708.0
1091.2  490.3  1104.3  677.5
 810.2  447.8   754.2  634.2
 989.7  434.4   978.3  613.7
1146.4  435.3  1173.5  616.6
1184.4  440.1  1221.9  628.2
 830.5  413.9   779.6  591.7
 872.7  431.0   832.8  610.5
 884.4  397.9   846.0  575.3
 950.0  395.3   928.1  572.0
 955.8  391.0   935.2  568.4
 978.2  428.9   964.0  607.9
1159.3  414.9  1190.2  595.4
 833.3  346.8   779.7  518.0
 913.9  366.4   882.1  539.7
 986.6  352.0   973.2  526.0
 995.7  347.7   984.6  522.7
 766.7  298.5   675.2  503.8
1213.5  317.4  1266.0  502.8
1176.8  332.8  1215.1  507.3
 786.9  285.5   708.8  470.1
1153.4  285.9  1186.3  453.2
1408.1  281.8  1650.4  671.0
 650.6  247.2   445.2  544.4
 520.0  177.5    51.8  624.1
1265.3  200.0  1375.8  448.5
 786.1  157.0   664.4  382.8
 796.1  153.7   680.6  375.0
 741.4   88.1   592.4  288.3
 872.0   95.5   793.9  285.4
1290.6   94.1  1410.3  285.7
1287.5  110.6  1412.6  322.1
 686.8   31.2   492.2  221.2
 687.7   39.2   497.3  229.8
 759.5   65.2   635.5  231.8
1012.7   67.0   999.7  249.2
1008.0   64.8   992.6  246.6
 583.0   22.2   199.2  306.9
 763.2    8.8   625.4  168.4
 774.8    8.7   642.6  168.5
1224.3   27.0  1308.8  180.4
1317.7   25.2  1460.5  196.7
 868.1  778.1   830.7 1024.0
 798.1  744.6   739.3 1007.4
1040.7  746.6  1042.4  973.8
1107.9  774.4  1124.6 1014.8
 709.9  704.7   590.7 1077.5
 783.3  727.2   720.4  987.0
 772.8  703.0   703.4  971.6
 948.4  711.0   931.0  919.1
1048.1  700.8  1051.2  911.2
 909.2  679.3   883.7  880.6
1031.3  636.2  1030.8  820.6
 707.5  599.0   609.7  870.2
 804.3  563.6   743.6  792.4
 831.5  566.4   787.5  755.0
 839.4  528.9   796.2  712.5
 832.1  530.2   784.2  727.2
 898.8  540.7   869.2  724.0
 968.0  548.8   953.6  733.1
 576.7  487.6   334.0  911.0
 842.6  497.6   797.3  686.3
 846.7  502.9   802.5  691.6
1071.9  489.2  1080.4  676.2
1046.1  406.9  1048.5  586.8
1242.5  409.4  1312.7  654.0
 823.7  389.5   770.0  564.4
1010.7  338.9  1003.5  512.3
1150.1  294.9  1181.8  463.4
1175.6  265.3  1215.1  428.4
 813.7  162.3   713.3  373.4
 691.3  119.3   509.2  345.8
1350.3  101.2  1515.9  319.8
 599.9   55.4   245.4  355.1
 804.3  817.4   750.2 1084.0
 880.2  804.4   844.8 1062.4
 967.7  809.2   953.1 1058.7
1183.5  813.2  1220.6 1089.0
 842.0  690.0   797.7  920.4
1105.2  688.4  1120.8  904.7
 534.1  270.8    31.7  857.5
 594.1  237.5   179.1  755.7
 899.1  550.0   869.8  734.1
 795.8  486.9   728.7  708.9
1198.9  424.4  1241.4  614.5
1234.8  353.7  1299.5  569.6
 693.1  296.6   547.8  553.0
 846.2  368.8   797.3  541.5
 845.5  275.7   791.9  437.5
1184.2  290.4  1224.4  453.0
1254.5  195.4  1358.7  439.0
1206.3  183.1  1280.2  399.9
1384.0  148.4  1590.4  423.0
 969.8  180.0   940.7  386.1
 955.0  170.5   917.6  384.5
1348.0  121.0  1509.0  345.2
 849.1  122.2   758.7  328.3
1235.2  118.8  1333.6  333.8
 891.3   71.6   820.9  253.4
1271.5   55.6  1386.8  236.5
 765.9    0.2   627.5  157.8
 766.1   -7.7   627.5  146.2
 970.3  723.6   957.2  938.5
1191.3  676.7  1230.5  921.6
 868.2  697.2   833.5  908.1
 967.1  687.7   953.8  887.1
 600.3  573.1   469.5  838.8
 892.8  647.5   864.7  837.1
1055.0  656.4  1059.2  846.6
1061.4  596.0  1067.0  781.5
1295.3  472.0  1391.2  761.2
 822.4  461.2   771.8  643.0
 903.0  462.2   871.8  641.9
 687.4  305.6   540.3  564.8
1004.5  420.2   996.6  599.9
1089.2  407.9  1102.6  589.0
 877.7  386.0   837.7  559.9
1149.7  331.9  1180.4  504.9
1350.7  147.0  1518.2  392.3
1355.7  165.4  1527.0  422.5
1180.2  147.9  1243.3  352.1
1238.9  124.2  1338.8  340.9
 817.1   97.7   712.9  289.5
 940.2  103.5   893.7  297.4
1003.1   94.5   985.9  285.6
1294.5   43.0  1423.0  220.3
 788.2  618.3   718.5  880.2
 885.3  430.2   848.3  610.3
 996.8  132.7   977.5  334.6
 756.5  531.9   671.6  787.6
 896.7  630.1   869.7  813.7
 794.7  505.5   727.0  733.5
 879.4  394.7   839.8  570.8
1076.4  796.8  1086.3 1047.7
1015.3  584.2  1011.3  769.4
 892.7  484.8   859.0  670.8
1009.9  493.0  1003.8  682.6
 990.5  491.9   979.8  681.1
 833.4  112.1   738.9  306.2
 709.5   46.7   547.4  223.0
1305.4   37.3  1440.7  213.3
1328.7   14.7  1478.2  182.0
 894.0  705.1   864.3  920.8
 809.2  400.8   750.6  582.8
 954.7  295.1   932.5  455.0
1136.1   49.6  1180.3  213.6
1072.8  786.3  1081.7 1031.7
 980.4  749.2   969.3  972.0
 939.5  753.1   919.2  983.4
1137.6  708.0  1162.1  947.1
1073.0  685.2  1081.2  889.7
 813.0  440.5   757.6  625.9
1067.0  432.8  1074.5  612.9
1080.0  429.7  1090.8  610.4
 933.5  351.4   906.3  523.9
1085.1  334.2  1098.0  506.6
 729.5  297.9   612.2  529.3
 957.9  259.9   936.2  412.9
 951.5  272.0   928.2  427.3
 800.5  182.8   690.5  410.8
1038.1   97.8  1037.6  290.2
1394.4    0.5  1616.1  194.8
1079.6  682.1  1089.2  885.7
 811.4  602.2   749.6  853.7
 903.7  551.1   875.2  736.5
 810.8  103.2   705.1  294.7
 753.0  771.4   680.9 1049.6
 899.1  645.6   872.5  833.5
1016.7  490.2  1012.3  677.5
1283.3   80.6  1402.0  269.9
 750.2  783.5   675.3 1072.5
1249.6  579.3  1318.6  865.4
1202.0  781.3  1246.0 1065.6
 810.2  613.4   748.4  866.7
1165.8  516.0  1197.7  716.3
 556.5   86.4    99.8  468.4
1008.2  760.9  1002.8  991.5
 777.7  694.1   718.4  926.2
 874.1  703.8   839.3  923.7
 984.5  727.4   974.3  944.2
 787.0  664.9   715.0  947.7
 953.8  641.5   938.4  824.6
1171.5  606.3  1208.9  856.6
1263.8  605.7  1336.5  896.7
1046.1  539.6  1048.6  725.7
 874.2  482.7   836.0  668.5
1209.7  491.1  1260.9  726.4
1007.5  396.3   999.8  580.7
1458.1  411.8  1606.3  664.2
 663.2  347.5   520.6  598.6
1045.9  348.2  1048.3  523.1
 700.5  309.8   558.9  570.7
1248.6  334.3  1318.6  546.4
 959.4  251.8   938.3  400.6
1037.3  144.8  1036.5  346.8
1031.9  143.8  1028.7  344.7
1146.7  145.3  1194.8  348.0
 860.1   38.4   774.6  204.4
1363.3   64.2  1540.5  268.6
1329.3   52.5  1474.2  232.9
1199.2   29.0  1278.6  197.4
 771.1  712.7   702.5  979.1
 399.8  571.8   172.2  889.0
1244.6  197.8  1342.4  439.0
 972.6  611.9   960.3  795.8
1196.3  461.8  1239.0  665.4
 877.4  337.9   834.9  508.5
1006.0  338.3   997.5  512.0
1262.6  183.8  1373.2  427.5
1186.5  805.2  1223.7 1074.3
 707.7  586.9   603.5  872.1
1365.6  219.5  1564.5  542.5
 580.5   15.1   190.5  296.9
