 836.3  864.9   826.2 1002.4
 866.4  560.3   856.8  674.0
 398.1  721.9   226.4 1049.7
 798.4  923.1   783.9 1071.9
1271.2  802.3  1314.2  981.2
 972.6  930.2   976.2 1073.2
1007.5   36.3  1007.2  121.2
1003.6  930.0  1010.3 1072.9
1077.5  939.7  1091.7 1084.7
 490.1  688.5   430.3  841.9
 841.9  906.6   832.3 1050.0
 833.0  896.2   822.2 1039.9
 893.7  920.3   889.4 1063.1
 839.3  880.2   829.6 1019.3
 917.8  925.0   916.0 1067.2
 922.0  912.3   920.6 1053.5
 931.9  914.8   931.5 1056.1
1018.1  913.4  1026.1 1053.1
 983.4  887.9   988.0 1021.4
1016.0  901.1  1023.7 1038.6
1128.2  917.4  1147.6 1064.2
1118.1  916.0  1136.3 1060.7
1105.3  920.4  1122.3 1066.0
1130.8  923.2  1150.5 1070.6
1222.1  906.8  1253.1 1063.8
 826.8  852.6   816.0  987.3
 847.7  850.7   839.1  983.6
 850.0  867.0   841.7 1001.9
 833.3  842.2   823.2  974.9
 837.8  856.4   828.0  991.5
 924.2  851.4   923.3  979.2
1016.9  845.2  1024.4  971.9
1018.8  851.2  1026.5  978.9
 980.3  875.7   984.6 1007.9
1089.7  844.4  1104.1  975.0
1064.4  875.6  1076.6 1009.9
1105.5  853.2  1121.7  987.0
1077.7  857.2  1091.1  989.8
1308.0  873.6  1358.1 1067.7
1346.5  878.8  1399.1 1060.7
1344.2  863.8  1396.1 1042.9
 790.0  765.8   775.2  892.8
 880.6  801.1   875.8  921.7
 892.5  820.3   888.7  943.8
 855.1  819.5   847.7  945.0
 926.4  820.0   925.8  942.6
1033.1  806.8  1041.8  928.2
1028.2  819.9  1036.6  941.8
1087.0  816.6  1100.8  942.0
1096.5  825.1  1111.3  952.6
1075.1  824.0  1087.8  949.6
1081.7  817.1  1095.0  941.8
1081.6  811.6  1094.9  935.8
1106.5  790.4  1121.8  912.8
1179.6  815.5  1206.8  976.5
1182.4  811.8  1209.8  971.4
1313.2  831.9  1361.7 1011.7
 627.4  775.5   581.2  949.2
 657.7  784.1   615.9  958.0
 721.7  783.4   692.5  941.8
 650.2  764.2   605.6  940.4
 723.0  767.2   694.3  922.2
 730.8  793.6   703.2  951.5
 664.8  786.9   623.6  962.0
 755.8  790.6   731.0  948.7
 878.0  782.4   873.0  900.4
 884.7  750.1   879.9  867.4
 898.3  767.9   895.1  883.7
 909.7  759.5   907.4  874.5
 942.6  771.4   943.3  886.6
 932.9  778.6   932.9  893.8
1014.3  763.9  1021.1  879.6
1024.8  765.5  1032.4  881.1
1084.5  762.8  1097.5  878.9
1101.3  775.0  1116.0  894.3
1095.7  755.1  1109.8  873.3
1214.4  766.2  1245.6  921.5
1219.8  795.8  1252.1  955.4
1194.5  764.7  1222.5  915.0
 682.0  743.5   644.3  908.5
 678.1  728.9   639.6  892.7
 768.1  738.3   750.8  864.3
 799.3  709.9   786.3  826.4
 875.1  699.9   868.7  816.0
 853.5  698.4   845.0  814.8
 859.0  704.9   851.1  821.7
 956.0  696.4   956.8  813.3
 915.8  714.6   913.2  830.7
 985.7  713.9   989.5  831.4
 980.0  730.6   983.4  846.8
1034.0  708.7  1042.1  825.8
1049.7  697.3  1059.2  814.8
1130.3  706.8  1147.5  824.1
1104.6  717.9  1119.3  834.7
1112.9  701.2  1128.3  817.6
1060.0  713.3  1070.6  830.1
1094.1  715.5  1107.9  832.7
1146.6  697.0  1165.5  814.6
1279.8  734.0  1322.2  898.7
1302.2  749.2  1350.2  925.0
1265.9  748.7  1306.3  914.4
1225.0  716.8  1258.1  870.7
1233.9  726.0  1268.6  883.5
 669.6  697.1   629.0  859.5
 698.6  682.6   663.7  837.0
 693.7  710.2   656.8  872.6
 671.3  687.2   631.5  846.7
 689.6  695.5   653.3  852.6
 793.9  674.4   779.3  791.6
 832.7  682.2   822.1  798.6
 870.5  690.1   863.5  806.5
 872.4  685.2   865.3  802.1
 964.0  681.2   965.3  798.7
 963.5  695.6   965.0  812.4
 986.5  692.3   990.1  809.2
1082.8  687.5  1095.4  805.1
1126.5  696.0  1143.2  812.2
1078.3  656.2  1090.6  775.5
1069.1  655.0  1080.4  774.4
1090.0  687.2  1103.4  804.9
1155.3  683.8  1175.0  801.1
1151.6  656.1  1171.5  777.8
1234.0  703.3  1268.6  858.4
1340.9  686.4  1399.0  869.5
1433.7  686.8  1496.1  842.0
 396.7  713.3   224.5 1039.0
 582.9  650.1   528.8  811.1
 720.3  646.0   689.2  791.9
 811.2  615.9   796.3  735.2
 747.5  602.1   723.3  730.2
 879.4  616.6   871.4  735.1
 865.9  617.2   856.4  736.4
 862.9  612.6   853.3  730.8
 978.8  629.2   980.8  749.4
 902.0  617.6   896.3  736.3
1084.3  626.2  1097.0  745.0
1134.6  627.4  1152.5  746.3
1062.2  633.1  1072.8  753.8
1129.2  628.0  1146.6  747.1
1212.2  637.5  1240.6  769.8
1212.0  631.6  1240.3  763.1
1171.0  632.9  1192.9  752.9
1213.5  644.0  1242.2  777.0
1214.6  617.1  1243.1  746.5
1181.2  617.4  1203.8  735.0
1215.3  621.4  1243.9  751.3
1470.4  651.8  1540.8  809.5
1448.9  661.6  1514.4  816.5
1476.8  655.4  1548.2  813.7
1490.3  633.6  1564.7  791.6
1477.4  637.2  1549.7  795.2
 482.8  595.8   416.4  747.5
 611.6  617.0   551.6  795.5
 745.7  614.4   720.2  747.6
 883.0  567.1   874.5  684.8
 846.5  581.1   834.9  697.5
 873.4  583.2   864.3  700.1
 896.4  584.9   889.7  701.7
 952.7  596.8   951.9  713.4
 936.7  595.7   934.1  713.4
 932.4  595.9   929.2  716.1
 945.0  595.9   943.2  714.1
 902.0  585.5   895.9  702.6
 918.5  594.7   914.1  712.1
 910.2  595.5   905.0  712.4
1063.6  570.3  1073.9  686.9
1082.8  572.0  1095.3  690.1
1092.8  586.8  1106.4  704.6
1190.5  571.6  1214.9  691.1
1205.7  586.3  1231.9  707.1
1205.2  592.8  1231.2  713.8
1203.4  572.1  1229.1  690.6
 554.7    9.0   448.7  122.3
 502.9  561.9   437.1  712.6
 559.5  541.5   486.5  717.2
 769.1  553.8   748.5  671.3
 767.7  531.9   746.6  648.4
 756.9  558.7   734.4  679.2
 757.2  558.9   734.1  681.4
 780.1  557.2   761.0  673.9
 837.1  526.6   823.1  642.4
 839.9  536.3   826.2  653.5
 952.9  545.9   951.4  662.3
 947.3  545.5   945.2  661.7
 954.6  533.1   953.1  649.1
 956.0  542.0   954.8  658.2
 962.0  545.3   961.4  662.1
1044.5  562.0  1052.8  679.0
1077.0  544.1  1088.7  660.0
1077.6  549.4  1089.4  666.0
1102.6  530.9  1117.2  648.2
1078.8  529.5  1090.9  649.4
1176.6  554.4  1199.1  671.0
1200.2  531.8  1225.3  647.2
1143.0  558.3  1161.8  674.5
1189.9  555.4  1214.0  672.6
 721.5  510.1   689.8  640.2
 668.4  525.3   621.2  679.5
 725.2  515.6   697.5  636.6
 761.0  519.3   738.6  636.2
 783.7  512.9   764.0  627.9
 810.3  478.1   792.3  592.6
 972.0  508.4   972.1  624.1
 939.8  502.0   936.3  617.6
 964.9  503.7   964.2  619.0
1039.8  518.6  1047.3  634.7
1036.3  512.0  1043.5  627.6
1043.6  513.2  1051.5  628.9
1084.1  489.9  1096.5  605.1
1084.9  498.5  1097.4  613.9
1083.7  478.4  1096.0  592.5
1142.7  495.7  1161.7  610.4
1143.3  504.6  1162.8  623.6
1186.3  484.7  1210.5  600.4
1153.4  491.5  1173.6  606.2
1149.4  502.2  1169.1  617.2
1278.2  511.2  1320.6  654.1
1325.3  538.8  1378.9  697.2
 554.5  455.5   470.8  633.1
 686.2  485.5   641.9  632.6
 698.7  471.5   658.6  610.6
 774.2  436.3   751.3  549.1
 790.2  467.7   770.2  580.5
 769.0  470.9   747.2  582.8
 892.4  473.6   883.3  587.9
 883.2  471.9   873.1  585.9
 834.5  467.4   818.5  583.1
 975.6  463.4   975.5  578.7
 919.9  459.0   913.5  572.9
 907.2  462.6   899.5  576.7
 901.6  451.5   893.0  565.8
 981.9  462.4   982.6  576.9
1070.4  459.4  1081.1  574.0
1083.5  468.0  1095.8  582.3
1063.8  443.0  1073.7  556.3
1086.7  459.7  1099.4  574.9
1197.4  434.8  1223.0  547.2
1196.6  442.7  1221.9  554.9
1254.9  440.6  1289.7  561.6
1249.8  454.8  1284.5  579.0
1280.4  484.2  1323.1  623.9
 623.4  440.8   561.3  598.3
 693.0  415.1   651.6  547.2
 694.3  397.0   649.3  534.9
 694.9  425.0   652.5  561.4
 690.2  426.3   648.6  559.6
 792.9  397.3   771.0  508.6
 826.7  406.6   808.9  518.3
 925.5  421.8   919.3  533.5
 922.7  423.9   916.1  536.7
1052.6  430.3  1061.2  543.6
1048.6  424.6  1056.6  535.3
1253.3  432.6  1288.2  553.6
 723.6  381.3   691.0  497.8
 930.3  376.2   924.6  481.7
 585.0  328.9   493.9  502.5
 675.8  317.5   605.8  485.0
1281.7  349.2  1339.5  514.3
 509.4  292.1   389.4  473.8
 480.3  303.7   338.8  505.6
 556.3  296.0   452.5  471.4
 692.1  310.7   627.1  473.5
 981.9  273.3   977.2  419.4
1195.9  288.7  1233.1  434.6
1223.3  289.5  1266.0  435.9
1206.2  288.3  1245.6  434.9
1213.8  289.6  1254.6  435.6
1160.1  286.2  1190.4  432.1
1196.2  283.2  1233.7  429.1
1278.0  313.7  1333.8  469.4
1240.3  283.3  1286.4  428.3
1345.4  298.7  1423.9  469.2
1461.8  315.9  1571.8  495.2
1465.6  305.1  1576.2  481.7
1419.8  287.6  1515.5  454.6
1585.5   70.6  1752.8  214.0
 411.8  239.0   269.1  408.8
 525.5  245.1   409.5  415.5
 538.0  266.9   429.6  436.6
 550.0  239.8   446.5  400.6
 544.7  264.6   437.8  433.8
 557.3  234.9   456.1  393.9
 625.5  222.7   542.2  374.4
 719.2  233.4   658.1  382.9
 756.3  244.6   706.2  389.4
 725.3  217.8   667.5  360.4
 965.0  265.1   956.9  410.8
1001.2  223.3   999.6  365.9
1000.8  231.1   999.3  373.8
1200.3  227.9  1240.1  369.7
1208.8  247.9  1250.3  393.0
1371.3  258.4  1452.7  414.7
1478.7  243.4  1594.5  409.1
1474.2  242.2  1586.1  403.8
1470.4  226.3  1581.0  383.9
 682.6  217.0   615.3  361.2
 723.2  219.0   666.4  359.3
 709.4  190.6   647.8  328.7
 657.5  184.2   585.1  321.9
 701.5  188.3   638.4  325.9
 657.9  178.6   585.0  315.8
 804.9  207.6   763.4  347.1
 749.4  194.7   696.5  332.5
 755.5  189.3   703.4  326.6
 780.7  208.1   734.4  347.8
 722.5  176.5   663.0  312.5
 806.5  212.4   765.5  352.4
 816.8  193.7   777.1  331.7
1001.8  210.9  1000.3  349.5
 977.2  213.5   970.5  355.1
1203.7  212.4  1244.5  352.6
1178.2  214.2  1213.7  355.0
1296.0  206.9  1356.7  346.4
1298.8  178.6  1361.1  314.7
1289.0  212.7  1348.2  352.9
1303.5  190.7  1366.4  328.2
1376.9  194.6  1456.4  333.2
1343.1  210.1  1413.9  349.7
1421.6  182.6  1511.2  319.0
1414.0  180.5  1501.9  316.5
1472.1  215.4  1582.4  369.8
1408.7  200.1  1494.5  338.7
1542.4  180.5  1684.6  341.8
1578.8  195.2  1730.8  359.7
1549.7  206.4  1692.7  372.9
 442.2  166.4   308.2  317.7
 603.7  145.4   519.0  277.2
 668.4  164.0   597.4  298.6
 662.6  168.5   590.7  303.5
 659.3  148.9   586.3  280.6
 649.9  164.0   574.6  299.3
1369.0  157.9  1448.2  291.6
1377.3  150.8  1458.5  283.4
1362.9  150.8  1440.9  283.5
1370.1  168.4  1449.0  303.5
1420.0  163.6  1509.9  297.3
1406.2  158.6  1493.7  292.3
1538.0  149.0  1681.0  304.4
1531.8  130.0  1677.7  285.0
1639.4  149.4  1812.6  305.8
 626.5   93.4   541.3  220.1
 622.4  102.8   537.0  230.7
 628.6   99.6   544.8  226.5
 620.8   87.7   534.3  213.2
 639.7  118.0   559.2  247.7
 818.4  106.6   787.7  208.1
1038.8  108.3  1043.8  205.1
1035.1   96.3  1039.3  190.3
1132.0   71.4  1151.1  161.7
1207.7   98.4  1239.9  194.8
1373.8   85.8  1457.5  209.4
1379.1   86.2  1463.7  209.5
1366.3   84.6  1448.2  208.1
1365.0   90.4  1446.9  215.4
1428.0  120.2  1522.8  248.7
1428.9  106.9  1524.9  233.7
1437.1  102.5  1534.8  228.2
1477.4   98.4  1585.6  224.0
1545.2   92.1  1694.6  236.7
1546.9  106.2  1696.1  254.0
1650.2  119.0  1830.9  270.8
1651.3  105.2  1830.8  252.2
 399.9   49.6   232.1  190.0
 491.7   61.8   351.1  202.6
 563.4   39.3   460.5  158.3
 565.4   44.0   463.1  163.9
 596.8   56.5   503.6  177.0
 604.0   60.8   512.8  181.7
 661.3   68.6   582.3  191.4
 643.9   55.9   560.3  176.6
 650.7   55.9   569.2  176.1
1370.9   60.1  1454.9  179.5
1367.1   67.3  1451.1  189.5
1484.6   64.3  1596.5  184.3
1478.7   33.3  1591.6  148.5
1594.3   75.5  1760.7  217.5
 732.6  905.3   708.8 1063.4
 709.7  901.0   681.6 1065.6
 913.4  899.5   911.2 1037.0
 853.3  873.3   845.9 1004.3
1083.1  882.0  1097.3 1019.2
 851.1  859.2   842.8  993.4
 924.8  846.2   923.9  973.4
1069.1  829.2  1081.3  955.1
 622.2  797.2   577.1  969.1
 632.1  793.9   586.4  970.4
 760.3  794.1   735.8  953.6
 837.5  803.4   828.3  928.4
1041.8  799.2  1051.2  918.8
1020.8  783.8  1028.3  900.5
1016.8  795.7  1024.0  913.0
1279.7  781.4  1323.2  955.2
1212.9  758.8  1244.2  915.3
 713.0  694.4   680.3  849.4
1224.2  704.5  1256.9  856.1
 719.4  666.3   688.2  814.8
 911.1  676.9   907.4  794.2
1074.5  685.9  1086.4  803.6
1067.8  688.6  1079.0  805.9
1077.0  652.7  1089.2  773.9
1155.8  691.7  1175.7  811.2
1221.4  674.9  1253.5  823.1
1166.6  684.1  1189.0  813.2
 789.6  641.8   772.2  765.8
1206.6  610.8  1232.9  733.7
 675.6  583.8   632.8  738.2
1075.7  562.7  1087.4  680.4
1100.1  562.7  1114.4  681.0
1185.3  597.5  1208.7  715.6
 545.7  526.2   469.1  701.7
 829.9  557.1   815.9  673.6
1030.9  537.2  1037.6  653.6
1272.2  526.7  1314.0  672.2
1359.8  544.7  1424.4  717.9
1318.4  557.4  1370.6  717.2
 611.5  475.5   547.0  639.9
 629.7  474.9   572.5  630.3
 773.4  518.0   753.2  631.5
 918.3  514.5   912.7  629.9
 543.2  429.4   452.1  610.6
 624.9  447.3   563.5  605.1
 630.0  468.0   571.1  626.0
 705.1  473.9   666.2  612.7
 778.0  465.2   756.2  579.3
 913.3  465.4   906.4  579.4
 920.2  464.7   914.0  578.6
 994.8  457.0   996.9  571.9
1057.1  433.5  1066.2  546.4
1050.6  466.9  1059.1  580.6
1352.3  456.8  1413.0  611.1
 727.8  395.9   695.7  514.2
 792.0  390.4   769.6  502.2
 973.1  426.7   972.4  539.3
1172.4  426.1  1195.2  539.0
1166.2  427.8  1188.3  540.6
1314.2  396.4  1382.2  578.5
1557.7  391.4  1722.4  629.6
 730.0  379.1   698.6  494.3
 941.0  302.1   929.0  449.8
1000.3  312.5   999.7  460.8
1226.0  308.5  1268.4  454.6
1253.9  328.6  1302.6  480.5
 657.0  285.4   577.8  455.1
 816.6  269.6   780.6  413.0
 986.5  238.1   982.1  382.3
1216.2  230.4  1259.0  371.8
1584.2  220.2  1736.3  389.5
 652.7  179.0   579.2  315.7
 659.0  179.0   587.1  315.3
 709.8  180.9   647.8  317.7
 729.7  176.0   671.7  312.0
 716.0  190.9   655.8  328.9
1295.9  191.8  1357.0  329.2
1348.4  197.4  1420.9  335.5
1361.9  203.9  1437.7  343.8
1545.6  168.9  1688.5  327.1
1558.4  186.9  1704.5  349.2
1168.3  132.6  1195.7  238.7
1369.7  145.7  1449.7  278.0
1536.3  148.0  1677.9  302.2
 765.2  118.4   718.9  234.5
 794.4  107.3   757.6  213.3
 990.0  123.3   987.1  226.6
1359.8  100.3  1438.0  224.1
1069.8   62.2  1079.1  150.1
1334.4   60.7  1401.5  169.7
1500.9   59.6  1620.3  181.5
 369.1   14.0   193.0  145.4
 995.0   31.9   992.9  115.2
1115.7  154.3  1136.2  276.1
1117.2  921.2  1135.4 1067.6
1278.5  788.9  1322.5  966.6
 618.1  420.1   553.9  576.4
 698.7  843.5   674.0  984.1
 948.5  758.8   949.5  874.3
 949.9  696.1   950.2  812.7
1089.4  625.3  1102.7  744.3
 755.7  582.5   733.7  703.5
1200.8  575.2  1226.4  695.2
 448.6  182.4   308.4  344.3
 727.9  492.8   698.1  617.6
 973.2  434.9   972.6  547.5
1166.1  404.6  1188.2  516.4
1607.8  194.1  1767.8  358.2
 655.0  178.8   588.1  307.0
1219.0  154.4  1260.2  276.8
 793.1  923.5   778.1 1072.3
 942.8  878.9   943.6 1010.3
 437.5  487.2   277.6  747.8
1276.5  824.0  1320.2 1004.8
1316.2  838.8  1364.0 1014.8
 900.3  911.4   896.9 1052.0
 923.8  862.9   922.9  992.0
 878.3  826.2   873.1  951.7
1019.4  770.1  1026.7  885.6
 786.2  703.6   771.1  823.4
1257.9  734.1  1296.3  894.0
 794.7  662.1   779.9  779.5
 945.4  682.4   945.1  799.2
 788.0  613.2   770.7  732.6
 796.3  634.3   780.0  755.4
 801.3  639.6   785.6  760.6
1066.6  624.1  1077.6  742.9
1036.2  536.0  1043.4  652.6
 993.4  462.7   995.3  577.5
1162.0  414.6  1183.5  526.8
1267.4  338.7  1319.8  495.3
 393.4   94.3   232.3  240.6
1490.0   66.2  1603.8  187.1
 340.0  252.7    82.1  511.4
 717.3  838.4   687.4 1004.7
 738.4  790.0   711.7  947.5
1280.4  605.1  1325.1  765.3
1270.8  507.7  1311.5  648.2
 632.3  106.0   549.2  234.4
 831.0  865.2   820.6 1001.5
 853.1  883.3   845.0 1020.4
 918.8  894.3   917.3 1030.6
 948.9  880.5   950.3 1013.3
 838.0  840.6   828.6  971.9
 830.3  851.4   820.4  982.6
 838.9  812.8   829.8  939.3
 875.1  836.8   869.6  964.4
1053.4  818.3  1064.0  941.3
1193.9  814.1  1222.8  973.9
1186.7  807.8  1214.7  967.4
1360.9  807.6  1414.9  980.5
 680.1  754.6   643.4  917.3
 716.4  783.3   686.7  941.3
 737.6  797.1   710.7  956.0
 832.8  796.3   823.3  920.0
 793.5  805.2   779.2  936.1
 855.6  797.6   848.4  919.3
 560.5  749.0   508.6  911.7
1190.8  742.1  1217.7  886.8
1470.3  714.2  1538.2  873.1
 507.0  674.5   449.7  825.4
1055.0  724.9  1065.1  841.3
1126.4  704.0  1143.2  821.3
 888.9  619.3   881.8  738.4
 771.9  592.6   752.8  710.4
1055.4  576.5  1065.0  694.0
1077.3  555.7  1089.2  672.9
 581.5  498.9   507.5  675.8
 566.8  495.5   489.2  673.6
 988.9  526.5   991.0  642.1
 620.9  472.9   561.5  629.7
 634.5  462.3   575.9  620.0
 803.0  470.5   784.1  584.5
1467.8  489.9  1547.6  647.2
 903.3  440.3   894.9  553.3
1151.5  455.1  1171.7  568.9
1408.4  394.3  1498.3  577.3
1352.4  334.8  1432.1  511.8
1054.4  319.9  1064.2  470.1
1138.5  303.5  1164.1  449.3
1134.2  283.7  1159.4  429.2
 541.2  244.5   433.7  408.8
 524.4  235.2   408.3  403.2
 760.4  268.2   713.7  412.0
1298.6  273.7  1362.6  431.5
1369.9  264.2  1450.4  420.7
1473.4  260.4  1585.2  426.2
1550.1  261.3  1693.6  441.5
 794.1  204.7   750.0  344.7
 899.2  237.0   877.1  381.3
 909.2  237.0   889.0  381.3
 981.1  218.4   975.3  360.2
 978.0  225.8   971.8  368.1
 960.5  205.6   950.3  345.4
 981.7  213.0   976.0  354.2
1007.6  208.9  1007.2  350.2
1186.3  219.6  1223.7  362.2
1150.0  228.0  1179.1  369.1
1358.5  199.5  1433.5  338.5
 442.5  163.0   300.8  320.3
 658.4  187.2   586.3  325.1
 652.1  183.7   578.8  321.0
1013.2  197.8  1013.8  338.8
 680.2  151.2   610.6  284.6
 671.0  123.0   597.4  253.3
1301.4  136.8  1362.5  261.6
1401.9  144.5  1489.2  276.3
 486.6   63.2   344.3  204.7
 625.1   85.8   539.7  210.8
 650.2  110.3   571.7  238.6
 995.7  123.1   993.7  226.2
1301.8  105.6  1359.4  218.9
1393.1   85.5  1481.7  209.4
1363.9   76.1  1446.1  198.9
 409.8   21.6   242.7  155.7
 495.4   49.3   357.4  185.7
 546.5   28.7   438.9  146.2
 613.8   68.4   524.1  191.6
 661.8   41.2   580.3  160.5
 861.6   44.7   838.9  133.3
 966.5   55.8   960.0  144.6
1008.6   49.3  1008.7  134.2
1407.3   28.9  1501.8  143.0
1410.9   41.2  1505.3  157.0
1402.7   34.1  1495.7  149.0
1473.6   33.0  1584.5  147.6
1485.1   48.3  1598.5  165.8
 537.1    3.0   425.4  116.3
 658.8   24.5   576.6  140.2
 867.1   30.9   844.8  118.1
 978.0   17.8   973.4   98.7
 970.1   25.4   964.3  107.9
1035.0   28.4  1038.7  111.2
1293.1    3.4  1340.1   86.9
1362.3   23.4  1437.9  128.0
1362.9    8.9  1438.9  110.8
1437.0   29.2  1533.5  138.4
 914.0  894.3   912.0 1030.5
 874.1  871.1   868.2 1004.7
 780.6  833.5   764.3  971.7
 842.8  838.8   833.9  969.3
 893.7  853.8   889.8  983.6
 953.4  831.4   955.2  954.7
 784.5  778.3   769.1  907.6
 794.6  799.9   780.4  930.0
 971.6  824.8   975.0  946.7
 953.0  819.6   954.7  941.3
1162.0  789.8  1183.7  920.9
1459.4  743.4  1525.1  903.7
 812.6  776.3   800.8  899.8
1227.2  701.0  1260.6  854.0
1273.1  672.3  1315.8  835.9
 459.9  492.6   313.3  744.2
1064.2  710.9  1075.2  828.0
 554.9  401.0   465.9  576.8
 775.2  651.3   756.1  777.3
1153.0  683.2  1172.5  800.6
 992.1  627.9   995.4  748.0
1459.3  505.3  1547.1  683.3
1209.7  574.4  1236.6  695.9
1307.5  529.8  1358.1  686.7
 899.7  555.9   892.9  672.2
1335.0  404.3  1406.8  585.9
 483.1  331.0   340.1  542.8
 485.7  579.4   419.5  729.3
 698.4  463.9   658.1  602.1
1079.3  505.0  1091.6  626.5
1176.2  499.8  1198.9  614.8
1201.4  496.3  1227.3  612.7
1406.6  396.2  1492.9  573.3
 988.2  457.4   989.5  572.0
1182.3  455.8  1206.1  570.0
1573.3  263.7  1722.5  443.8
1447.9  258.0  1545.9  412.5
 540.5  252.0   432.9  418.1
 761.8  289.9   716.3  435.8
 970.2  272.5   963.1  419.5
1469.0  234.7  1577.9  392.5
1584.5  198.1  1738.2  363.6
1005.8  218.4  1005.1  360.8
 554.7  168.5   453.3  312.4
 559.7  174.0   460.9  317.5
 815.5  211.5   776.2  351.5
 809.7  205.5   769.0  344.8
 846.5  641.6   835.6  761.2
1521.0  143.9  1655.0  294.0
1364.4  163.5  1441.9  297.5
1402.5  154.5  1486.5  283.8
 382.6   81.1   214.4  227.1
 980.1  411.5   980.3  519.0
 505.9   69.5   370.0  211.4
 730.0   87.7   673.9  202.9
1001.2  128.4  1000.2  232.3
1174.4  128.7  1202.2  232.4
 560.2   27.1   456.9  143.2
1341.3   43.6  1410.1  149.8
1472.6   -7.7  1585.6   99.7
1011.0   44.1  1011.5  126.4
 983.6   -7.1   979.3   72.1
 741.8  619.4   716.8  750.1
 731.6  670.8   702.9  816.6
 837.3  521.2   823.3  636.9
 536.8  259.3   427.8  427.6
 661.8  248.4   583.9  409.2
1191.7  148.6  1227.2  269.6
1350.8   23.3  1422.1  126.0
 788.4  688.9   773.9  805.4
 865.5  678.2   857.6  795.7
 962.1  690.4   963.4  807.2
 664.8  252.9   587.0  415.7
 703.8  509.5   665.2  652.3
 734.5  598.0   708.7  726.0
 855.3  619.3   844.9  738.7
 901.0  622.0   895.1  741.7
 878.8  619.9   870.5  739.8
 855.0  628.6   844.4  749.3
 993.6  629.9   997.1  750.6
 970.7  628.6   971.8  749.3
 970.2  620.6   971.3  740.5
1036.7  627.8  1044.7  747.8
1107.7  635.3  1123.0  755.9
1079.3  625.1  1091.6  743.7
1275.3  340.5  1329.9  498.9
 858.5  561.8   847.4  679.3
1276.5  218.1  1332.6  358.6
1275.3  213.3  1331.3  353.2
 577.5  166.1   485.5  304.5
 705.0  192.9   642.7  331.1
1283.3  198.5  1341.6  336.9
1390.4  157.0  1474.8  291.0
1414.7  140.3  1505.2  271.6
1012.1  551.9  1016.9  667.8
1220.2  302.9  1261.7  449.2
1097.2  105.2  1111.0  199.8
1423.7  127.9  1516.7  257.2
 575.2  487.6   498.8  665.0
 859.9  862.7   852.6  996.5
1017.4  573.5  1022.9  691.0
 925.9  408.8   920.0  517.0
1156.0  161.5  1184.8  285.9
 675.2  754.1   635.5  924.2
1457.0  276.3  1562.0  441.6
1067.7  833.9  1079.8  960.5
1327.1  717.9  1381.5  899.9
 758.9  574.3   737.1  694.9
1578.3  218.6  1729.5  388.4
1020.1  530.3  1025.6  648.4
1076.4  559.6  1088.1  675.9
 455.6  207.3   316.6  375.6
1082.9  457.1  1095.1  571.0
 629.6  462.2   570.0  620.3
1037.4  273.0  1043.6  420.4
 980.6  195.1   974.1  336.1
1594.0   84.1  1760.6  228.7
1537.8  130.6  1684.9  285.2
 813.1  935.7   800.0 1086.3
 912.1  923.6   909.7 1066.6
 907.0  918.1   904.0 1060.9
 972.9  924.4   976.5 1067.8
1069.3  934.8  1082.6 1080.2
 727.2  902.6   702.5 1061.8
 796.7  898.5   782.2 1043.5
 918.8  905.8   917.2 1043.8
 925.6  902.9   924.6 1041.4
 945.9  886.9   946.9 1021.2
1022.5  905.6  1030.9 1044.2
1004.5  901.0  1011.1 1038.9
1011.5  888.6  1018.7 1025.5
1045.3  878.0  1055.7 1013.6
1086.0  893.9  1100.7 1034.0
1085.1  871.9  1099.4 1007.7
1363.9  871.3  1419.2 1053.4
1351.4  869.7  1405.0 1052.2
 833.7  842.1   823.5  976.0
 868.0  825.8   861.9  951.4
 936.8  835.3   937.0  960.6
1075.3  830.1  1088.1  956.2
1105.3  852.2  1121.5  987.7
1197.8  823.8  1227.4  985.7
1214.7  857.3  1247.6 1028.8
 673.9  789.2   633.4  966.5
 753.0  785.4   727.7  943.5
 836.9  819.0   827.4  947.4
 932.5  820.1   932.3  943.4
 628.3  771.2   581.9  945.3
 790.8  771.7   776.2  899.2
1078.3  757.6  1090.7  873.8
1416.9  739.5  1475.7  896.6
 690.7  702.8   654.9  859.8
 722.3  714.8   691.5  870.0
 775.9  704.7   759.8  824.7
 863.9  706.1   856.6  822.1
1287.0  731.1  1332.5  904.0
1465.4  694.5  1534.6  856.0
1475.7  731.9  1545.8  896.1
1473.5  708.7  1541.7  866.8
 665.5  689.2   625.2  848.0
 720.2  688.9   689.3  839.9
 824.0  676.6   812.5  792.6
 870.3  685.6   863.0  803.4
1062.8  652.3  1073.6  773.4
1172.0  679.9  1195.0  809.4
1275.0  676.1  1315.0  827.8
1536.5  666.8  1619.7  832.3
1510.0  671.8  1588.5  836.6
1492.7  669.1  1565.9  828.0
 463.5  610.5   393.0  767.1
 625.7  645.1   567.1  830.3
 614.1  629.8   563.3  789.7
 620.3  647.6   564.1  825.2
 799.2  637.6   783.3  758.4
 808.3  645.5   793.8  765.0
1024.5  631.1  1031.2  751.0
1470.6  610.6  1543.0  767.8
 838.0  565.4   824.8  683.0
 959.5  596.2   959.3  713.1
1068.1  600.1  1079.1  717.4
1111.2  594.4  1126.9  713.8
1326.1  590.3  1380.3  756.4
1340.9  568.9  1399.5  738.1
1517.8  584.5  1600.7  744.6
 657.5  555.5   609.1  713.2
 910.1  541.2   904.2  656.0
 918.1  530.0   912.9  645.2
1012.9  544.6  1017.8  660.0
1115.7  555.5  1131.9  675.0
1382.8  553.0  1455.2  736.7
1453.0  519.4  1532.0  684.3
1563.9  547.4  1656.5  706.6
 714.2  515.5   674.4  665.9
 796.9  493.4   778.3  607.0
 918.3  505.7   912.7  620.4
1075.1  492.1  1086.5  607.8
1181.6  486.3  1205.1  601.2
1214.8  490.5  1242.4  606.5
1211.0  503.8  1237.0  615.9
1243.4  491.8  1276.3  615.7
1572.4  506.4  1668.8  663.5
 717.7  471.1   686.1  594.9
 720.4  436.3   685.9  563.5
 913.0  459.2   906.0  572.8
1083.5  463.1  1095.7  576.4
1141.4  456.0  1161.6  578.6
1296.1  439.1  1341.3  574.5
 552.7  411.1   471.9  575.3
 734.9  401.4   705.1  516.6
 722.6  395.3   690.2  512.8
1014.3  420.4  1018.4  530.7
1183.7  416.0  1207.9  528.3
1281.4  344.0  1338.2  505.8
 604.7  329.0   517.4  503.2
 641.9  325.1   563.5  496.5
 722.6  304.9   667.3  459.0
 708.2  332.1   655.8  479.6
1120.5  307.9  1142.6  453.9
1202.8  302.0  1240.9  448.0
1631.8  294.3  1786.5  470.7
1632.7  300.6  1786.3  477.0
 517.5  275.0   409.0  441.2
 665.1  282.9   586.8  453.4
 727.7  271.9   671.1  424.3
 853.4  287.7   825.0  432.5
 897.9  289.7   877.7  435.5
1143.0  280.0  1170.0  425.3
1178.3  287.6  1211.9  432.6
1234.5  278.3  1279.9  424.0
1388.8  270.3  1473.6  427.9
1379.1  260.3  1462.3  417.1
1407.9  282.2  1499.5  446.1
1478.4  258.6  1593.5  426.6
 578.7  216.1   488.0  363.5
 720.4  234.9   663.1  378.3
1146.1  247.3  1175.1  394.9
1664.5  224.0  1817.5  375.4
1659.7  230.4  1810.1  381.9
 577.2  172.1   485.8  310.8
 996.3  204.7   993.6  343.1
 709.2  139.7   644.9  271.4
1185.8  156.0  1219.9  277.1
1156.3  152.1  1185.3  275.1
1351.6  138.4  1426.3  267.5
1662.0  116.5  1846.7  268.0
 534.8   76.9   420.1  209.0
 694.8  118.9   621.8  254.3
 693.3  108.7   623.5  237.2
 904.4   87.2   888.8  180.8
1386.2   88.1  1472.5  211.8
1442.9  111.1  1541.4  237.8
1637.1   65.7  1818.7  206.5
1562.6   85.5  1718.9  229.8
 558.4   40.5   455.2  159.1
 548.6   64.3   444.9  186.8
 639.8   51.3   555.7  170.7
 722.9   76.2   664.2  191.0
 714.1   69.4   654.1  182.3
 963.0   55.5   956.0  144.1
1527.5   53.1  1663.2  180.8
1603.4   31.0  1778.5  164.8
1610.2   31.6  1786.9  165.2
1576.8   54.7  1740.4  192.9
1664.8   38.5  1859.2  174.3
1654.5   48.7  1844.8  186.9
 362.3   -0.9   183.8  127.0
 515.5   16.4   397.1  134.1
 550.4  -10.3   442.2   99.7
1061.9   18.6  1069.7  101.0
 490.2  682.7   429.9  836.5
1018.0  724.0  1024.8  840.4
1426.9  403.4  1523.7  593.4
 924.6  511.3   919.6  626.9
 412.7  113.4   256.8  264.2
 390.4  726.3   217.1 1054.6
 830.4  671.6   819.2  788.3
 677.8  723.2   639.3  886.4
 843.7  802.8   835.2  926.5
 867.3  782.5   861.4  900.6
 874.5  771.7   869.5  886.5
1001.6  625.4  1006.0  744.8
 987.1  220.1   982.6  363.0
1047.7  214.0  1055.7  355.0
1356.7  210.5  1430.7  350.5
1500.9   40.9  1621.5  159.4
 989.8   26.9   986.9  109.5
 609.7  781.1   562.4  952.2
1288.8  785.3  1334.7  964.4
 404.0   97.3   246.5  243.7
 751.8  798.0   726.6  957.0
1178.1  660.5  1201.4  786.4
 741.5  399.4   712.6  514.2
1071.0  209.4  1083.7  349.0
 719.0  676.9   687.2  829.0
 833.4  617.1   820.6  736.6
1236.0  660.4  1270.3  808.8
 430.6  241.9   284.3  419.9
1441.6  257.0  1539.8  413.9
 707.6  907.7   679.3 1073.3
1267.7  792.9  1309.6  968.6
 922.9  623.1   919.2  743.1
 580.4  507.8   506.4  685.9
 963.8  270.2   955.7  414.5
 747.4  607.1   723.0  736.2
1216.5  608.3  1245.2  737.3
 542.2  190.5   434.1  343.6
1345.2  162.1  1418.6  296.0
 615.6  811.0   571.2  980.2
 540.8  412.4   453.7  583.3
 833.1  459.8   817.2  573.8
 919.2  428.0   912.4  540.4
 987.6  462.3   988.9  577.4
 998.6  117.0   997.2  218.0
 601.2  106.4   511.6  234.9
1203.5  867.2  1232.2 1020.7
1449.2  432.6  1545.3  617.4
 742.6  132.4   686.6  260.2
1031.2  231.0  1035.8  373.6
