 939.0  565.6   871.4 1087.1
 940.6  556.5   874.9 1063.3
 912.5  551.4   829.2 1067.0
1097.9  556.6  1121.5 1083.5
 954.5  515.1   897.0  982.9
 979.7  526.3   936.4  995.8
1043.8  521.4  1034.8  993.0
 993.4  452.7   951.3  928.5
 871.1  429.5   753.4  904.2
 928.2  446.7   847.5  919.0
1016.9  449.2   988.5  925.4
1145.5  442.7  1195.4  922.5
1013.7  384.6   978.0  873.8
 996.7  383.5   949.6  871.2
1130.0  387.0  1172.3  872.4
1099.5  350.9  1121.0  829.5
 861.5  317.6   714.7  788.6
 912.8  296.2   799.1  759.7
1064.2  328.7  1060.5  802.5
 811.4  214.8   526.0  836.9
 896.1  254.1   763.0  708.9
1095.1  274.1  1112.8  738.1
 914.8  243.1   792.1  702.4
 976.5  239.0   901.7  691.7
 988.3  238.2   922.3  691.7
 967.2  242.1   885.6  695.1
 849.0   72.7   479.2  765.5
 921.2   42.3   691.0  622.9
 951.4   39.8   767.8  610.9
1175.3   55.8  1329.5  650.2
1311.4   48.7  1795.0  813.8
1145.4  446.0  1196.4  936.3
 873.4  387.4   741.6  891.6
 973.0  286.9   901.2  749.0
 976.5  244.2   902.3  697.2
1030.9  236.4   997.6  694.8
1199.8   81.9  1390.2  706.3
1313.7   27.6  1820.1  778.3
 976.3  304.0   908.5  771.0
 934.5  556.1   864.7 1067.6
 931.7  536.0   861.5 1023.1
 984.9  514.0   943.3  984.5
 944.6  511.9   881.4  979.2
1041.6  533.3  1031.9 1005.1
 863.4  466.3   743.5  958.0
 988.7  452.7   943.9  927.5
1032.7  438.7  1013.3  914.6
 896.1  372.0   782.0  852.5
1182.5  344.7  1267.1  847.5
 914.1  286.1   798.5  753.0
 917.7  294.4   806.6  760.2
 975.0  293.5   905.4  757.0
1000.8  298.6   950.1  763.3
1077.4  285.1  1082.2  757.7
1312.1   85.4  1829.3  973.7
1243.1   50.5  1569.2  781.0
1319.0   43.9  1825.0  809.6
 931.3   -4.3   697.2  547.2
1254.8   -0.8  1563.5  567.8
 930.0  558.0   857.3 1074.0
 938.2  516.5   872.0  984.0
 944.7  523.5   882.9  990.2
1139.1  522.5  1188.5 1057.1
 845.0  434.0   678.8 1032.3
 864.6  451.8   743.9  939.1
 872.7  417.6   753.5  893.1
 877.6  385.6   751.4  876.4
 880.9  390.7   758.0  881.5
 880.5  383.9   756.3  873.7
1079.3  383.2  1087.5  867.5
1080.2  404.5  1089.7  902.2
1125.7  368.6  1165.1  847.9
1160.8  314.3  1228.3  796.9
 781.4   15.6   222.2  711.0
 831.2  259.3   584.2  891.4
 874.6  325.0   738.5  796.5
1196.2   86.2  1379.9  711.9
1067.5  486.9  1070.5  962.3
 662.3  380.4   302.7 1039.9
1068.3  481.8  1071.6  956.9
 985.8  439.1   938.0  914.9
1313.1   64.2  1801.1  860.4
 952.6  279.4   865.0  740.7
 930.0   37.5   712.3  611.5
1258.6    4.3  1567.4  570.0
1065.0  556.9  1069.0 1064.3
 808.3  394.2   575.5 1073.1
 852.4  294.9   692.2  769.4
1058.6  290.0  1049.4  758.0
1059.7    9.4  1035.0  581.4
 865.6  444.4   747.9  916.0
 998.3  447.1   958.7  922.8
 921.9  375.2   824.7  859.1
1024.8  384.5   996.4  876.4
1007.8  383.1   967.8  874.4
1039.9  480.3  1026.8  955.3
 977.8  283.7   908.9  746.7
1058.0  481.1  1055.4  957.2
1215.5    5.3  1454.6  581.3
1085.2  366.4  1096.9  844.5
 863.0  298.2   713.7  765.0
1010.0  286.6   964.8  752.0
 781.1   85.3   296.4  807.4
 964.7   28.4   794.2  603.6
 921.4  530.4   845.7 1012.1
 926.5  526.5   855.3  993.3
1000.5  437.3   961.2  915.3
 989.4  379.8   937.0  868.5
1030.8  382.8  1006.5  868.4
1146.4  342.2  1200.2  814.4
1259.6   -0.8  1576.4  567.6
 980.1  382.0   921.8  869.6
1188.1  353.6  1281.4  885.2
 994.1  488.4   955.6  961.2
 973.7  386.3   911.3  877.6
