 721.6  985.8   799.9  651.4
 852.6  966.9   890.3  686.1
 895.6  965.1   924.0  685.9
1064.1  961.4  1056.0  690.3
 728.2  939.1   801.2  633.9
 822.2  955.0   866.6  677.3
 807.9  950.8   855.7  672.9
 896.8  919.2   925.2  655.9
 956.1  932.9   971.4  670.4
1044.7  953.9  1041.0  683.8
1048.5  910.4  1044.9  653.3
1089.2  925.6  1076.6  662.9
 725.4  887.7   795.1  612.8
 772.6  879.9   831.9  607.8
 873.2  896.6   906.8  639.6
1092.9  879.0  1080.7  633.2
 730.4  852.6   804.4  569.6
 867.7  846.6   903.5  601.0
 865.1  822.0   901.6  583.8
 939.9  865.5   959.7  621.9
 944.0  853.2   963.3  611.7
1035.9  854.9  1036.0  616.9
1002.6  831.9  1009.8  603.4
1033.9  843.4  1034.7  609.0
1013.7  840.2  1018.6  607.7
1143.8  861.6  1121.0  614.2
1230.8  841.4  1187.6  583.8
1233.4  849.7  1187.3  574.8
 913.1  783.2   939.0  565.6
 872.8  795.1   907.5  567.3
 945.7  797.8   964.7  578.3
1061.1  805.7  1057.2  582.1
1036.5  797.6  1037.6  579.7
 999.6  820.2  1007.7  594.1
1119.7  797.1  1103.9  571.7
1080.7  793.1  1073.1  574.1
 915.1  768.6   940.6  556.5
 879.5  767.0   912.5  551.4
1111.0  771.6  1097.9  556.6
1189.8  748.9  1155.9  492.7
 757.4  703.5   830.0  451.4
 704.9  715.7   797.0  439.3
 758.9  703.9   831.1  451.7
 788.4  725.5   853.1  468.3
 786.5  723.5   852.0  465.7
 931.4  711.4   954.5  515.1
 963.0  723.1   979.7  526.3
1042.0  717.1  1043.8  521.4
1222.7  701.9  1181.7  456.8
1278.5  699.5  1219.5  435.2
 976.2  647.7   993.4  452.7
 968.5  659.9   986.8  464.1
 999.1  682.0  1010.4  486.5
1118.8  668.9  1106.5  474.9
1078.0  677.7  1073.7  482.6
1159.1  647.6  1138.7  454.2
1271.0  680.6  1215.4  426.4
 731.6  644.5   817.6  389.4
 821.3  626.0   871.1  429.5
 894.4  641.8   928.2  446.7
 971.0  639.3   989.5  445.0
 976.5  630.9   994.3  436.3
 991.4  631.3  1006.1  436.9
 964.9  643.5   984.5  448.3
1005.5  643.5  1016.9  449.2
1139.8  647.3  1123.6  455.8
1159.3  629.2  1139.0  436.3
1167.4  634.6  1145.5  442.7
1163.6  605.2  1142.1  408.9
 903.6  567.8   939.7  374.7
 998.4  579.4  1013.7  384.6
 976.7  578.2   996.7  383.5
1147.3  577.7  1130.0  387.0
1221.0  582.3  1184.4  374.9
1107.4  537.8  1099.5  350.9
1212.9  522.6  1181.1  337.4
1273.9  556.6  1218.0  325.0
1701.2  543.4  1396.3  137.6
 799.1  506.1   861.5  317.6
 830.1  504.4   885.4  317.3
 863.9  479.5   912.8  296.2
 869.2  498.8   916.5  311.0
 976.9  494.2   999.6  310.8
 982.7  497.3  1004.0  313.0
1061.2  513.5  1064.2  328.7
1093.7  490.8  1089.7  308.8
1090.4  481.0  1087.4  300.4
1116.6  482.3  1107.4  300.6
 704.4  436.1   811.4  214.8
 791.8  472.2   858.0  287.3
 838.9  431.9   896.1  254.1
 890.9  441.5   936.0  260.9
 961.8  454.8   989.4  275.4
 985.6  456.6  1007.5  277.9
1099.8  450.9  1095.1  274.1
1098.6  431.4  1094.6  257.9
1083.6  436.7  1083.1  261.8
1151.2  433.9  1134.5  259.1
1157.4  439.7  1139.2  265.6
1626.7  440.7  1375.9  106.7
 668.4  397.5   792.6  175.5
 763.4  393.1   842.8  214.1
 805.6  399.9   872.5  225.6
 916.8  427.3   955.9  251.4
 862.1  420.9   914.8  243.1
 943.0  412.8   976.5  239.0
 958.3  411.9   988.3  238.2
 930.9  416.5   967.2  242.1
 925.7  405.4   963.8  231.7
1098.5  421.1  1094.6  248.4
1079.7  396.6  1080.8  227.1
1283.8  427.0  1226.9  227.8
 600.0  365.6   756.0  136.1
 823.1  353.1   888.1  186.6
 854.9  350.9   912.4  184.7
 855.0  362.2   911.9  194.8
 847.2  374.3   905.5  204.5
 945.9  378.4   980.1  209.3
1069.1  384.1  1073.1  215.6
1065.3  379.4  1070.3  214.5
1000.2  386.3  1020.9  217.2
1164.9  364.4  1145.5  200.9
1729.7  343.5  1416.6   36.9
 952.9  333.8   986.1  178.0
1192.6  307.7  1166.4  153.3
1304.6  303.7  1227.9   95.8
1729.7  335.3  1416.5   32.3
 727.6  282.5   849.0   72.7
1214.5  255.4  1172.6   73.1
1231.1  256.3  1183.8   73.9
1729.4  272.8  1412.0   -5.3
 765.8  221.5   875.6   32.8
 833.6  223.5   917.0   43.5
 831.9  215.2   915.9   38.2
 839.4  222.6   921.2   42.3
 884.6  216.7   951.4   39.8
1211.6  231.5  1170.4   54.1
1218.8  232.9  1175.3   55.8
1235.4  234.1  1186.4   56.9
1443.2  247.6  1311.4   48.7
 798.0  196.6   895.9   20.0
 770.2  166.1   879.0   -2.4
 813.2  182.1   906.2   10.9
 828.0  179.4   915.8    9.9
 958.4  208.2  1002.0   31.1
 989.4  210.1  1022.4   34.2
1052.8  212.2  1064.5   36.2
1027.2  163.8  1048.7   -0.5
1014.2  410.2  1030.9  236.4
 900.6 1070.0   927.5  752.4
 913.6 1059.2   937.6  745.6
 908.3 1065.4   933.4  749.4
 926.7 1067.9   947.6  752.4
 709.4  984.4   786.3  666.2
1242.1 1013.2  1188.0  680.7
 815.0  911.5   862.5  640.3
1077.9  913.9  1068.0  656.7
1024.7  857.1  1027.0  618.8
 734.7  863.2   806.7  580.2
 907.4  770.0   934.5  556.1
 903.7  740.6   931.7  536.0
 894.6  752.8   924.7  541.8
1095.8  769.8  1085.8  556.6
1124.3  784.4  1107.9  562.8
 968.8  710.5   984.9  514.0
1039.7  729.7  1041.6  533.3
 970.4  647.5   988.7  452.7
 981.0  662.3   996.6  467.1
1010.4  651.6  1020.5  456.6
1025.1  632.0  1032.7  438.7
1282.8  661.1  1224.7  412.8
 847.7  566.3   896.1  372.0
1041.1  580.9  1046.9  386.5
 786.5  533.2   851.3  337.6
 857.4  512.7   906.1  325.3
 864.4  469.6   914.1  286.1
 869.9  478.1   917.7  294.4
 944.3  474.9   975.0  293.5
 982.1  490.4  1003.8  306.0
 810.7  423.4   875.0  246.2
 902.9  444.1   944.5  266.1
 952.0  465.6   981.1  287.5
 936.3  413.4   971.5  238.8
 993.9  386.5  1016.1  217.9
1065.2  337.3  1071.2  184.6
 823.6  314.0   891.0  152.7
1183.1  313.7  1159.3  157.9
1768.1  453.0  1436.8   96.7
1239.2  255.8  1189.2   73.7
 508.1  292.6   741.2   33.6
 826.9  222.2   912.2   43.4
1244.6  233.7  1192.5   56.6
1332.5  247.3  1243.1   50.5
 849.6  160.3   931.3   -4.3
1342.1  156.4  1254.8   -0.8
1377.6  207.8  1274.1   28.4
1228.0  823.3  1184.4  559.2
 720.1  982.9   795.7  660.8
 774.2  869.5   834.3  595.7
1047.8  853.8  1045.5  616.1
1336.7  894.7  1248.6  535.5
 901.7  773.6   930.0  558.0
 993.4  672.4  1006.2  476.2
 981.5  653.4   997.3  458.9
 822.2  613.6   872.7  417.6
 812.7  621.5   867.6  413.8
 888.8  625.2   924.8  430.4
 966.2  633.7   985.9  439.5
 959.9  637.9   980.7  443.3
 824.5  584.5   877.6  385.6
1082.4  574.6  1079.3  383.2
1012.4  469.9  1027.7  289.9
1661.8  663.9  1373.3  198.2
 801.0  468.6   864.8  285.8
 670.0  418.6   793.3  190.1
 945.6  326.6   981.0  170.7
1172.9  368.4  1151.5  204.2
1137.6  360.7  1125.1  197.8
1202.5  335.6  1174.0  178.0
 945.6  346.4   979.7  190.4
1197.1  321.9  1169.6  164.8
 770.6  252.3   874.6   60.5
1448.5  240.6  1314.0   43.1
 610.4  214.2   781.4   15.6
 760.6  188.2   873.7    9.4
 893.3  199.7   958.5   25.7
 961.7  933.2   975.8  670.6
 966.5  927.7   979.7  666.5
1008.5  856.5  1014.1  619.4
 825.1  798.8   872.4  555.8
 916.8  799.2   941.8  576.7
 929.3  804.2   951.7  580.7
 760.5  741.2   829.1  488.3
 767.1  589.7   840.8  362.9
 820.0  621.8   870.2  426.1
1735.2  880.8  1504.0  490.9
 737.4  488.2   831.2  259.3
 786.0  517.7   851.5  324.9
 816.6  513.8   874.6  325.0
1196.6  471.0  1169.2  294.4
 947.1  340.4   981.7  181.6
1250.5  274.8  1196.2   86.2
1285.2  280.5  1217.0   84.2
 942.8  215.6   991.4   35.8
1334.7  316.1  1246.2  101.8
1071.6  262.1  1076.2   74.7
 439.7  946.3   613.8  568.6
 758.8  741.5   831.7  475.1
1069.7  766.1  1065.0  556.9
 719.4  651.2   808.3  394.2
1206.8  505.3  1176.5  323.0
 784.7  483.1   852.4  294.9
1052.6  470.3  1058.6  290.0
1008.1  466.9  1024.4  287.7
1044.4  176.3  1059.7    9.4
1088.1  915.7  1075.9  656.5
 815.8  640.8   865.6  444.4
 982.1  641.7   998.3  447.1
 880.7  570.1   921.9  375.2
1012.6  579.9  1024.8  384.5
 990.7  578.6  1007.8  383.1
 862.7  899.4   898.8  639.2
 884.5  806.7   916.5  577.1
 704.9  662.5   799.8  395.7
1276.6  474.2  1221.7  265.1
 789.6  525.3   854.1  331.0
 785.9  720.4   851.5  463.6
1035.6  675.3  1039.9  480.3
 947.2  464.1   977.8  283.7
 913.2 1069.7   936.8  756.1
1000.4 1056.9  1004.6  748.3
 441.2 1024.6   615.8  618.5
 448.0 1019.8   620.4  615.8
 494.8 1039.1   654.7  626.4
 951.1 1026.4   966.6  728.6
 414.1  987.7   595.6  595.7
 445.5  994.6   617.5  601.6
 445.4  985.6   617.2  596.1
 722.4  994.8   798.0  666.8
1125.6  973.4  1103.9  695.4
1745.2  976.1  1521.2  578.9
1047.7  936.5  1043.8  668.9
1064.9  852.0  1059.2  613.9
1217.5  758.9  1178.0  510.6
 903.1  672.0   933.3  478.4
1058.3  676.1  1058.0  481.1
1176.3  648.5  1152.0  451.8
1270.8  680.2  1215.4  426.6
 856.2  623.3   898.9  428.2
 765.2  566.7   843.2  335.7
1002.7  540.4  1017.9  355.1
1089.3  554.6  1085.2  366.4
1122.2  557.3  1110.8  370.1
 799.5  484.0   863.0  298.2
 875.7  507.3   920.6  320.9
 648.4  444.2   781.2  200.9
 984.1  465.3  1006.1  284.9
 989.2  467.1  1010.0  286.6
1193.5  437.2  1167.3  267.0
 770.3  421.8   845.4  240.7
 791.9  421.5   868.2  223.0
1091.0  401.0  1089.3  231.5
1266.4  391.6  1218.8  214.7
 624.6  305.4   781.1   85.3
1197.2  317.4  1169.8  161.3
1180.9  259.7  1149.0   71.2
 596.4  234.4   770.1   30.6
 751.1  245.0   863.0   52.9
 884.9  202.8   952.5   28.8
 902.7  203.2   964.7   28.4
 890.8  733.1   921.4  530.4
 897.5  723.7   926.5  526.5
 967.1  574.8   989.4  379.8
1349.4  156.2  1259.6   -0.8
1184.6  752.0  1152.0  495.5
 784.7  732.5   850.1  473.7
 775.1  354.1   853.3  182.8
 430.8  942.5   609.1  562.5
 463.9  565.5   702.0  205.9
1320.4  300.1  1237.8   92.4
1242.9  599.0  1197.6  371.5
 860.7  414.0   913.7  238.9
 942.5  382.7   977.3  213.7
1007.4  415.4  1025.6  241.0
1324.5  286.4  1240.1   81.9
1043.8  659.2  1046.8  464.8
 490.5  597.7   713.8  231.7
 393.5  863.1   590.6  494.8
 990.6 1019.4   997.5  725.0
