 923.9 1074.9   965.0  790.7
 987.2 1076.9  1015.4  794.7
 806.8 1042.8   873.2  757.1
 831.2 1038.0   892.0  757.0
 814.5 1029.1   879.0  748.5
 819.4 1047.2   883.1  760.7
1025.7 1023.8  1046.5  758.0
1027.9 1031.5  1048.2  763.1
 983.7 1062.7  1012.7  783.6
1109.2 1030.6  1113.3  754.6
1080.1 1067.1  1089.8  782.6
1095.5 1046.3  1102.2  765.6
 870.7  968.9   921.6  717.7
1038.6  991.1  1057.0  736.8
1032.5  991.0  1052.0  738.8
1105.9  994.3  1111.1  731.2
1116.9 1006.3  1119.8  738.0
1092.2 1001.8  1100.1  738.2
1099.8  993.6  1106.2  732.1
1099.7  987.3  1106.3  727.1
1128.2  963.8  1129.3  707.6
1220.1 1055.8  1193.5  703.3
 586.8 1042.0   732.8  659.0
 674.2  993.0   786.5  656.4
 594.9 1046.9   739.1  661.0
 713.1 1021.7   815.5  677.3
 904.1  918.7   948.4  681.3
 941.5  931.2   978.5  693.1
 930.6  938.1   969.5  700.3
1022.8  925.4  1044.7  685.8
1102.7  925.6  1109.4  684.9
1115.7  921.8  1119.7  675.7
1268.8 1034.8  1229.6  685.0
1434.4 1078.4  1343.6  683.3
 838.5  860.2   898.5  619.1
 955.6  860.2   992.2  617.5
 955.5  867.1   992.1  621.8
 946.0  866.8   984.3  624.4
 989.9  878.8  1019.2  634.5
 983.5  893.0  1013.6  652.1
1174.9  864.1  1166.7  618.6
1329.0 1000.1  1269.7  634.6
 601.2  936.9   744.2  582.4
 604.2  922.1   745.4  574.7
 628.4  926.2   760.5  584.6
 605.7  946.2   746.8  590.7
 769.3  837.3   845.0  594.4
 814.3  844.2   880.0  602.9
 859.7  848.3   916.2  605.8
 955.6  844.4   992.7  600.6
 941.9  856.2   981.4  613.1
 990.7  856.5  1020.2  613.6
1151.5  860.4  1148.3  618.8
1185.1  850.6  1174.8  605.9
1435.1  972.3  1332.0  562.1
 849.7  785.1   912.3  536.9
 980.9  799.9  1014.3  548.5
1007.6  801.2  1035.1  550.0
1162.4  797.6  1155.8  548.6
1156.1  798.4  1150.9  548.9
1256.7  824.5  1224.7  543.5
1205.1  805.4  1188.9  553.2
1258.6  839.4  1226.0  554.5
1259.7  806.6  1227.3  530.8
 746.5  758.8   831.4  518.9
 811.0  730.2   884.1  487.8
 827.0  744.4   895.4  503.4
 978.5  735.7  1013.4  493.0
 910.7  760.5   960.2  516.3
1102.5  740.9  1109.1  494.3
1229.6  744.3  1206.4  493.2
1246.7  768.0  1219.6  513.0
1244.5  743.2  1218.2  494.6
 558.7  783.6   729.5  439.2
 735.3  718.5   826.7  475.5
 733.2  695.1   826.1  454.9
 719.8  728.5   816.4  477.9
 950.1  710.9   992.1  469.3
 976.5  729.4  1012.0  487.1
 943.5  710.1   987.0  469.0
 952.0  697.6   993.9  457.0
1057.5  728.9  1074.5  485.0
1096.4  716.1  1104.5  473.0
1241.6  708.4  1215.7  464.5
 437.0  791.1   666.2  406.8
 577.7  723.2   744.7  394.0
 735.2  683.6   828.6  443.5
 724.4  683.3   820.6  442.2
 781.1  639.2   865.7  403.8
 972.1  672.9  1009.9  433.1
 934.1  666.0   981.2  426.8
 963.8  667.3  1003.6  428.9
1048.0  677.0  1067.7  437.0
1061.6  677.8  1078.1  437.3
1105.5  663.8  1111.5  424.1
1085.4  648.1  1096.4  410.2
1177.3  651.9  1166.0  413.6
1173.9  660.5  1163.6  422.0
 611.9  703.1   765.0  387.8
 909.9  620.4   964.1  385.9
 894.9  624.0   952.6  389.4
1104.1  631.7  1110.5  395.0
1080.7  605.1  1093.0  371.2
1108.1  625.2  1113.4  386.2
1239.1  637.2  1212.1  398.2
 912.6  583.8   967.3  352.5
 980.9  592.5  1018.2  360.7
 980.8  587.6  1018.3  355.9
 990.0  587.9  1025.1  356.8
1312.0  610.8  1261.2  355.8
 611.2  568.2   796.8  231.6
 553.9  578.9   773.2  216.2
1278.7  542.9  1216.5  223.3
1302.8  544.5  1231.7  224.2
1422.7  611.0  1296.3  238.1
1721.9  675.6  1450.5  237.9
 728.6  498.1   869.4  191.1
 736.2  498.7   874.8  190.1
1262.5  516.0  1205.2  201.3
1299.6  518.1  1228.2  201.8
1276.8  517.0  1213.8  200.5
1214.6  513.0  1175.1  198.9
1263.5  510.7  1205.4  196.1
1310.8  519.0  1235.5  203.2
1377.0  560.4  1273.3  219.4
1659.8  612.6  1420.2  209.3
1665.0  596.9  1423.4  200.5
 379.6  481.3   680.3  143.8
 670.7  465.4   838.2  160.2
1000.4  451.6  1041.9  148.7
1272.9  449.5  1208.4  146.0
1517.9  510.1  1348.7  167.0
1669.7  520.6  1426.9  157.4
1677.4  507.3  1430.8  149.0
1671.6  484.0  1427.8  136.0
 566.4  436.6   778.9  134.7
 593.0  396.3   794.6  111.4
 734.4  420.0   879.5  128.4
 655.7  415.1   831.1  125.8
1278.4  431.5  1211.1  132.2
1520.9  413.7  1354.9  116.2
1687.9  468.6  1433.0  121.9
1792.4  472.6  1474.9  105.5
1805.8  450.2  1480.6   91.7
 545.9  366.5   768.1   90.5
 618.5  349.4   818.0   71.3
1053.5  275.1  1075.3   73.7
1525.9  359.8  1354.4   78.2
1814.7  416.7  1480.0   68.1
1802.5  433.7  1480.8   84.7
1775.6  392.0  1464.5   60.2
1778.2  436.7  1463.2   81.7
 262.6  332.2   647.9   27.6
 239.0  299.4   639.0    7.1
 482.9  288.6   738.6   34.8
 470.2  274.3   732.9   24.6
 499.9  312.1   747.0   50.3
 769.2  248.7   886.0   55.2
1154.7  252.2  1143.7   62.8
1169.7  197.0  1154.7   27.9
1527.9  302.3  1356.5   45.1
1713.2  282.8  1444.4   13.3
1605.6  307.0  1395.7   40.0
1617.2  300.8  1402.5   36.5
1841.5  358.4  1489.8   33.0
 241.8  288.2   642.9   -0.7
 237.2  279.6   641.7   -6.1
 434.0  233.9   714.5   -1.5
 498.1  234.5   753.1   -2.4
1803.8 1090.9  1593.7  662.9
1101.9 1078.5  1106.9  786.9
 835.0 1048.5   895.1  764.4
 920.5 1024.8   961.9  757.6
1085.4 1007.4  1094.6  743.1
 546.2 1050.7   700.4  673.0
 554.9 1055.9   710.5  666.6
 718.0 1027.5   819.6  679.8
 820.6  978.0   882.7  716.2
1081.7  978.5  1091.9  725.3
1054.0  966.9  1069.7  718.0
1030.2  946.6  1050.5  704.9
 903.8  841.2   951.7  597.5
1095.3  826.0  1103.2  571.3
1186.0  862.3  1175.0  611.9
1200.8  871.4  1184.1  597.0
 760.3  816.9   843.7  556.9
 603.7  812.1   752.8  477.9
1222.3  767.3  1201.9  519.9
 664.5  710.8   785.0  436.3
 806.8  720.7   881.1  479.7
1468.1  817.4  1346.7  430.7
 533.1  707.3   719.6  372.2
 530.2  705.3   721.2  363.9
 910.4  626.0   964.2  391.5
 998.6  621.1  1031.2  383.5
1173.3  629.3  1162.6  391.6
1240.0  630.8  1210.9  383.2
 675.4  563.6   797.0  321.2
 972.7  586.8  1012.2  355.6
1203.5  590.4  1184.7  356.9
1861.8  809.4  1485.6  252.3
 708.5  528.5   855.1  213.8
 838.9  531.0   937.8  215.4
1000.7  541.0  1040.2  222.3
1339.8  566.9  1254.2  235.8
1393.4  582.0  1280.8  226.0
 518.0  552.3   761.0  185.2
 733.1  480.2   873.8  176.2
 737.0  455.3   877.2  158.8
 890.4  460.5   974.1  156.0
 981.0  461.1  1030.0  154.4
1864.4  504.7  1515.3  124.6
 525.9  384.9   754.6  103.4
 603.3  387.6   801.7  105.1
 630.1  381.6   818.3  100.9
 612.7  399.7   806.4  113.8
1479.7  415.0  1331.5  119.1
1499.1  425.0  1342.5  124.3
1828.8  458.5  1493.8   97.1
1219.6  287.3  1184.6   76.4
1090.5  182.7  1101.2   20.9
1458.7  225.3  1321.0    6.4
1723.1  253.1  1451.9   -1.7
 722.5 1053.4   812.5  740.5
 874.4  996.2   925.0  735.6
 885.1  993.8   933.4  735.3
1059.9  989.0  1074.2  732.5
 948.0  919.2   984.2  680.5
1032.0  939.3  1051.9  700.3
 774.5  900.8   847.7  648.8
 948.7  859.4   986.6  617.3
 961.6  873.9   996.5  632.2
1136.4  876.9  1136.3  633.3
1014.0  845.2  1039.0  602.3
 797.4  781.9   871.5  534.8
1032.9  802.1  1054.8  550.3
1109.8  795.2  1114.7  546.2
 719.4  752.9   814.6  500.7
1187.0  732.0  1174.6  489.6
1249.3  766.0  1220.8  506.6
 761.4  724.2   846.6  480.5
 813.9  681.6   889.1  440.3
 821.2  689.4   894.1  448.8
 913.1  685.8   964.3  446.5
 920.8  682.9   970.5  442.4
 937.1  680.3   983.3  438.3
 838.3  614.0   911.2  376.8
 972.9  594.9  1012.1  363.5
 582.5  598.9   786.1  236.4
 720.0  493.6   863.2  190.2
1478.2  595.9  1321.1  209.7
1682.7  606.7  1431.7  203.3
 744.5  424.8   885.4  131.8
1479.4  431.7  1332.0  130.6
1498.4  447.1  1346.2  144.9
1542.9  526.4  1362.7  175.5
1508.0  504.6  1344.0  165.7
1295.0  340.7  1225.3   87.4
 513.8  308.4   754.7   48.8
 535.1  308.8   767.7   48.8
1028.6  931.1  1049.3  692.3
1317.7  975.6  1263.2  624.1
 769.0  804.4   849.3  551.8
1083.2  793.5  1094.0  544.9
1785.6  398.1  1461.3   54.8
 899.9 1041.9   945.7  767.6
1050.8 1043.5  1066.5  769.5
 685.4  854.0   797.2  548.6
 439.6  750.3   678.7  361.9
1435.8  641.8  1305.0  259.2
1013.0  450.2  1049.8  145.5
 691.5 1029.1   799.2  683.1
 841.9  966.9   898.8  713.3
1059.6  960.7  1074.3  714.3
1125.8  974.9  1127.4  718.0
1068.1  894.0  1081.6  652.3
1208.8  947.9  1185.4  618.2
 855.7  816.9   915.9  566.2
 943.2  846.2   982.7  603.2
 823.5  783.9   891.8  536.5
 927.9  790.8   973.1  541.7
1116.3  723.5  1119.7  477.0
 719.8  714.0   816.2  467.8
 862.8  639.5   927.7  403.7
1566.9  693.1  1379.6  281.2
 483.4  556.3   741.4  186.6
1179.8  509.6  1153.3  196.7
1647.7  561.8  1413.2  179.7
1413.8  526.6  1288.7  180.5
 855.0  458.6   952.7  153.4
 862.5  459.0   957.3  153.4
 869.6  458.7   961.7  153.2
 969.4  445.5  1023.1  143.8
1721.2  491.5  1446.0  127.7
1520.8  375.8  1352.4   89.4
 228.9  282.3   637.7   -5.1
 826.9  164.0   922.3    4.6
1696.0  233.2  1440.0  -10.1
 833.3  147.9   927.4   -7.8
 835.3  168.2   927.6    8.3
 752.9 1066.3   834.6  756.5
1243.0 1079.5  1214.3  751.2
1086.2  999.9  1095.5  748.8
 880.3  972.2   929.3  720.5
1769.2  925.1  1569.1  544.0
 286.1  808.7   612.5  351.5
1197.1  750.8  1182.3  505.1
 824.6  724.8   895.0  482.1
 923.1  619.2   974.1  384.4
1054.1  625.9  1072.8  389.1
1846.7  567.6  1506.5  160.1
 366.1  504.8   673.4  156.3
 959.7  499.5  1015.8  185.2
 742.2  460.1   882.6  156.3
1007.0  438.9  1046.3  136.9
1384.0  447.5  1276.4  145.3
1388.0  432.7  1277.6  133.1
 616.2  391.9   808.9  108.4
1461.2  423.8  1321.5  126.7
 541.7  338.3   767.7   71.0
1054.3  275.9  1075.8   74.7
1226.6  279.2  1190.1   74.0
1538.8  248.1  1353.5    1.3
1368.8  188.9  1285.7   15.3
1469.2  203.2  1326.6   -8.2
1067.5  991.6  1080.3  733.8
 615.5  958.5   753.1  601.5
1273.0  879.7  1231.2  554.2
 832.9  859.4   894.0  618.3
 754.0  793.6   839.0  539.0
 715.2  697.7   813.8  452.3
 814.3  684.0   888.7  445.2
1046.9  684.2  1066.8  442.5
1657.5  634.2  1419.4  222.6
 420.9  599.8   697.2  222.6
 746.9  527.8   879.1  214.3
1032.9  451.1  1061.8  147.5
1441.8  439.9  1309.8  136.8
1000.5  406.5  1042.9  113.4
 547.6  345.9   771.7   74.9
 906.3  340.9   983.4   87.8
 772.9  779.8   852.5  532.8
 890.4  791.0   944.0  541.3
1580.3  347.7  1385.0   69.1
1185.8  203.1  1165.8   32.7
 845.3 1051.4   903.0  768.2
 183.3  998.5   464.6  593.1
 722.9  744.0   817.6  493.1
 719.2  355.7   871.0   88.0
1813.8  389.9  1474.1   48.6
1092.5 1008.6  1100.3  743.9
 709.5 1016.5   813.1  672.2
 857.1  850.2   914.4  605.5
 622.2  452.7   808.5  151.9
1598.1  716.0  1393.6  286.2
 916.4  675.0   967.3  435.9
 737.3  912.8   828.6  617.9
 345.7  341.8   671.8   52.5
 855.8  946.1   909.4  701.3
1007.5  794.9  1035.1  545.6
1490.4  431.4  1338.6  130.5
 764.3  180.6   880.1   15.0
 530.2 1033.5   690.0  657.8
 708.3 1030.4   811.9  683.9
1096.1  425.5  1100.5  129.9
 665.3  899.6   785.9  570.1
1290.3  882.9  1244.4  559.6
 168.6  525.0   586.3  141.0
1618.4  510.9  1406.7  165.4
1414.0  638.0  1293.4  261.1
 706.8  790.9   808.2  518.8
1262.1  797.3  1228.9  522.3
 351.7  427.0   670.3  105.7
 807.4  620.3   886.6  386.5
1456.3  633.1  1314.7  247.3
 445.1  298.1   716.2   40.3
