 794.7 1072.5   816.8 1007.7
 752.9 1007.2   777.5  948.2
 838.4 1001.1   857.8  947.4
 890.9 1004.7   907.7  951.5
1017.6 1001.0  1028.2  949.9
1051.6 1015.5  1060.5  964.3
1011.3 1002.7  1022.2  951.9
1221.1 1006.4  1222.0  955.6
 721.6  985.8   750.4  918.5
 757.5  975.3   782.4  917.4
 829.6  957.5   849.8  906.7
 826.7  970.1   846.9  918.8
 852.6  966.9   871.5  916.0
 865.1  959.9   883.5  909.8
 885.9  977.5   903.1  926.8
 895.6  965.1   912.5  915.0
 946.7  981.5   960.9  931.3
 973.9  973.8   986.8  925.4
1003.8  992.1  1015.2  942.2
1002.2  980.8  1013.8  931.9
1064.1  961.4  1073.0  914.6
1057.5  955.4  1066.7  909.2
1140.2  997.7  1145.1  948.7
1124.8  978.3  1130.7  930.1
1133.8  993.1  1139.2  944.8
1135.5  999.2  1140.7  951.0
1218.7 1000.2  1219.8  949.8
1220.1  965.6  1221.4  916.6
1222.2  974.7  1223.4  925.7
1220.9  980.8  1222.2  932.0
1318.9  994.3  1309.0  913.2
1461.1  967.5  1442.6  893.1
 427.1  920.6   484.8  834.7
 418.1  925.0   476.9  837.8
 581.8  945.9   626.5  861.0
 622.6  919.1   665.5  833.6
 609.5  924.1   653.5  837.7
 728.2  939.1   755.9  879.8
 822.2  955.0   842.7  904.7
 822.2  949.9   842.9  899.5
 807.9  950.8   829.3  900.2
 896.8  919.2   913.9  872.9
 953.7  939.7   967.9  893.5
 956.1  932.9   970.2  887.4
 972.0  911.0   985.6  867.3
1052.2  925.8  1062.0  881.5
1044.7  953.9  1054.5  907.2
1078.8  941.5  1087.2  895.6
1089.2  925.6  1097.3  880.7
1229.4  944.6  1230.7  898.7
1235.4  940.5  1235.9  890.5
1515.9  938.5  1494.7  868.9
1554.9  936.0  1530.7  865.5
1522.1  939.0  1500.6  869.7
1529.9  939.4  1507.9  870.2
1547.7  934.6  1523.9  864.0
1526.7  931.6  1505.2  863.5
1534.9  943.8  1512.6  874.3
1579.7  919.6  1552.7  847.5
 397.0  873.3   459.1  788.2
 520.3  899.7   570.1  818.1
 653.1  889.5   693.0  809.6
 734.2  869.6   762.2  814.8
 765.9  872.7   791.2  821.7
 725.4  887.7   752.4  836.5
 722.3  905.6   750.0  850.4
 697.5  894.8   731.3  824.1
 777.1  887.7   801.4  837.0
 772.6  879.9   797.2  829.6
 796.3  888.8   819.4  839.2
 804.1  906.2   826.2  857.1
 841.4  904.8   861.6  857.1
 873.2  896.6   891.6  851.6
 862.9  891.5   882.0  845.9
 846.1  896.8   866.0  850.0
 869.4  908.0   888.0  861.6
 868.8  887.5   887.5  842.9
 973.2  868.7   987.1  827.9
1022.1  870.1  1033.8  829.4
1048.0  900.2  1058.2  858.4
1018.4  888.2  1030.0  847.3
1056.0  895.6  1065.9  854.1
1089.2  907.5  1097.5  864.2
1210.3  894.7  1212.5  847.7
1229.3  904.4  1230.3  855.7
1157.0  905.0  1162.0  859.6
1619.3  880.1  1588.0  807.1
1581.6  912.2  1554.3  840.1
1630.2  881.2  1597.6  807.1
1614.5  885.9  1584.1  813.6
 471.8  869.8   525.2  791.1
 517.3  832.1   563.7  765.4
 634.0  829.2   678.3  747.4
 631.8  837.8   675.9  756.0
 730.4  852.6   758.8  798.4
 762.9  840.1   788.1  793.2
 784.3  841.4   808.5  794.3
 867.7  846.6   886.9  804.0
 917.0  860.5   933.6  818.7
 928.6  863.2   944.6  821.7
 939.9  865.5   955.4  824.2
 949.7  828.7   965.0  790.7
 944.0  853.2   959.4  812.3
1035.9  854.9  1047.1  815.6
1002.6  831.9  1015.4  794.7
1013.7  840.2  1026.0  802.1
1141.3  856.1  1147.7  815.1
1131.7  855.5  1138.6  815.2
1119.5  859.5  1126.8  818.7
1143.8  861.6  1150.0  820.3
1132.8  836.7  1139.8  797.8
1230.8  841.4  1232.5  797.3
1550.1  869.7  1528.6  808.3
1487.1  835.2  1458.4  745.1
1632.1  834.8  1601.3  767.5
1582.8  859.1  1557.4  794.3
 412.9  785.7   471.9  713.1
 404.7  811.4   464.8  735.3
 394.0  798.5   455.9  721.8
 913.1  783.2   930.3  748.0
 852.9  796.2   873.2  757.1
 872.8  795.1   892.0  757.0
 859.0  786.7   879.0  748.5
 863.4  799.9   883.1  760.7
 945.7  797.8   961.3  762.4
1034.6  792.1  1046.5  758.0
1061.1  805.7  1071.6  769.9
1036.5  797.6  1048.2  763.1
 999.6  820.2  1012.7  783.6
1103.7  782.3  1112.6  748.6
1104.5  789.6  1113.3  754.6
1080.2  819.3  1089.8  782.6
1119.7  797.1  1127.7  761.0
1080.7  793.1  1090.5  758.5
1093.0  801.5  1102.2  765.6
1224.2  808.1  1225.1  756.2
1621.3  786.6  1594.5  728.6
 444.6  757.3   499.5  690.5
 903.7  750.6   921.6  717.7
 894.0  775.9   912.2  740.4
 915.1  768.6   932.4  734.7
1045.4  768.8  1057.0  736.8
1036.2  765.7  1048.2  732.9
1040.2  770.5  1052.0  738.8
1101.9  764.0  1111.1  731.2
1111.0  771.6  1119.8  738.0
1090.4  771.3  1100.1  738.2
1096.8  764.7  1106.2  732.1
1096.8  759.5  1106.3  727.1
1120.6  739.0  1129.3  707.6
1189.8  748.9  1193.5  703.3
1218.1  746.5  1220.3  701.1
1223.7  747.5  1225.5  701.7
1234.1  747.0  1235.3  701.4
1230.2  760.0  1231.5  713.0
1315.5  758.2  1310.8  707.1
1616.1  780.6  1589.4  722.4
1812.6  767.2  1696.3  600.0
 395.8  707.6   457.0  641.1
 384.3  732.9   446.9  662.9
 665.4  720.7   701.8  666.3
 687.6  699.6   723.7  644.1
 657.4  710.7   694.7  656.1
 718.0  698.2   751.6  644.6
 698.2  713.4   732.8  659.0
 691.8  693.0   727.7  638.1
 757.4  703.5   786.5  656.4
 764.7  728.6   793.1  680.3
 704.9  715.7   739.1  661.0
 788.4  725.5   815.5  677.3
 786.5  723.5   813.7  675.1
 770.1  725.6   798.4  676.4
 920.5  719.5   937.9  688.9
 889.1  707.0   908.1  676.3
 931.4  711.4   948.4  681.3
 963.0  723.1   978.5  693.1
 935.8  722.6   952.5  692.3
 953.7  730.3   969.5  700.3
1032.0  715.4  1044.7  685.8
1046.6  694.3  1058.9  664.6
1099.5  714.0  1109.4  684.9
1110.3  705.5  1119.7  675.7
1227.9  729.7  1229.6  685.0
1186.9  713.8  1191.3  671.1
1204.1  702.2  1207.7  660.8
1271.7  694.7  1270.1  646.8
1278.5  699.5  1276.3  650.7
1322.0  698.5  1316.9  649.2
1350.3  733.2  1343.6  683.3
1623.7  724.0  1598.0  671.7
1623.3  730.7  1597.4  677.9
 403.6  663.7   463.8  602.1
 384.0  687.8   444.5  625.6
 512.7  663.3   581.3  571.5
 508.0  653.9   578.0  561.6
 813.7  676.4   837.4  641.9
 878.0  650.0   898.5  619.1
 883.3  656.3   903.5  625.2
 893.4  661.7   913.0  630.7
 976.2  647.7   992.2  617.5
 976.2  652.5   992.1  621.8
 968.0  654.8   984.3  624.4
 968.5  659.9   984.7  629.5
1004.7  664.8  1019.2  634.5
 999.1  682.0  1013.6  652.1
1143.4  657.5  1151.8  628.5
1118.8  668.9  1128.1  639.8
1126.7  652.4  1135.8  623.6
1078.0  677.7  1089.1  648.2
1229.2  648.7  1231.2  607.1
1159.1  647.6  1166.7  618.6
1188.1  657.2  1193.3  620.4
1271.0  680.6  1269.7  634.6
1237.5  650.8  1238.9  608.3
1232.6  653.2  1234.4  611.2
1259.5  671.0  1259.3  627.0
1327.6  678.1  1321.6  627.6
 497.5  630.4   570.2  538.4
 472.5  614.4   548.8  522.9
 709.3  631.5   744.2  582.4
 731.6  644.5   764.7  595.3
 710.7  622.7   745.4  574.7
 727.4  631.8   760.5  584.6
 712.3  640.1   746.8  590.7
 731.6  626.1   764.4  579.5
 821.3  626.0   845.0  594.4
 857.2  628.6   879.2  597.2
 858.3  633.9   880.0  602.9
 894.4  641.8   914.2  611.1
 896.3  636.7   916.2  605.8
 971.0  639.3   987.3  609.2
 976.5  630.9   992.7  600.6
 991.4  631.3  1006.9  601.1
 964.9  643.5   981.4  613.1
1005.5  643.5  1020.2  613.6
1036.9  625.1  1050.4  595.1
1139.8  647.3  1148.3  618.8
1093.5  606.4  1104.4  576.5
1112.7  639.8  1122.5  610.4
1080.1  629.0  1091.5  599.5
1104.7  637.9  1114.9  608.4
1159.3  629.2  1167.0  600.1
1177.2  643.7  1183.2  609.0
1167.4  634.6  1174.8  605.9
1163.6  605.2  1171.0  574.8
1248.4  646.0  1249.0  603.0
1339.6  612.4  1332.0  562.1
1502.6  644.9  1470.2  564.6
1752.9  627.7  1654.8  494.1
 292.2  589.9   428.4  451.7
 485.6  598.2   562.0  506.3
 604.7  568.3   647.2  523.0
 616.5  600.7   656.9  555.2
 755.5  586.8   786.8  544.4
 827.4  565.3   852.3  533.4
 903.6  567.8   924.5  536.9
 890.7  568.1   912.3  536.9
 887.9  564.0   909.6  533.1
 998.4  579.4  1014.3  548.5
 976.7  578.2   993.7  547.2
1055.4  574.8  1068.4  544.5
1020.3  580.7  1035.1  550.0
1147.3  577.7  1155.8  548.6
1142.2  578.2  1150.9  548.9
1099.9  583.6  1110.6  553.3
1221.0  582.3  1224.8  548.6
1220.8  576.8  1224.7  543.5
1182.2  582.6  1188.9  553.2
1222.2  588.5  1226.0  554.5
1223.3  563.2  1227.3  530.8
1720.8  580.7  1632.2  460.3
1730.0  588.2  1638.0  463.8
1805.4  574.3  1704.1  455.2
 317.7  524.5   446.7  401.8
 303.2  537.3   436.3  410.1
 467.2  557.6   548.6  466.7
 589.6  521.8   635.5  476.1
 718.1  529.2   754.6  484.5
 805.3  549.5   831.4  518.9
 860.1  517.9   884.1  487.8
 907.4  518.9   928.8  488.9
 872.4  533.4   895.4  503.4
 996.8  522.0  1013.4  493.0
 958.3  547.1   976.6  517.1
 966.2  547.2   984.2  517.1
 940.9  546.3   960.2  516.3
1097.8  523.0  1109.1  494.3
1200.5  521.7  1206.4  493.2
1214.6  542.1  1219.6  513.0
1212.9  522.6  1218.2  494.6
1273.9  556.6  1272.7  515.2
1442.1  517.8  1429.8  478.9
1591.3  553.4  1533.2  454.3
1579.8  521.1  1527.2  432.3
1701.2  543.4  1617.9  431.4
 354.6  473.6   473.5  365.0
 612.9  473.7   662.3  423.1
 684.2  488.3   725.7  441.3
 688.9  484.4   729.5  439.2
 799.1  506.1   826.7  475.5
 798.0  484.8   826.1  454.9
 787.9  509.8   816.4  477.9
 788.5  509.2   817.2  476.6
 830.1  504.4   856.0  474.3
 838.9  497.9   864.4  468.3
 863.9  479.5   888.3  450.3
 869.2  498.8   893.2  468.5
 866.6  488.7   890.8  458.9
 974.0  498.0   992.1  469.3
 995.2  516.0  1012.0  487.1
 968.6  497.7   987.0  469.0
 975.7  485.5   993.9  457.0
 982.7  497.3  1000.4  468.4
 961.8  501.6   980.6  472.8
1005.6  501.8  1022.0  472.9
1061.2  513.5  1074.5  485.0
1093.7  490.8  1105.4  462.9
1092.8  501.0  1104.5  473.0
1099.2  491.0  1110.6  462.9
1090.4  481.0  1102.4  453.4
1116.6  482.3  1127.2  454.5
1187.3  505.8  1194.1  478.5
1209.8  483.7  1215.4  457.2
1210.1  491.5  1215.7  464.5
1270.8  478.2  1270.0  440.4
1435.5  511.1  1423.3  471.9
1506.7  479.5  1470.7  408.6
1521.9  471.2  1483.2  399.3
1790.3  509.6  1696.1  405.6
1735.2  508.6  1649.2  404.6
1728.7  510.2  1643.4  405.8
 267.5  467.5   400.2  358.9
 616.5  456.8   666.2  406.8
 619.7  462.0   669.6  410.8
 663.3  439.0   709.3  391.1
 704.4  436.1   744.7  394.0
 710.5  464.6   749.6  421.5
 758.6  467.0   790.0  435.4
 800.3  473.3   828.6  443.5
 791.8  472.2   820.6  442.2
 838.9  431.9   865.7  403.8
 828.9  436.0   856.1  407.7
 890.9  441.5   914.7  412.8
 992.3  461.0  1009.9  433.1
 984.2  463.7  1002.2  435.5
 961.8  454.8   981.2  426.8
 985.6  456.6  1003.6  428.9
1053.5  464.5  1067.7  437.0
1060.4  465.5  1074.2  438.0
1064.6  464.8  1078.1  437.3
1099.8  450.9  1111.5  424.1
1083.6  436.7  1096.4  410.2
1151.2  433.9  1160.2  407.5
1157.4  439.7  1166.0  413.6
1154.8  448.2  1163.6  422.0
1277.5  459.0  1276.5  423.1
1281.7  452.7  1280.6  417.5
1351.7  471.7  1342.7  427.4
1632.4  447.6  1567.6  360.3
1611.7  431.6  1552.7  350.4
1749.9  458.5  1664.0  364.3
1737.1  435.7  1653.1  344.7
1720.8  447.0  1638.5  353.6
 187.7  399.2   322.4  310.3
 399.3  428.4   506.1  333.9
 529.8  421.4   603.9  349.2
 630.9  425.6   681.5  375.4
 726.9  427.8   765.0  387.8
 763.4  393.1   796.2  364.0
 819.7  422.4   847.6  395.0
 916.8  427.3   939.2  399.9
 996.0  416.5  1013.9  389.4
 943.0  412.8   964.1  385.9
 958.3  411.9   978.5  385.1
 930.9  416.5   952.6  389.4
 925.7  405.4   948.0  378.4
1072.9  387.6  1086.7  362.3
1001.9  415.8  1019.6  389.0
1098.5  421.1  1110.5  395.0
1079.7  396.6  1093.0  371.2
1101.5  412.4  1113.4  386.2
1206.2  423.7  1212.1  398.2
1206.0  396.3  1212.1  372.1
1182.3  389.7  1189.5  364.4
1260.7  390.6  1262.7  363.7
1283.8  427.0  1282.6  393.3
1331.5  389.3  1324.4  350.7
1618.0  393.5  1557.2  315.9
1598.1  390.9  1541.8  316.0
1762.9  389.8  1674.6  304.8
1778.2  402.1  1687.9  315.6
 249.8  377.6   378.1  290.2
 227.4  347.9   357.3  266.4
 219.4  352.3   347.3  272.7
 487.3  353.3   575.7  278.5
 671.5  380.5   717.2  338.3
 732.2  363.7   770.0  330.2
 717.5  361.6   757.1  326.4
 734.5  371.8   772.5  336.7
 729.6  374.2   767.4  340.0
 823.1  353.1   852.4  327.5
 854.9  350.9   882.3  325.4
 855.0  362.2   882.2  336.4
 847.2  374.3   874.7  347.9
 948.4  376.8   969.7  351.4
 945.9  378.4   967.3  352.5
1069.1  384.1  1083.1  358.7
1065.3  379.4  1079.6  355.1
1000.2  386.3  1018.2  360.7
1000.1  381.5  1018.3  355.9
1007.4  382.2  1025.1  356.8
1259.2  382.6  1261.2  355.8
1298.6  376.5  1296.6  345.5
1619.9  358.7  1558.9  285.6
1620.1  363.5  1559.4  290.3
1611.2  355.1  1552.1  283.3
1633.6  342.6  1569.8  270.6
1729.7  343.5  1644.5  263.3
1753.4  336.8  1665.1  258.0
1749.9  344.4  1662.5  264.9
1754.4  351.3  1666.7  271.2
 337.5  323.0   458.0  240.2
 301.8  310.6   427.9  229.5
 343.8  319.3   463.2  237.3
 316.5  321.5   440.3  238.7
 362.4  322.2   479.0  240.0
 413.0  312.7   518.7  235.7
 568.1  326.9   636.5  269.6
 811.6  304.6   842.8  280.5
 815.6  333.2   845.8  308.2
 817.1  311.4   847.8  287.0
 820.8  320.7   850.9  296.1
 853.1  338.6   880.8  313.8
 952.9  333.8   974.3  311.5
1192.6  307.7  1199.5  285.9
1186.8  319.0  1194.0  296.6
1454.4  331.4  1427.3  280.6
1437.2  303.2  1413.4  257.4
1702.7  327.8  1621.3  249.5
1728.9  317.2  1644.6  241.6
 311.3  279.5   437.4  202.2
 293.3  267.3   422.8  191.5
 595.3  297.5   659.7  245.6
 754.1  269.3   796.8  231.6
 726.0  256.3   773.2  216.2
 727.6  282.5   773.9  240.7
1059.6  256.1  1075.0  223.9
1214.5  255.4  1216.5  223.3
1231.1  256.3  1231.7  224.2
1303.9  275.7  1296.3  238.1
1294.0  287.5  1287.6  249.5
1280.8  285.3  1275.8  247.9
1279.9  271.3  1276.0  237.6
1477.8  280.4  1450.5  237.9
1585.3  286.9  1533.4  228.2
1683.0  255.0  1608.1  190.8
1680.5  247.9  1606.2  184.8
 565.5  227.8   636.0  181.1
 643.4  250.1   700.3  207.9
 617.9  228.5   678.7  187.0
 765.8  221.5   809.2  185.8
 833.6  223.5   869.4  191.1
 831.9  215.2   867.9  183.7
 839.4  222.6   874.8  190.1
 846.3  215.1   881.1  183.3
 884.6  216.7   915.8  185.3
 916.6  217.4   945.1  186.1
 932.9  218.1   959.9  186.8
1044.2  229.3  1061.2  197.7
1004.5  225.8  1025.0  194.6
1045.3  220.3  1062.2  188.9
1037.4  220.0  1055.1  188.5
1004.9  218.0  1025.5  186.5
1095.9  225.3  1108.4  194.4
1153.0  228.9  1160.4  198.0
1129.8  227.2  1139.2  196.0
1103.0  226.3  1114.8  195.2
1202.1  232.1  1205.2  201.3
1194.5  230.8  1198.2  199.8
1227.4  232.6  1228.2  201.8
1211.6  231.5  1213.8  200.5
1218.8  232.9  1220.4  202.1
1169.1  229.9  1175.1  198.9
1202.4  226.7  1205.4  196.1
1235.4  234.1  1235.5  203.2
1235.9  228.7  1235.8  197.8
1277.5  253.2  1273.3  219.4
1332.0  222.5  1318.9  183.6
1443.2  247.6  1420.2  209.3
1446.7  237.8  1423.4  200.5
1461.3  235.4  1435.8  197.3
1634.4  219.5  1572.4  165.7
1749.9  241.4  1656.5  171.9
 353.3  191.4   478.8  124.3
 347.5  172.3   475.7  107.2
 607.1  186.6   669.3  149.7
 593.7  185.8   658.5  147.6
 591.3  195.6   655.9  156.7
 612.3  188.7   673.2  152.6
 620.0  179.0   680.3  143.8
 614.6  177.3   675.7  142.0
 798.1  191.5   838.2  160.2
 798.0  196.6   838.1  164.7
 770.2  166.1   813.6  136.4
 958.4  208.2   983.4  176.5
 989.4  210.1  1011.5  178.9
1003.2  210.0  1024.1  178.1
1052.8  212.2  1069.1  181.1
1022.4  177.6  1041.9  148.7
1205.8  173.6  1208.4  146.0
1213.6  192.2  1215.4  163.0
1361.9  198.3  1348.7  167.0
1450.2  189.6  1426.9  157.4
1435.7  196.9  1413.4  163.3
1454.5  180.3  1430.8  149.0
1451.1  165.9  1427.8  136.0
1583.2  177.7  1543.4  144.2
1685.2  175.2  1612.2  124.2
 446.9  146.3   547.6   95.6
 445.7  152.1   546.6  100.4
 429.6  143.7   534.5   92.0
 438.6  133.3   541.2   83.9
 423.4  137.4   529.1   86.6
 731.5  165.1   778.9  134.7
 748.6  138.9   794.6  111.4
 842.9  156.6   879.5  128.4
 810.3  139.2   850.4  111.9
 797.9  139.7   839.0  112.6
 789.5  154.1   831.1  125.8
 766.0  140.9   810.3  113.3
 854.0  143.4   889.8  116.1
1009.3  162.6  1030.2  134.5
1023.3  159.0  1042.9  131.8
1208.8  158.8  1211.1  132.2
1286.9  153.3  1282.1  127.8
1295.8  126.4  1289.8  102.6
1287.2  158.7  1282.2  132.5
1286.6  141.1  1281.5  116.1
1367.7  140.9  1354.9  116.2
1457.5  150.9  1433.0  121.9
1445.9  158.2  1424.4  130.6
1462.8  126.4  1437.2   99.2
1506.7  135.2  1474.9  105.5
1513.3  119.9  1480.6   91.7
1520.2  149.9  1487.1  118.9
1606.8  138.5  1565.4  109.8
 383.7   80.1   500.6   34.5
 592.8  107.7   659.7   77.0
 633.2   96.2   692.2   70.9
 718.7  116.4   768.1   90.5
 702.0  116.3   753.1   90.2
 696.1  105.8   748.1   80.6
 772.8   96.1   818.0   71.3
 829.8   86.7   867.2   67.6
 907.2  105.7   937.8   84.3
1058.1   88.3  1075.3   73.7
1134.5  116.6  1144.2   94.6
1272.2   87.4  1269.6   69.0
1367.4   99.7  1354.4   78.2
1354.2   99.8  1342.3   78.2
1513.3   94.1  1480.0   68.1
1513.2  111.7  1480.8   84.7
1495.1   84.5  1464.5   60.2
1494.2  109.1  1463.2   81.7
1600.2   90.3  1557.3   65.0
 576.7   53.8   647.9   27.6
 564.8   58.4   636.5   32.2
 578.4   44.1   649.7   18.8
 565.8   31.1   639.0    7.1
 683.8   56.1   738.6   34.8
 677.1   45.0   732.9   24.6
 639.4   64.8   698.9   42.0
 620.7   68.3   681.7   45.5
 694.7   42.8   748.8   22.7
 693.7   73.1   747.0   50.3
 841.1   77.6   876.5   61.6
 851.7   69.6   886.0   55.2
 875.9   66.3   907.5   53.9
1126.8   76.3  1138.7   63.6
1132.2   75.1  1143.7   62.8
1143.6   36.5  1154.7   27.9
1214.3   60.7  1219.4   49.7
1369.4   62.7  1356.5   45.1
1470.0   29.9  1444.4   13.3
1413.9   58.1  1395.7   40.0
1421.4   54.0  1402.5   36.5
1396.3   55.8  1379.6   37.6
1514.0   38.1  1479.9   17.7
1508.1   64.5  1473.8   40.4
1515.7   51.0  1481.5   29.2
1524.9   55.1  1489.8   33.0
1610.0   49.6  1565.5   28.5
 569.7   22.6   642.9   -0.7
 568.1   16.5   641.7   -6.1
 655.8   16.3   714.5   -1.5
 662.2   20.3   720.1    2.1
 698.7   15.3   753.1   -2.4
 713.2   14.9   766.2   -2.8
 715.7    7.7   768.5   -9.1
 977.0   12.2  1001.3    4.5
1356.6   21.1  1343.4    5.6
1325.6    4.4  1318.1   -6.6
 882.1 1008.7   899.0  957.2
1029.4  784.4  1041.6  750.6
 493.0  592.6   568.2  502.0
1089.9  636.6  1100.8  607.1
1177.9  630.2  1184.1  597.0
1929.9 1096.1  1772.3  841.2
 716.0  522.3   752.8  477.9
 752.1  471.4   785.0  436.3
 540.2  388.9   611.3  323.9
1751.6  347.0  1664.7  267.9
1014.2  410.2  1031.2  383.5
1182.8  379.5  1190.2  355.1
 761.8  141.4   806.4  113.8
1341.6  143.9  1331.5  119.1
1353.9  149.7  1342.5  124.3
1239.8 1023.1  1239.3  968.9
 725.3  896.4   752.9  841.8
 900.6 1070.0   916.6 1010.6
 913.6 1059.2   929.0 1000.9
 908.3 1065.4   923.9 1006.5
 838.8 1079.3   858.2 1016.4
 926.7 1067.9   941.3 1009.3
 948.8 1059.9   962.3 1003.5
 923.8 1054.7   938.6  997.6
 951.9 1062.3   965.2 1005.0
 938.2 1056.2   952.3  998.7
1008.6 1052.5  1019.2  997.2
1030.8 1080.2  1040.1 1021.1
1095.9 1086.9  1101.9 1027.6
 687.8 1054.3   718.7  979.1
 740.5 1036.2   766.8  969.1
 866.1 1032.5   884.3  974.0
 879.1 1030.2   896.5  973.8
 958.3 1030.9   971.5  977.2
 983.0 1034.1   995.0  980.1
 996.7 1023.3  1008.1  970.4
 923.8 1021.8   938.9  967.8
 979.7 1021.5   992.0  968.5
1139.0 1057.6  1143.2 1000.2
1146.1 1019.6  1150.6  968.9
 709.4  984.4   737.7  921.9
 754.5  986.3   778.4  932.1
 850.8  957.0   869.8  907.2
 956.3  981.3   970.0  931.7
 972.0  967.9   985.1  919.3
1009.0  988.9  1020.2  938.7
1065.0  947.7  1074.0  901.3
1242.1 1013.2  1240.2  950.3
1648.3  797.6  1617.9  735.5
 410.9  761.5   471.0  689.5
 815.0  911.5   836.5  862.3
 775.9  913.8   799.4  864.3
 867.0  915.9   885.7  868.7
 984.6  888.3   997.7  847.1
1077.9  913.9  1086.6  870.4
1055.4  891.8  1065.4  850.3
1312.4  994.1  1302.9  913.0
1631.4  784.2  1602.9  724.4
 641.2  940.5   681.7  855.9
 831.1  849.7   852.1  806.3
 936.6  852.2   952.3  812.2
 948.3  865.3   963.4  823.6
1024.7  857.1  1036.3  817.7
1095.8  892.1  1103.9  849.7
1124.6  872.4  1131.6  830.8
1276.3  706.0  1274.2  656.9
1373.6  974.3  1359.7  894.1
 720.1  862.4   749.5  805.9
1097.8  831.1  1106.4  792.8
1219.9  853.6  1221.8  807.2
1501.3  875.5  1483.3  814.7
 498.7  793.0   546.0  730.8
 787.9  784.5   812.5  740.5
 907.4  770.0   925.0  735.6
 903.7  740.6   921.6  708.4
 894.6  752.8   913.0  718.9
 916.2  769.3   933.4  735.3
 935.7  735.1   952.3  704.2
 942.0  740.0   958.3  708.8
1095.8  769.8  1105.3  736.6
1124.3  784.4  1132.2  749.2
1531.8  819.0  1512.5  762.6
 875.1  690.9   894.9  660.0
 968.8  710.5   984.2  680.5
1039.7  729.7  1051.9  700.3
1062.3  716.2  1073.8  686.8
 451.1  722.9   505.2  660.2
 970.4  647.5   986.6  617.3
 981.0  662.3   996.5  632.2
1010.4  651.6  1024.8  621.5
1280.2  725.2  1277.7  674.7
 675.1  685.6   712.4  630.6
 993.8  636.1  1009.1  605.8
1025.1  632.0  1039.0  602.3
1014.8  646.1  1029.0  616.1
1282.8  661.1  1281.0  616.6
1271.1  640.9  1270.1  596.9
1834.1  461.9  1743.4  375.0
 612.9  594.5   653.9  548.9
 644.9  622.6   683.9  574.3
 734.8  620.3   767.5  574.1
 769.9  613.8   799.6  571.1
 847.7  566.3   871.5  534.8
1041.1  580.9  1054.8  550.3
1104.1  575.8  1114.7  546.2
1525.3  444.6  1485.4  374.2
 786.5  533.2   814.6  500.7
1210.3  525.1  1215.7  496.5
1500.3  649.1  1465.4  562.6
 359.6  374.0   475.8  284.0
 857.4  512.7   881.6  482.7
 904.3  505.4   926.2  475.3
 864.4  469.6   889.1  440.3
 869.9  478.1   894.1  448.8
 944.3  474.9   964.3  446.5
 950.7  470.8   970.5  442.4
 982.1  490.4   999.9  461.4
1311.9  515.2  1306.9  471.5
1437.4  501.6  1424.8  462.3
 279.3  317.6   409.6  234.5
 762.2  443.0   794.5  410.4
 810.7  423.4   839.4  395.3
 902.9  444.1   925.8  416.2
 952.0  465.6   971.7  438.1
1442.4  303.9  1418.5  258.7
1902.0  741.6  1757.2  561.6
 355.4  269.7   474.1  194.9
 308.0  569.7   439.1  438.4
 644.6  410.0   692.1  365.0
 725.9  390.2   764.3  353.7
 738.1  440.5   774.6  401.2
 886.5  404.4   911.2  376.8
 936.3  413.4   957.8  386.3
 993.9  386.5  1012.3  361.0
 993.7  389.2  1012.1  363.5
1247.3  399.0  1250.1  371.6
1203.1  409.7  1209.2  384.4
1591.8  275.1  1537.9  216.6
1735.3  274.4  1645.0  200.5
 362.8  232.2   484.6  160.1
  22.9  601.7   248.2  419.1
 324.5  518.7   451.3  398.4
 752.3  367.5   787.6  336.1
 749.3  341.5   784.9  312.7
 993.7  368.0  1012.3  344.3
1065.2  337.3  1079.9  316.1
1176.8  358.6  1184.6  335.0
1194.2  369.3  1200.9  345.3
1643.2  452.3  1576.3  363.5
1656.4  234.1  1590.1  177.2
 435.1  179.5   535.1  125.6
 762.3  325.3   797.2  297.6
 823.6  314.0   853.8  289.5
1197.2  301.8  1203.9  280.2
1183.1  313.7  1190.6  291.6
1381.7  323.3  1366.6  281.4
1769.1  444.2  1679.8  351.3
1768.1  453.0  1677.8  357.7
1848.0  398.1  1759.7  323.6
 330.3  354.5   451.2  267.3
 301.1  366.2   425.8  277.4
 461.5  349.1   554.3  273.6
 469.3  359.6   560.1  283.8
 741.1  277.2   786.1  236.4
1076.0  262.4  1089.9  228.4
1239.2  255.8  1239.1  223.8
1413.8  283.1  1394.8  243.2
 547.6  255.5   623.6  200.8
 508.1  292.6   590.1  231.2
 733.4  253.0   779.8  213.6
 753.9  251.8   795.5  218.4
 826.9  222.2   863.2  190.2
 961.7  224.9   986.0  193.3
 962.5  217.1   986.8  186.2
 971.4  215.3   994.9  185.0
1244.6  233.7  1244.0  202.9
1332.5  247.3  1321.1  209.7
1884.1  283.7  1770.3  208.6
 849.6  160.3   885.4  131.8
 864.4  198.5   898.2  167.2
1342.1  156.4  1332.0  130.6
1357.4  171.3  1346.2  144.9
1377.6  207.8  1362.7  175.5
1356.5  196.7  1344.0  165.7
1744.5  248.9  1652.4  178.7
 600.4  107.2   666.0   77.0
 603.0  115.8   667.6   85.3
 704.1  132.9   752.9  107.9
 944.3  109.2   971.1   89.3
1109.2  122.6  1120.9   98.4
1223.4  107.3  1225.3   87.4
 424.4  131.6   530.2   81.5
 693.5   74.6   746.9   51.7
 702.3   71.2   754.7   48.8
 722.3   78.8   772.4   55.9
 716.7   71.1   767.7   48.8
1501.6   88.9  1469.5   63.4
1395.4   90.8  1379.4   70.1
1601.2   96.0  1559.0   70.7
1212.9  977.2  1214.7  929.6
1330.8  942.0  1320.2  863.8
1531.9  931.7  1510.0  863.4
1234.0  895.6  1234.6  845.7
1318.6  766.4  1314.1  716.6
 462.8  593.3   540.7  503.8
1036.9  721.6  1049.3  692.3
1377.0  583.6  1367.5  537.0
1263.6  668.1  1263.2  624.1
 824.5  584.5   849.3  551.8
1082.4  574.6  1094.0  544.9
1338.9  617.4  1331.1  566.0
1731.4  283.2  1642.3  208.5
 450.4  448.5   544.9  357.6
1791.8  225.4  1693.9  160.1
1805.1  214.2  1700.1  147.1
 444.6  170.6   545.2  116.5
 478.9   47.1   561.4   21.1
 961.7  933.2   975.5  887.7
1228.4  924.2  1229.3  875.0
1008.5  856.5  1020.9  817.3
 916.8  799.2   933.8  762.8
 929.3  804.2   945.7  767.6
1055.7  804.7  1066.5  769.5
 272.0 1070.1   391.4  879.0
 767.1  589.7   797.2  548.6
 820.0  621.8   843.8  590.4
 817.3  564.3   842.8  532.3
1077.1  576.2  1089.0  546.5
1283.6  539.8  1281.3  497.5
1174.3  526.2  1181.7  498.7
 109.8  970.3   294.1  736.9
 627.6  410.9   678.7  361.9
1313.4  298.5  1305.0  259.2
 947.1  340.4   968.8  317.2
1031.1  174.5  1049.8  145.5
 692.5   27.4   747.2    8.7
 771.3  731.8   799.2  683.1
1063.1  744.8  1074.3  714.3
 869.1  567.9   891.8  536.5
  17.1  891.4   241.1  647.1
1334.7  316.1  1323.8  274.3
1145.2  227.6  1153.3  196.7
 758.8  741.5   787.8  690.6
 549.7  408.2   612.5  351.5
 871.5  512.1   895.0  482.1
 953.6  411.2   974.1  384.4
1647.1  309.3  1580.1  240.3
 994.2  217.0  1015.8  185.2
1027.2  165.2  1046.3  136.9
1630.2  319.4  1566.6  250.1
1330.5  152.0  1321.5  126.7
1720.5  291.2  1635.3  217.3
 522.5  418.0   596.6  347.5
 365.2  213.7   488.8  142.9
 717.6   95.1   767.7   71.0
1000.1  367.9  1018.3  344.5
1335.1    2.7  1326.6   -8.2
1069.7  766.1  1080.3  733.8
 719.4  651.2   753.1  601.5
 774.1  566.2   803.2  529.7
1228.9  594.0  1231.2  554.2
1206.8  505.3  1212.4  477.9
 784.7  483.1   813.8  452.3
 864.2  474.2   888.7  445.2
1052.6  470.3  1066.8  442.5
1442.3  262.3  1419.4  222.6
1044.4  176.3  1061.8  147.5
1088.1  915.7  1096.3  871.7
1019.0  669.8  1032.8  639.9
 889.8  629.6   910.1  598.4
 982.1  641.7   997.9  611.5
1232.6  556.8  1235.8  523.4
 827.6  564.4   852.5  532.8
 924.2  572.6   944.0  541.3
 903.1  570.5   924.0  539.1
1012.6  579.9  1027.8  548.9
 990.7  578.6  1007.0  547.5
1094.5  575.6  1105.6  546.1
 793.3  192.9   833.7  161.7
 964.3  998.7   977.5  947.8
1275.8  164.0  1271.9  137.4
 636.7  117.9   694.8   90.6
1379.4  105.3  1365.1   83.3
1401.5   89.6  1385.0   69.1
 959.5  865.5   974.0  824.6
1224.7  245.8  1225.9  214.4
1155.7   41.6  1165.8   32.7
1409.6   78.0  1392.2   58.4
 694.3 1043.9   725.0  969.3
 862.7  899.4   881.7  853.4
 520.4  675.1   587.6  583.0
 884.5  806.7   903.0  768.2
 704.9  662.5   740.2  609.8
 205.1  457.8   336.7  360.6
  19.2  829.4   242.6  599.0
 948.7  365.2   969.9  341.2
1644.8  200.6  1579.6  147.7
1221.3  176.5  1222.4  148.8
 405.4  652.1   464.6  593.1
 789.6  525.3   817.6  493.1
1507.5   73.0  1474.1   48.6
1319.9  704.3  1314.8  654.3
1090.7  777.2  1100.3  743.9
 785.9  720.4   813.1  672.2
 894.4  636.8   914.4  605.5
 947.2  464.1   967.3  435.9
 951.1 1026.4   964.7  972.3
 722.4  994.8   750.4  929.6
1124.3  983.9  1130.2  936.8
1125.6  973.4  1131.5  925.2
1308.0  969.1  1299.1  890.0
 739.9  952.3   765.0  899.4
1047.7  936.5  1057.6  890.2
 482.0  861.1   533.4  786.0
 748.3  848.8   775.5  796.0
1064.9  852.0  1074.8  812.8
1217.5  758.9  1220.1  716.0
  61.9  737.9   273.0  531.8
 181.2  659.4   350.4  491.2
 802.7  658.0   828.6  617.9
 856.2  623.3   878.2  592.3
 461.2  587.4   541.1  495.7
 453.6  530.3   542.5  434.2
 629.1  546.0   671.5  499.6
1193.5  437.2  1200.3  412.4
1266.4  391.6  1268.0  364.3
 239.6  344.7   367.2  264.3
 517.3  262.9   598.4  205.5
 751.1  245.0   794.8  208.7
 607.4   78.6   671.8   52.5
 890.8  733.1   909.4  701.3
 897.5  723.7   915.8  693.3
 967.1  574.8   984.6  543.7
1065.6  161.1  1081.1  133.5
1349.4  156.2  1338.6  130.5
1354.6  147.5  1343.0  122.2
1681.0  261.4  1606.9  196.7
 457.5  868.9   511.6  791.1
 518.5  759.1   579.4  669.3
 759.9  891.2   785.3  839.2
 298.9  545.5   443.4  404.3
1184.6  752.0  1188.6  706.3
 784.7  732.5   811.9  683.9
1086.9  156.9  1100.5  129.9
 373.7  233.4   492.5  162.2
1320.4  300.1  1311.1  260.2
1723.6  278.4  1635.0  203.8
1242.9  599.0  1244.4  559.6
1608.3  463.0  1552.3  381.5
1426.2  196.5  1406.7  165.4
 742.2  839.1   769.8  786.9
 945.2  573.6   963.9  542.4
 476.2  606.5   553.5  513.7
1300.4  300.1  1293.4  261.1
1599.5  515.0  1541.1  421.8
 988.1  215.6  1010.2  184.6
 971.9  697.1   987.4  667.0
 779.3  554.6   808.2  518.8
 607.4  137.5   670.3  105.7
1572.1  979.2  1545.1  902.3
 573.7   45.0   645.5   19.6
 369.0  220.8   491.5  149.2
 860.7  414.0   886.6  386.5
1324.5  286.4  1314.7  247.3
 587.0  311.3   653.1  256.4
1043.8  659.2  1056.5  629.6
 661.4  720.7   699.1  663.3
 490.5  597.7   566.1  506.3
1468.0  354.4  1438.1  299.0
 578.6  314.3   645.9  258.5
 393.5  863.1   455.4  780.0
1531.7  722.0  1494.5  631.1
1204.0  166.7  1206.7  139.5
 659.0   62.4   716.2   40.3
 419.6  122.9   526.8   73.7
1268.8   76.9  1268.0   61.9
 990.6 1019.4  1002.4  966.5
