 755.6  827.9   799.9  651.4
 866.1  839.1   890.3  686.1
 904.5  837.7   924.0  685.9
 759.1  797.6   801.2  633.9
 838.9  829.1   866.6  677.3
 826.3  824.9   855.7  672.9
 905.4  800.1   925.2  655.9
 958.3  813.9   971.4  670.4
1037.5  829.9  1041.0  683.8
1077.3  804.8  1076.6  662.9
 754.2  763.1   795.1  612.8
 796.1  756.2   831.9  607.8
 884.2  781.0   906.8  639.6
1080.9  767.1  1080.7  633.2
 761.1  722.3   804.4  569.6
 879.4  736.7   903.5  601.0
 943.8  756.3   959.7  621.9
1030.0  747.7  1036.0  616.9
1000.1  730.1  1009.8  603.4
1028.2  738.0  1034.7  609.0
1010.1  736.1  1018.6  607.7
1202.9  718.7  1187.3  574.8
 919.4  687.8   939.0  565.6
 883.6  694.5   907.5  567.3
 948.8  701.2   964.7  578.3
1052.8  705.6  1057.2  582.1
1030.7  700.9  1037.6  579.7
 997.4  719.6  1007.7  594.1
1105.2  695.2  1103.9  571.7
1070.4  695.3  1073.1  574.1
 921.2  676.1   940.6  556.5
1097.8  675.4  1097.9  556.6
1164.4  627.4  1155.9  492.7
 786.4  588.1   830.0  451.4
 813.5  607.2   853.1  468.3
 935.9  626.8   954.5  515.1
 964.4  638.0   979.7  526.3
1035.9  631.7  1043.8  521.4
1238.7  571.0  1219.5  435.2
 976.9  562.5   993.4  452.7
 969.9  574.4   986.8  464.1
1104.9  583.0  1106.5  474.9
1068.3  591.7  1073.7  482.6
1140.8  561.4  1138.7  454.2
1233.0  557.9  1215.4  426.4
 767.2  526.1   817.6  389.4
 838.2  541.2   871.1  429.5
 903.4  557.3   928.2  446.7
 972.3  554.4   989.5  445.0
 977.3  545.7   994.3  436.3
 990.7  546.0  1006.1  436.9
 966.8  558.2   984.5  448.3
1123.7  562.4  1123.6  455.8
1140.8  543.0  1139.0  436.3
1148.2  548.9  1145.5  442.7
1144.0  516.6  1142.1  408.9
 997.3  493.0  1013.7  384.6
1129.6  492.2  1130.0  387.0
1233.9  445.0  1218.0  325.0
1498.5  303.5  1396.3  137.6
 821.4  424.3   861.5  317.6
 848.7  423.1   885.4  317.3
 879.0  399.6   912.8  296.2
 883.7  416.5   916.5  311.0
 978.7  413.4   999.6  310.8
 983.8  415.9  1004.0  313.0
1053.1  431.3  1064.2  328.7
1081.7  409.6  1089.7  308.8
1078.7  400.5  1087.4  300.4
1101.8  400.9  1107.4  300.6
 815.7  392.0   858.0  287.3
 857.9  354.7   896.1  254.1
 903.7  362.3   936.0  260.9
 965.7  375.9   989.4  275.4
 986.6  377.8  1007.5  277.9
1086.9  372.1  1095.1  274.1
1072.7  358.9  1083.1  261.8
1131.8  355.4  1134.5  259.1
1137.3  361.7  1139.2  265.6
 793.6  315.2   842.8  214.1
 878.7  343.3   914.8  243.1
 963.0  335.6   988.3  238.2
 938.9  340.1   967.2  242.1
 934.6  329.3   963.8  231.7
1241.8  332.3  1226.9  227.8
 845.5  281.5   888.1  186.6
 873.4  279.1   912.4  184.7
 873.3  289.8   911.9  194.8
 866.3  300.8   905.5  204.5
 952.5  304.4   980.1  209.3
1056.6  306.8  1070.3  214.5
 999.8  312.0  1020.9  217.2
1143.1  291.4  1145.5  200.9
1520.5  165.2  1416.6   36.9
 958.6  267.0   986.1  178.0
1166.4  238.9  1166.4  153.3
 780.7  181.9   849.0   72.7
 960.0  267.1   987.3  178.1
1177.0  167.5  1172.6   73.1
1190.7  168.2  1183.8   73.9
 865.1  139.7   917.0   43.5
 863.7  133.2   915.9   38.2
 870.0  138.6   921.2   42.3
1174.1  146.2  1170.4   54.1
1193.6  148.7  1186.4   56.9
1353.0  146.1  1311.4   48.7
 815.5   88.5   879.0   -2.4
 967.8  124.6  1002.0   31.1
 992.9  127.1  1022.4   34.2
1044.5  128.6  1064.5   36.2
 950.4  749.3   965.5  616.9
 978.0  748.2   989.9  616.9
 817.5  609.2   856.6  469.6
 750.3  497.6   803.7  364.7
1148.3  553.9  1145.4  446.0
1198.1  505.3  1187.5  384.7
1146.7  513.9  1144.6  406.7
 570.6  226.3   706.3   73.2
1041.7  408.2  1054.8  306.9
 727.5  311.9   794.4  193.6
1384.7  248.2  1328.1  120.2
 780.4  326.3   835.1  214.4
1012.0  333.3  1030.9  236.4
1063.7  312.8  1076.3  219.1
1292.4  293.1  1267.6  186.8
 994.1  307.2  1016.1  212.8
 671.0  144.6   767.7   31.7
1183.6  166.6  1178.0   72.5
1225.4  171.2  1211.7   75.5
1210.6  178.1  1199.8   81.9
1371.3  152.8  1324.6   52.5
1356.1  121.2  1313.7   27.6
1009.3  104.0  1036.4   14.3
 917.1  972.6   933.6  791.1
 993.9  965.4  1000.4  787.2
 947.7  983.1   960.0  799.9
1040.8  966.5  1041.1  788.0
1041.5  982.4  1041.4  799.0
1119.0  972.2  1108.5  788.1
 784.8  925.6   822.0  739.1
 778.5  930.3   816.5  742.6
 909.5  922.3   927.5  752.4
 920.9  913.5   937.6  745.6
 916.2  918.5   933.4  749.4
 844.0  940.9   871.3  759.8
 932.5  921.1   947.6  752.4
 994.2  945.0  1000.9  771.4
 967.5  951.2   977.6  775.4
1004.8  929.0  1010.5  759.1
1006.8  910.4  1012.5  745.8
1070.8  946.8  1067.5  772.3
1027.5  931.0  1030.1  761.9
1007.6  940.0  1012.7  768.0
1095.4  953.2  1088.6  775.6
 715.2  887.7   767.1  691.2
 816.8  865.5   846.9  706.4
 825.8  892.1   855.7  722.2
 877.2  868.4   899.5  711.5
1056.8  880.6  1056.7  723.6
 742.6  836.4   786.3  666.2
1123.6  847.4  1116.2  698.4
1101.7  852.9  1096.8  703.1
1208.6  851.4  1188.0  680.7
 739.3  808.9   786.6  633.7
 832.9  788.6   862.5  640.3
 873.0  789.0   896.9  645.6
 861.0  779.3   886.8  635.6
 975.2  804.8   986.4  663.4
1067.3  796.3  1068.0  656.7
1019.9  749.8  1027.0  618.8
1098.6  767.8  1096.2  631.9
1276.7  758.4  1243.1  572.6
 764.5  733.1   806.7  580.2
 891.4  697.1   914.4  570.0
 480.6  689.4   633.2  415.0
 758.3  678.4   798.8  544.6
 914.2  676.6   934.5  556.1
 911.0  652.8   931.8  537.1
 910.8  652.0   931.7  536.0
 901.4  680.1   923.1  558.2
 902.8  660.9   924.7  541.8
1059.9  668.1  1064.3  552.2
1055.0  672.6  1059.9  556.3
1084.2  674.7  1085.8  556.6
1109.4  684.5  1107.9  562.8
1262.6  667.0  1234.1  499.1
 676.7  619.2   751.5  435.4
 798.8  608.0   839.5  471.7
 969.7  625.4   984.9  514.0
 924.6  623.6   944.6  511.9
1074.6  615.3  1078.8  506.0
1033.8  644.1  1041.6  533.3
1097.5  621.1  1099.1  511.6
1164.5  606.6  1156.7  476.0
 714.3  570.6   772.0  424.9
 711.6  563.7   770.6  417.3
 830.7  582.2   863.4  466.3
 971.7  562.4   988.7  452.7
 981.1  577.1   996.6  467.1
1007.6  566.0  1020.5  456.6
 762.2  555.1   812.1  415.9
1020.8  547.0  1032.7  438.7
1243.2  541.5  1224.7  412.8
 785.7  494.8   834.4  362.4
 863.3  481.6   896.1  372.0
 954.2  506.2   975.3  396.4
 987.9  508.4  1004.9  398.6
1035.2  494.3  1046.9  386.5
 211.4  446.3   504.7  169.1
 810.2  447.8   851.3  337.6
 989.7  434.4  1008.5  331.2
1070.1  440.3  1078.9  338.0
1146.4  435.3  1145.9  334.8
1189.1  448.9  1182.5  344.7
 872.7  431.0   906.1  325.3
 879.9  389.4   914.1  286.1
 884.4  397.9   917.7  294.4
 950.0  395.3   975.0  293.5
 983.3  408.9  1003.8  306.0
 979.6  400.1  1000.8  298.6
 509.2  365.0   681.1  148.1
 833.3  346.8   875.0  246.2
 913.9  366.4   944.5  266.1
 956.9  387.7   981.1  287.5
1056.0  350.8  1068.7  255.0
1066.9  385.1  1077.4  285.1
1549.4  352.1  1422.6  160.1
 943.7  336.8   971.5  238.8
 994.3  312.5  1016.1  217.9
 892.7  297.7   928.6  201.9
1056.8  271.3  1071.2  184.6
1146.4  285.3  1148.4  195.3
1237.5  295.3  1223.9  195.6
 650.6  247.2   746.7  116.9
 836.9  236.1   882.6  144.9
 847.0  244.7   891.0  152.7
 961.7  236.1   989.7  150.2
1113.2  234.0  1120.7  147.4
1158.3  244.3  1159.3  157.9
1549.2  244.1  1436.8   96.7
 707.8  202.2   789.7   87.3
1097.2  177.3  1106.8   81.1
1197.3  167.9  1189.2   73.7
1248.0  192.5  1228.5   89.8
1356.7  194.2  1312.1   85.4
 670.9  125.0   767.1   17.2
 627.6  159.1   741.2   33.6
 739.5  163.3   810.1   65.3
 859.5  139.2   912.2   43.4
1201.1  148.3  1192.5   56.6
1266.9  148.3  1243.1   50.5
1315.9  159.7  1283.0   62.1
1362.7  140.5  1319.0   43.9
 879.8   84.4   931.3   -4.3
 861.1  107.9   915.2   15.5
 872.0   95.5   924.7    4.8
1277.5   80.7  1254.8   -0.8
1303.8  118.7  1274.1   28.4
 804.7 1010.2   836.5  815.9
 799.2 1009.1   832.1  813.2
 816.8 1017.4   847.2  820.2
 803.3 1013.1   835.6  816.5
 783.0 1025.5   817.9  826.3
 964.6 1004.2   974.3  816.7
1101.8 1020.4  1092.5  829.8
1125.6 1031.0  1112.8  839.5
1111.9 1005.0  1101.7  818.5
 809.7  985.7   841.4  794.4
 920.1  974.1   936.4  790.8
 892.0  975.5   912.0  791.7
1010.4  956.3  1014.8  781.1
1127.6  969.8  1115.9  786.4
1113.8  976.3  1104.1  795.5
1088.9  958.3  1082.9  780.4
 838.0  935.0   866.6  753.3
 980.3  942.5   988.8  769.7
1028.5  940.7  1030.8  769.3
1129.1  925.0  1118.4  751.0
1131.4  922.6  1120.5  749.5
 868.5  896.1   892.4  728.9
 966.1  887.4   977.3  726.8
1043.4  893.8  1044.7  733.6
1230.9  901.8  1206.6  729.7
 752.6  832.5   795.7  660.8
 778.9  831.0   816.3  668.0
 889.2  861.7   910.4  704.3
 886.0  838.7   907.8  686.6
 912.2  859.9   930.4  705.0
1069.1  846.3  1068.3  696.6
1023.4  839.0  1028.4  689.7
1084.1  839.9  1081.6  691.9
1084.5  833.0  1082.2  686.3
1084.4  827.3  1082.2  680.9
 868.1  778.1   892.9  635.6
 972.9  815.9   984.2  672.3
1065.8  802.0  1066.5  663.9
1143.2  808.9  1134.3  664.9
1189.8  792.5  1174.9  645.0
 637.1  739.0   710.8  547.1
 742.8  751.2   785.5  601.6
 762.0  750.9   803.6  597.4
 747.0  767.7   790.7  610.1
 816.2  765.8   848.7  618.6
 798.1  744.6   834.3  595.7
 843.0  761.5   872.1  616.1
 928.9  744.8   946.7  611.5
1018.1  754.6  1025.4  621.2
1040.7  746.6  1045.5  616.1
1107.9  774.4  1104.3  639.5
1205.2  748.2  1188.3  598.1
 646.3  709.3   717.8  525.4
 644.8  693.5   720.3  504.1
 783.3  727.2   821.9  579.7
 772.8  703.0   814.8  553.4
 899.2  700.2   921.2  573.2
 870.7  732.7   895.9  597.8
 932.4  703.2   950.3  578.7
1070.3  716.3  1072.5  590.7
1048.1  700.8  1053.1  578.4
1035.9  700.2  1042.2  579.0
1089.6  714.9  1089.6  591.3
1206.9  697.5  1191.7  559.8
1281.6  711.6  1248.6  535.5
 759.9  683.8   803.9  537.0
 910.2  659.4   931.0  542.8
 870.9  687.3   896.8  559.2
 909.2  679.3   930.0  558.0
1150.6  667.6  1144.3  543.2
1097.6  678.8  1097.7  562.4
1272.4  686.2  1241.0  511.3
 917.7  628.6   938.2  516.5
 925.3  635.5   944.7  523.5
1107.4  633.6  1107.5  522.3
1143.5  640.0  1139.1  522.5
1139.8  627.1  1136.2  512.5
 804.3  563.6   845.0  434.0
 831.5  566.4   864.6  451.8
 992.2  586.7  1006.2  476.2
 981.7  568.5   997.3  458.9
1051.0  585.9  1058.5  477.0
1127.2  571.1  1126.6  464.6
1224.2  583.1  1207.2  447.3
1234.7  568.4  1216.4  433.6
1244.5  580.5  1224.1  442.6
 839.4  528.9   872.7  417.6
 832.1  530.2   867.6  413.8
 898.8  540.7   924.8  430.4
 911.2  534.5   936.3  423.1
 968.0  548.8   985.9  439.5
 962.3  552.9   980.7  443.3
1222.0  551.8  1205.7  418.3
1191.7  526.4  1182.5  409.2
1217.3  551.2  1202.8  423.7
 835.8  479.3   872.0  369.0
 842.6  497.6   877.6  385.6
 846.7  502.9   880.9  390.7
 846.0  495.6   880.5  383.9
 970.1  490.1   989.8  381.8
 951.0  489.1   973.1  380.1
 932.0  487.9   956.4  378.5
 958.5  486.5   979.6  378.7
1071.9  489.2  1079.3  383.2
1035.8  491.0  1047.6  383.8
1073.5  513.3  1080.2  404.5
1086.8  490.3  1092.5  387.2
1411.7  509.4  1346.5  332.5
 359.6  439.4   590.3  181.0
 823.0  465.3   860.7  357.7
 790.7  446.0   837.9  325.6
1148.3  449.8  1147.3  348.8
1124.2  472.2  1125.7  368.6
1097.4  453.6  1102.5  350.9
1177.8  468.2  1172.7  364.7
1217.0  457.1  1204.8  343.0
1440.3  436.7  1361.0  255.8
 547.4  392.1   672.5  215.9
 761.5  411.2   817.6  285.2
 750.1  414.6   807.4  288.9
 983.2  401.7  1003.8  300.7
1044.7  389.6  1057.7  295.7
1040.4  413.5  1053.5  312.9
1046.1  406.9  1058.7  305.8
1010.2  390.3  1027.7  289.9
1088.4  408.1  1095.7  308.4
1122.4  409.0  1125.4  309.2
1118.9  427.7  1121.9  326.6
1145.4  408.2  1145.2  306.9
1163.3  415.0  1160.8  314.3
1242.5  409.4  1225.4  291.8
1248.9  396.1  1230.8  279.6
1470.1  387.2  1373.3  198.2
 445.5  341.0   646.3  119.6
 372.5  345.9   603.3  114.4
 494.1  342.4   662.0  141.8
 823.7  389.5   864.8  285.8
 794.3  368.8   842.8  259.0
 787.7  362.7   837.0  254.1
 927.0  349.8   956.4  251.0
1086.7  366.0  1095.1  268.4
1085.4  373.4  1093.8  276.0
1092.3  369.1  1099.9  272.2
1095.4  367.6  1102.6  271.4
1135.6  367.8  1137.8  273.1
1309.3  364.4  1280.2  247.5
1253.7  357.1  1235.5  245.9
1363.0  347.4  1325.2  233.6
 724.3  311.2   793.3  190.1
 708.9  314.6   781.8  190.1
1073.4  325.4  1084.4  230.6
1036.8  338.8  1052.3  242.8
1000.2  335.7  1020.7  238.0
1225.3  316.4  1214.6  219.2
1210.7  323.4  1202.3  226.3
1261.1  328.0  1243.0  223.0
1239.5  340.8  1225.4  237.3
1339.7  340.8  1302.8  220.2
 760.3  274.3   823.3  161.6
 775.5  262.4   831.0  162.7
 952.3  259.6   981.0  170.7
1150.1  294.9  1151.5  204.2
1119.5  288.3  1125.1  197.8
1111.5  256.8  1118.6  166.9
1175.6  265.3  1174.0  178.0
1249.0  269.5  1234.9  175.7
 694.6  215.6   772.9  106.3
 728.2  211.0   799.0  106.1
 786.0  252.5   838.6  157.6
 802.8  246.5   853.2  152.7
1138.5  232.6  1142.5  147.3
1149.4  250.1  1151.3  161.0
1152.7  215.9  1155.2  133.5
1170.4  251.7  1169.6  164.8
1175.8  250.5  1174.2  163.6
1283.2  211.3  1255.8  104.1
1453.3  217.1  1372.4   83.2
1231.8  190.0  1215.8   89.0
1231.3  176.7  1216.0   78.7
1220.0  183.4  1207.0   85.4
1264.4  206.3  1241.1  100.7
1258.6  203.8  1236.8   99.1
1356.7  203.5  1310.1   89.8
1405.2  175.0  1344.6   61.6
1712.0  193.8  1508.1   21.7
 586.3  127.2   717.3    1.1
 651.3  134.2   756.2   18.9
 813.7  162.3   874.6   60.5
 960.3  133.2   995.5   38.9
 964.3  140.6   998.2   47.3
1271.6  151.6  1246.5   52.4
1356.5  139.7  1314.0   43.1
 691.3  119.3   781.4   15.6
 808.5  104.6   873.7    9.4
 914.7  118.5   958.5   25.7
1027.2   96.4  1051.2    8.2
1008.7   97.9  1036.1    9.0
1219.1   87.5  1206.8    2.6
1350.3  101.2  1310.7   13.3
 967.7  809.2   979.7  666.5
 842.0  690.0   872.4  555.8
 795.8  486.9   840.8  362.9
1206.3  183.1  1196.2   86.2
1061.4  596.0  1067.5  486.9
1270.9  207.8  1246.2  101.8
1355.7  165.4  1313.1   64.2
1003.1   94.5  1031.6    6.1
 788.2  618.3   831.7  475.1
 922.6  701.1   941.7  576.3
1361.1  253.7  1314.4  133.2
1060.8  673.5  1065.0  556.9
 756.5  531.9   808.3  394.2
1181.3  423.0  1176.5  323.0
1006.3  387.8  1024.4  287.7
 998.1  578.4  1011.6  468.5
1076.4  796.8  1075.9  656.5
 832.8  556.3   865.6  444.4
 982.3  556.5   998.3  447.1
 892.7  484.8   921.9  375.2
1009.9  493.0  1024.8  384.5
 990.5  491.9  1007.8  383.1
 874.9  782.1   898.8  639.2
 894.0  705.1   916.5  577.1
 745.3  537.6   799.8  395.7
1236.3  374.5  1221.7  265.1
 813.0  440.5   854.1  331.0
 811.4  602.2   851.5  463.6
 415.2  573.0   537.4  393.1
 810.8  103.2   874.3   10.4
1030.2  589.8  1039.9  480.3
 952.8  384.9   977.8  283.7
 755.0  841.0   798.0  666.8
1229.6  310.0  1218.8  214.7
 899.1  645.6   921.4  530.4
 905.0  639.1   926.5  526.5
 984.4  546.7  1000.5  437.3
 969.5  488.6   989.4  379.8
1016.7  490.2  1030.8  382.8
1283.3   80.6  1259.6   -0.8
1198.4  829.2  1180.7  670.0
1202.0  781.3  1185.4  632.5
 810.2  613.4   850.1  473.7
 749.4  845.9   792.2  673.8
1717.9  609.5  1494.0  283.8
1209.7  491.1  1197.6  371.5
1196.3  461.8  1188.1  353.6
 877.4  337.9   913.7  238.9
1006.0  338.3  1025.6  241.0
1262.6  183.8  1240.1   81.9
1037.5  573.7  1046.8  464.8
 989.2  883.2   997.5  725.0
