 919.4  687.8   871.4 1087.1
 910.8  660.6   861.2 1037.1
 921.2  676.1   874.9 1063.3
1038.9  677.3  1038.5 1062.0
1034.2  679.7  1032.0 1061.1
1097.8  675.4  1121.5 1083.5
1079.3  676.6  1095.2 1076.8
 935.9  626.8   897.0  982.9
 964.4  638.0   936.4  995.8
1035.9  631.7  1034.8  993.0
 754.0  542.5   573.2 1085.0
 888.6  565.3   827.1  926.6
 976.9  562.5   951.3  928.5
 942.0  581.2   903.0  943.1
1205.0  536.1  1305.9 1063.6
1201.0  539.5  1297.8 1060.0
1207.8  544.6  1310.8 1079.4
 838.2  541.2   753.4  904.2
 903.4  557.3   847.5  919.0
1099.3  553.8  1125.3  927.2
1092.1  551.9  1115.1  925.4
1148.2  548.9  1195.4  922.5
 855.4  481.7   769.9  854.5
 901.7  483.0   837.8  856.6
 997.3  493.0   978.0  873.8
1033.2  487.1  1030.7  865.0
1129.6  492.2  1172.3  872.4
1160.4  495.9  1218.1  882.0
1191.8  486.1  1274.2  922.0
 875.1  436.0   796.2  800.3
1069.2  439.8  1084.4  809.7
1085.4  439.8  1108.8  815.8
1175.7  437.2  1245.7  822.5
1188.2  455.8  1263.8  847.4
 821.4  424.3   714.7  788.6
 812.0  425.5   697.3  801.5
 812.9  423.5   696.0  807.4
 879.0  399.6   799.1  759.7
 881.4  407.5   802.4  772.9
 920.8  434.1   863.4  801.7
 976.1  417.0   945.3  782.8
 971.3  416.8   938.2  781.8
1053.1  431.3  1060.5  802.5
1081.0  419.5  1102.5  790.1
 857.9  354.7   763.0  708.9
1052.4  385.9  1059.9  752.1
1056.0  385.2  1065.4  751.5
1086.2  364.1  1112.0  729.1
1086.9  372.1  1112.8  738.1
 775.5  323.7   591.2  772.5
 878.7  343.3   792.1  702.4
 963.0  335.6   922.3  691.7
 938.9  340.1   885.6  695.1
 800.2  176.0   545.3  703.6
 780.4  159.1   468.8  734.2
 780.7  181.9   479.2  765.5
1050.2  169.8  1060.5  657.5
1230.1  179.4  1431.8  713.8
 867.8  133.3   687.4  609.5
 870.0  138.6   691.0  622.9
1187.1  147.3  1344.7  651.9
1353.0  146.1  1795.0  813.8
1345.6  118.6  1803.9  786.4
 837.4  110.6   612.0  590.9
1233.4   78.7  1462.6  555.2
1329.9   58.1  1690.9  533.8
 770.2   50.7   453.9  486.8
 911.6   24.4   801.8  323.4
1055.1   23.2  1069.5  301.1
1111.9   27.6  1174.4  321.1
1129.6   17.9  1205.5  296.5
 904.2  676.9   849.5 1076.5
 781.3  518.5   623.4 1027.9
 893.5  561.2   833.7  922.0
1148.3  553.9  1196.4  936.3
 717.2  304.8   432.6  854.8
1478.7  415.6  1823.5  998.0
1012.0  333.3   997.6  694.8
 712.8  184.0   308.9  805.8
1190.1  164.5  1344.8  667.3
1210.6  178.1  1390.2  706.3
1246.7  140.9  1514.2  745.3
1356.1  121.2  1820.1  778.3
 872.2  109.8   690.9  575.9
 762.6   58.9   439.4  501.5
 819.7   56.3   561.4  499.2
 809.0   68.1   541.8  518.7
 914.2  676.6   864.7 1067.6
 910.8  652.0   861.5 1023.1
 969.7  625.4   943.3  984.5
 924.6  623.6   881.4  979.2
1033.8  644.1  1031.9 1005.1
 830.7  582.2   743.5  958.0
 971.7  562.4   943.9  927.5
1112.5  576.4  1143.1  947.1
1020.8  547.0  1013.3  914.6
1085.9  551.6  1106.3  927.1
 863.3  481.6   782.0  852.5
1091.2  490.3  1115.9  869.5
1189.1  448.9  1267.1  847.5
1184.4  440.1  1258.8  827.4
 879.9  389.4   798.5  753.0
 884.4  397.9   806.6  760.2
 950.0  395.3   905.4  757.0
 955.8  391.0   913.6  754.9
 979.6  400.1   950.1  763.3
1066.9  385.1  1082.2  757.7
1356.7  194.2  1829.3  973.7
1266.9  148.3  1569.2  781.0
1362.7  140.5  1825.0  809.6
 879.8   84.4   697.2  547.2
1277.5   80.7  1563.5  567.8
1354.7   77.8  1776.1  617.1
 763.2    8.8   419.4  418.9
 909.2  679.3   857.3 1074.0
 917.7  628.6   872.0  984.0
 925.3  635.5   882.9  990.2
1031.3  636.2  1028.4  997.1
1143.5  640.0  1188.5 1057.1
 804.3  563.6   678.8 1032.3
 831.5  566.4   743.9  939.1
 839.4  528.9   753.5  893.1
 842.6  497.6   751.4  876.4
 846.7  502.9   758.0  881.5
 846.0  495.6   756.3  873.7
1071.9  489.2  1087.5  867.5
1073.5  513.3  1089.7  902.2
1124.2  472.2  1165.1  847.9
1163.3  415.0  1228.3  796.9
 691.3  119.3   222.2  711.0
 693.1  296.6   353.1  899.8
1254.5  195.4  1509.0  814.1
1206.3  183.1  1379.9  711.9
 891.3   71.6   718.6  528.7
 967.1  687.7   938.8 1078.3
 892.8  647.5   836.5 1017.8
1055.0  656.4  1061.0 1029.4
1061.4  596.0  1070.5  962.3
1004.5  420.2   987.9  787.3
1355.7  165.4  1801.1  860.4
1238.9  124.2  1487.7  686.1
 817.1   97.7   563.2  574.9
 940.2  103.5   826.5  587.2
1294.5   43.0  1617.7  509.0
1191.6  437.6  1271.1  831.2
 885.3  430.2   810.6  795.5
1023.8   87.7  1004.6  569.6
1031.6  684.0  1028.4 1075.5
1060.8  673.5  1069.0 1064.3
 756.5  531.9   575.5 1073.1
 896.7  630.1   842.8  988.2
1107.5  634.3  1134.5 1011.1
 762.5  497.0   589.4 1004.7
 884.4  564.5   821.1  925.7
 879.4  394.7   799.3  754.1
1352.5  158.0  1791.3  838.8
 998.9   91.6   951.1  571.4
 875.2   85.8   688.1  548.1
 894.5   73.9   725.0  534.9
 989.8   83.3   931.2  555.4
1020.5   66.3   997.0  534.7
1015.3  584.2  1005.8  950.2
 832.8  556.3   747.9  916.0
 899.6  544.3   840.5  910.4
 982.3  556.5   958.7  922.8
 892.7  484.8   824.7  859.1
1009.9  493.0   996.4  876.4
 990.5  491.9   967.8  874.4
 918.1  435.7   859.0  805.4
 833.4  112.1   605.3  590.2
 709.5   46.7   307.1  494.4
1228.9   71.5  1457.0  548.7
1305.4   37.3  1647.5  502.8
1047.5   24.5  1055.7  310.9
1090.7   24.2  1134.6  308.2
1062.6  470.5  1074.1  842.9
1032.7  399.8  1029.9  774.4
1093.1  142.2  1149.7  638.4
1038.1   97.8  1035.9  581.3
1079.6  682.1  1095.5 1084.0
 903.7  551.1   846.5  918.5
1030.2  589.8  1026.8  955.3
 952.8  384.9   908.9  746.7
 857.0  637.9   783.0 1024.6
 899.1  645.6   845.7 1012.1
 905.0  639.1   855.3  993.3
 984.4  546.7   961.2  915.3
 882.2  492.2   809.5  868.7
 969.5  488.6   937.0  868.5
1016.7  490.2  1006.5  868.4
1283.3   80.6  1576.4  567.6
1286.8   72.7  1591.1  561.4
 756.6   49.5   422.3  486.7
1165.8  516.0  1227.8  924.7
 786.1  504.8   632.0 1003.3
 874.2  482.7   797.3  856.6
1342.4  109.5  1735.9  675.3
 950.1  487.6   908.5  866.0
 972.6  611.9   946.9  972.5
1196.3  461.8  1281.4  885.2
1052.5  671.9  1057.5 1059.9
 872.3  549.4   803.0  910.5
 886.5  548.1   822.6  911.5
1076.6  436.0  1095.2  800.8
1006.5  346.1   989.3  710.1
1450.6  335.8  1813.4  920.0
