1233.0 1046.5  1214.8  770.2
1010.3 1072.9  1033.8  829.4
 832.3 1050.0   886.9  804.0
 889.4 1063.1   933.6  818.7
 916.0 1067.2   955.4  824.2
 920.6 1053.5   959.4  812.3
1026.1 1053.1  1047.1  815.6
 988.0 1021.4  1015.4  794.7
1147.6 1064.2  1147.7  815.1
1136.3 1060.7  1138.6  815.2
1122.3 1066.0  1126.8  818.7
1150.5 1070.6  1150.0  820.3
1253.1 1063.8  1232.5  797.3
 816.0  987.3   873.2  757.1
 839.1  983.6   892.0  757.0
 823.2  974.9   879.0  748.5
 828.0  991.5   883.1  760.7
 923.3  979.2   961.3  762.4
1024.4  971.9  1046.5  758.0
1026.5  978.9  1048.2  763.1
 984.6 1007.9  1012.7  783.6
1104.1  975.0  1113.3  754.6
1076.6 1009.9  1089.8  782.6
1121.7  987.0  1127.7  761.0
1091.1  989.8  1102.2  765.6
 875.8  921.7   921.6  717.7
 888.7  943.8   932.4  734.7
1036.6  941.8  1057.0  736.8
1100.8  942.0  1111.1  731.2
1111.3  952.6  1119.8  738.0
1087.8  949.6  1100.1  738.2
1095.0  941.8  1106.2  732.1
1094.9  935.8  1106.3  727.1
1121.8  912.8  1129.3  707.6
1206.8  976.5  1193.5  703.3
1361.7 1011.7  1310.8  707.1
 615.9  958.0   732.8  659.0
 605.6  940.4   727.7  638.1
 694.3  922.2   786.5  656.4
 703.2  951.5   793.1  680.3
 623.6  962.0   739.1  661.0
 731.0  948.7   815.5  677.3
 895.1  883.7   937.9  688.9
 907.4  874.5   948.4  681.3
 943.3  886.6   978.5  693.1
 932.9  893.8   969.5  700.3
1021.1  879.6  1044.7  685.8
1097.5  878.9  1109.4  684.9
1109.8  873.3  1119.7  675.7
1252.1  955.4  1229.6  685.0
1222.5  915.0  1207.7  660.8
1404.0  983.7  1343.6  683.3
 845.0  814.8   898.5  619.1
 851.1  821.7   903.5  625.2
 956.8  813.3   992.2  617.5
 989.5  831.4  1019.2  634.5
 983.4  846.8  1013.6  652.1
1147.5  824.1  1151.8  628.5
1119.3  834.7  1128.1  639.8
1128.3  817.6  1135.8  623.6
1165.5  814.6  1166.7  618.6
1306.3  914.4  1269.7  634.6
1258.1  870.7  1234.4  611.2
 629.0  859.5   744.2  582.4
 656.8  872.6   764.7  595.3
 631.5  846.7   745.4  574.7
 653.3  852.6   760.5  584.6
 779.3  791.6   845.0  594.4
 822.1  798.6   880.0  602.9
 863.5  806.5   914.2  611.1
 865.3  802.1   916.2  605.8
 990.1  809.2  1020.2  613.6
1143.2  812.2  1148.3  618.8
1090.6  775.5  1104.4  576.5
1103.4  804.9  1114.9  608.4
1175.0  801.1  1174.8  605.9
1171.5  777.8  1171.0  574.8
1399.0  869.5  1332.0  562.1
 224.5 1039.0   562.0  506.3
 689.2  791.9   786.8  544.4
 871.4  735.1   924.5  536.9
 856.4  736.4   912.3  536.9
 853.3  730.8   909.6  533.1
 980.8  749.4  1014.3  548.5
1152.5  746.3  1155.8  548.6
1146.6  747.1  1150.9  548.9
1240.6  769.8  1224.8  548.6
1240.3  763.1  1224.7  543.5
1192.9  752.9  1188.9  553.2
1242.2  777.0  1226.0  554.5
1243.1  746.5  1227.3  530.8
 874.5  684.8   928.8  488.9
 834.9  697.5   895.4  503.4
 934.1  713.4   976.6  517.1
 943.2  714.1   984.2  517.1
 914.1  712.1   960.2  516.3
1095.3  690.1  1109.1  494.3
1214.9  691.1  1206.4  493.2
1231.2  713.8  1219.6  513.0
1229.1  690.6  1218.2  494.6
 486.5  717.2   662.3  423.1
 748.5  671.3   826.7  475.5
 746.6  648.4   826.1  454.9
 734.4  679.2   816.4  477.9
 734.1  681.4   817.2  476.6
 761.0  673.9   836.4  479.4
 823.1  642.4   888.3  450.3
 826.2  653.5   890.8  458.9
 951.4  662.3   992.1  469.3
 945.2  661.7   987.0  469.0
 953.1  649.1   993.9  457.0
 961.4  662.1  1000.4  468.4
1052.8  679.0  1074.5  485.0
1089.4  666.0  1104.5  473.0
1117.2  648.2  1127.2  454.5
1199.1  671.0  1194.1  478.5
1225.3  647.2  1215.4  457.2
 621.2  679.5   749.6  421.5
 697.5  636.6   790.0  435.4
 738.6  636.2   820.6  442.2
 792.3  592.6   865.7  403.8
 972.1  624.1  1009.9  433.1
 936.3  617.6   981.2  426.8
 964.2  619.0  1003.6  428.9
1043.5  627.6  1067.7  437.0
1051.5  628.9  1074.2  438.0
1097.4  613.9  1111.5  424.1
1161.7  610.4  1163.6  422.0
1320.6  654.1  1280.6  417.5
 641.9  632.6   765.0  387.8
 770.2  580.5   847.6  395.0
 883.3  587.9   939.2  399.9
 975.5  578.7  1013.9  389.4
 913.5  572.9   964.1  385.9
 899.5  576.7   952.6  389.4
 893.0  565.8   948.0  378.4
 982.6  576.9  1019.6  389.0
1095.8  582.3  1110.5  395.0
1073.7  556.3  1093.0  371.2
1099.4  574.9  1113.4  386.2
1221.9  554.9  1212.1  372.1
1289.7  561.6  1262.7  363.7
1323.1  623.9  1282.6  393.3
 561.3  598.3   717.2  338.3
 651.6  547.2   770.0  330.2
 652.5  561.4   772.5  336.7
 648.6  559.6   767.4  340.0
 771.0  508.6   852.4  327.5
 808.9  518.3   882.2  336.4
 919.3  533.5   969.7  351.4
 916.1  536.7   967.3  352.5
1061.2  543.6  1083.1  358.7
1056.6  535.3  1079.6  355.1
1288.2  553.6  1261.2  355.8
 924.6  481.7   974.3  311.5
 652.0  484.5   796.8  231.6
 605.8  485.0   773.2  216.2
1339.5  514.3  1275.8  247.9
1623.6  545.9  1450.5  237.9
 977.2  419.4  1025.5  186.5
1233.1  434.6  1205.2  201.3
1266.0  435.9  1228.2  201.8
1245.6  434.9  1213.8  200.5
1254.6  435.6  1220.4  202.1
1190.4  432.1  1175.1  198.9
1233.7  429.1  1205.4  196.1
1333.8  469.4  1273.3  219.4
1571.8  495.2  1420.2  209.3
1576.2  481.7  1423.4  200.5
 409.5  415.5   658.5  147.6
 456.1  393.9   680.3  143.8
 706.2  389.4   838.2  160.2
 667.5  360.4   813.6  136.4
 956.9  410.8  1011.5  178.9
 999.3  373.8  1041.9  148.7
1240.1  369.7  1208.4  146.0
1250.3  393.0  1215.4  163.0
1452.7  414.7  1348.7  167.0
1586.1  403.8  1430.8  149.0
1581.0  383.9  1427.8  136.0
 615.3  361.2   778.9  134.7
 638.4  325.9   794.6  111.4
 763.4  347.1   879.5  128.4
 703.4  326.6   839.0  112.6
 777.1  331.7   889.8  116.1
1000.3  349.5  1042.9  131.8
1244.5  352.6  1211.1  132.2
1361.1  314.7  1289.8  102.6
1348.2  352.9  1282.2  132.5
1456.4  333.2  1354.9  116.2
1684.6  341.8  1480.6   91.7
 597.4  298.6   768.1   90.5
 574.6  299.3   753.1   90.2
1458.5  283.4  1354.4   78.2
1440.9  283.5  1342.3   78.2
1812.6  305.8  1557.3   65.0
 544.8  226.5   738.6   34.8
 534.3  213.2   732.9   24.6
 559.2  247.7   747.0   50.3
 787.7  208.1   886.0   55.2
1151.1  161.7  1154.7   27.9
1239.9  194.8  1219.4   49.7
1524.9  233.7  1395.7   40.0
1534.8  228.2  1402.5   36.5
1694.6  236.7  1479.9   17.7
1696.1  254.0  1481.5   29.2
1830.8  252.2  1565.5   28.5
 351.1  202.6   641.7   -6.1
 503.6  177.0   714.5   -1.5
 512.8  181.7   720.1    2.1
 560.3  176.6   753.1   -2.4
1451.1  189.5  1343.4    5.6
 708.8 1063.4   790.8  790.2
 911.2 1037.0   951.4  802.3
 845.9 1004.3   896.3  781.0
1097.3 1019.2  1106.9  786.9
 842.8  993.4   895.1  764.4
 923.9  973.4   961.9  757.6
1081.3  955.1  1094.6  743.1
 577.1  969.1   700.4  673.0
 586.4  970.4   710.5  666.6
 735.8  953.6   819.6  679.8
 828.3  928.4   882.7  716.2
1051.2  918.8  1069.7  718.0
1028.3  900.5  1050.5  704.9
1024.0  913.0  1046.6  716.4
1244.2  915.3  1223.5  650.7
 680.3  849.4   780.6  585.1
1699.6  884.2  1465.1  400.8
 488.8  236.2   698.1   43.8
 688.2  814.8   785.8  562.3
 907.4  794.2   951.7  597.5
1086.4  803.6  1100.8  607.1
1079.0  805.9  1094.6  610.0
1089.2  773.9  1103.2  571.3
1175.7  811.2  1175.0  611.9
1253.5  823.1  1231.5  574.0
1189.0  813.2  1184.1  597.0
 772.2  765.8   843.7  556.9
1232.9  733.7  1220.7  529.4
 632.8  738.2   752.8  477.9
1087.4  680.4  1102.8  485.4
1114.4  681.0  1124.8  485.1
1208.7  715.6  1201.9  519.9
 469.1  701.7   651.6  408.6
 815.9  673.6   881.1  479.7
1037.6  653.6  1062.6  461.0
1314.0  672.2  1275.2  430.7
1424.4  717.9  1346.7  430.7
1370.6  717.2  1313.7  451.3
 547.0  639.9   707.1  367.2
 572.5  630.3   719.6  372.2
 753.2  631.5   830.9  443.4
 452.1  610.6   659.3  313.5
 563.5  605.1   718.2  344.3
 571.1  626.0   721.2  363.9
 666.2  612.7   779.5  382.3
 756.2  579.3   837.2  391.5
 906.4  579.4   958.0  392.3
 914.0  578.6   964.2  391.5
 996.9  571.9  1031.2  383.5
1066.2  546.4  1087.1  362.2
1413.0  611.1  1341.6  357.4
 695.7  514.2   797.0  321.2
 769.6  502.2   852.0  320.5
 972.4  539.3  1012.2  355.6
1195.2  539.0  1190.2  355.1
1188.3  540.6  1184.7  356.9
1382.2  578.5  1301.3  283.4
1722.4  629.6  1485.6  252.3
 698.6  494.3   798.8  307.0
 999.7  460.8  1040.2  222.3
1268.4  454.6  1231.0  219.8
1302.6  480.5  1254.2  235.8
 577.8  455.1   761.0  185.2
 780.6  413.0   886.7  184.5
 982.1  382.3  1030.0  154.4
1259.0  371.8  1221.7  148.5
1736.3  389.5  1515.3  124.6
 579.2  315.7   754.6  103.4
 587.1  315.3   759.6  103.6
 647.8  317.7   801.7  105.1
 671.7  312.0   818.3  100.9
 655.8  328.9   806.4  113.8
1357.0  329.2  1287.7  114.3
1420.9  335.5  1331.5  119.1
1437.7  343.8  1342.5  124.3
1688.5  327.1  1483.3   82.3
1704.5  349.2  1493.8   97.1
1195.7  238.7  1184.6   76.4
1449.7  278.0  1347.8   73.6
1677.9  302.2  1475.2   64.8
 718.9  234.5   845.2   57.9
 757.6  213.3   867.0   53.3
 987.1  226.6  1032.3   69.5
1079.1  150.1  1101.2   20.9
1401.5  169.7  1321.0    6.4
1620.3  181.5  1451.9   -1.7
 925.5 1068.7   963.4  823.6
1013.3 1055.3  1036.3  817.7
1314.4  951.6  1274.2  656.9
1015.8  977.1  1039.2  761.0
1096.9 1028.2  1106.4  792.8
1241.3 1084.5  1221.8  807.2
 879.7  946.7   925.0  735.6
1267.1 1077.9  1237.5  765.5
 949.5  874.3   984.2  680.5
1080.9  865.5  1095.5  671.8
1055.4  881.1  1073.8  686.8
 784.3  853.3   847.7  648.8
 950.2  812.7   986.6  617.3
 962.5  827.4   996.5  632.2
1129.0  828.4  1136.3  633.3
1012.3  797.5  1039.0  602.3
 806.8  733.9   871.5  534.8
1102.7  744.3  1114.7  546.2
1647.7  733.3  1563.3  538.6
 733.7  703.5   814.6  500.7
1175.1  681.7  1174.6  489.6
1226.4  695.2  1215.7  496.5
 773.2  676.6   846.6  480.5
 829.8  641.8   894.1  448.8
 916.4  637.8   964.3  446.5
 923.8  634.4   970.5  442.4
 698.1  617.6   794.5  410.4
 759.1  583.7   839.4  395.3
 867.6  605.1   925.8  416.2
 972.6  547.5  1012.1  363.5
1273.7  571.3  1250.1  371.6
1218.9  571.8  1209.2  384.4
1188.2  516.4  1184.6  335.0
 390.0  606.4   646.2  269.4
 526.0  534.1   713.1  257.9
 629.4  506.0   786.1  236.4
1014.2  475.0  1050.4  232.6
 534.6  493.8   732.1  210.5
 772.3  351.5   885.4  131.8
 760.4  368.3   876.7  144.0
1421.1  350.8  1332.0  130.6
1474.3  428.3  1362.7  175.5
 588.1  307.0   752.9  107.9
1260.2  276.8  1225.3   87.4
 571.1  244.6   754.7   48.8
1364.0 1014.8  1314.1  716.6
1026.7  885.6  1049.3  692.3
1296.3  894.0  1263.2  624.1
 780.0  755.4   849.3  551.8
1077.6  742.9  1094.0  544.9
1662.4  293.3  1461.3   54.8
 232.3  240.6   561.4   21.1
1048.5  989.2  1066.5  769.5
 704.7  790.1   797.2  548.6
1325.1  765.3  1281.3  497.5
1183.7  691.0  1181.7  498.7
1384.5  536.8  1305.0  259.2
 553.4  191.4   747.2    8.7
 710.7  956.0   799.2  683.1
 848.4  919.3   898.8  713.3
1195.3  873.8  1185.4  618.2
1192.3  849.9  1189.3  653.1
 831.6  735.7   891.8  536.5
 930.5  741.3   973.1  541.7
1498.3  577.3  1379.6  281.2
 547.8  458.4   741.4  186.6
1159.4  429.2  1153.3  196.7
1362.6  431.5  1288.7  180.5
 877.1  381.3   957.3  153.4
 971.8  368.1  1023.1  143.8
1618.9  384.1  1446.0  127.7
1454.8  298.1  1352.4   89.4
 344.3  204.7   637.7   -5.1
 838.9  133.3   922.3    4.6
1598.5  165.8  1440.0  -10.1
 844.8  118.1   927.4   -7.8
 765.8 1004.7   834.6  756.5
1229.9 1008.0  1214.3  751.2
1082.2  951.3  1095.5  748.8
 885.0  924.9   929.3  720.5
1184.7  699.6  1182.3  505.1
 832.9  677.0   895.0  482.1
 925.9  571.5   974.1  384.4
1048.9  576.8  1072.8  389.1
1722.5  443.8  1506.5  160.1
 444.8  413.9   673.4  156.3
 963.1  419.5  1015.8  185.2
 769.9  384.0   882.6  156.3
1005.1  360.8  1046.3  136.9
1338.3  367.5  1276.4  145.3
1341.1  353.0  1277.6  133.1
 659.0  321.7   808.9  108.4
1405.2  344.3  1321.5  126.7
 980.3  519.0  1018.3  344.5
1046.5  231.6  1075.8   74.7
1202.2  232.4  1190.1   74.0
1464.6  180.9  1353.5    1.3
1330.3  150.6  1285.7   15.3
1410.1  149.8  1326.6   -8.2
1064.2  941.1  1080.3  733.8
 716.8  750.1   803.2  529.7
 823.3  636.9   888.7  445.2
 983.9  829.3  1014.5  633.8
 857.6  795.7   910.1  598.4
 963.4  807.2   997.9  611.5
 783.6  732.0   852.5  532.8
 895.1  741.7   944.0  541.3
 870.5  739.8   924.0  539.1
 844.4  749.3   902.4  546.8
 997.1  750.6  1027.8  548.9
 971.8  749.3  1007.0  547.5
1123.0  755.9  1131.2  554.8
1091.6  743.7  1105.6  546.1
 700.5  390.3   833.7  161.7
1332.6  358.6  1271.9  137.4
 485.5  304.5   694.8   90.6
1341.6  336.9  1277.3  120.1
1474.8  291.0  1365.1   83.3
1505.2  271.6  1385.0   69.1
1261.7  449.2  1225.9  214.4
1111.0  199.8  1124.5   57.6
1516.7  257.2  1392.2   58.4
 852.6  996.5   903.0  768.2
 920.0  517.0   969.9  341.2
 737.1  694.9   817.6  493.1
1684.9  285.2  1474.1   48.6
1368.6  955.3  1314.8  654.3
1088.1  956.2  1100.3  743.9
 727.7  943.5   813.1  672.2
 863.0  803.4   914.4  605.5
1533.0  403.9  1405.2  163.1
 663.1  378.3   808.5  151.9
1523.7  593.4  1393.6  286.2
 919.6  626.9   967.3  435.9
 819.2  788.3   878.2  592.3
 430.7  267.5   671.8   52.5
 861.4  900.6   909.4  701.3
 869.5  886.5   915.8  693.3
 965.7  798.4  1000.2  601.8
 944.5  744.7   984.6  543.7
1006.0  744.8  1035.1  545.6
 846.8  681.1   906.5  484.9
 739.4  655.1   820.3  459.7
 829.1  634.9   893.9  442.1
 981.8  586.1  1018.9  395.1
1055.7  355.0  1081.1  133.5
1430.7  350.5  1338.6  130.5
1439.1  341.9  1343.0  122.2
 567.7  302.8   747.9   93.2
 562.4  952.2   690.0  657.8
 867.6  669.5   923.7  474.8
1063.9  637.1  1084.1  448.1
 726.6  957.0   811.9  683.9
1083.7  349.0  1100.5  129.9
 687.2  829.0   785.9  570.1
1270.3  808.8  1244.4  559.6
 284.3  419.9   586.3  141.0
1539.8  413.9  1406.7  165.4
 679.3 1073.3   769.8  786.9
1083.7 1085.6  1094.6  839.8
1221.9 1068.3  1207.2  802.3
 700.2 1037.7   786.9  758.9
1186.4 1031.2  1179.2  776.3
 695.0  967.3   783.3  703.7
 877.2  976.6   923.1  756.6
 709.7  955.1   798.6  681.9
1394.4  924.7  1334.0  626.5
 783.4  870.3   847.1  661.7
 977.1  837.8  1008.5  642.6
1050.9  837.1  1070.6  642.0
 573.4  800.3   705.1  528.7
1090.8  794.7  1104.5  598.9
 919.2  743.1   963.9  542.4
1020.2  747.7  1046.8  546.1
1256.4  770.9  1236.7  545.1
1614.7  763.0  1536.1  563.6
1513.1  715.1  1413.1  432.3
1234.4  672.6  1221.4  471.8
1058.0  633.8  1079.4  443.0
1304.4  609.0  1274.3  403.7
 568.1  598.4   722.6  337.4
 671.9  590.4   781.9  370.4
 704.5  566.0   794.0  384.6
 812.6  562.9   883.5  375.9
1031.0  576.0  1058.4  388.9
1016.0  570.5  1046.5  383.7
1073.1  561.5  1092.5  375.7
1079.6  561.5  1097.7  375.4
1010.4  559.8  1042.3  373.4
1216.1  519.8  1207.0  339.0
1366.1  535.4  1293.4  261.1
1561.2  533.3  1414.7  237.8
 701.9  512.3   800.8  322.2
1326.2  452.2  1268.5  208.2
1491.6  432.2  1372.4  174.8
1770.0  469.1  1535.7  175.5
 761.1  412.4   872.6  184.7
 955.7  414.5  1010.2  184.6
1463.0  425.2  1355.2  173.4
1850.2  305.5  1578.8   63.3
1481.3  286.2  1368.9   79.0
 937.6  240.3   996.4   76.6
1364.3  229.8  1292.6   44.0
1413.3  229.2  1324.6   41.6
1513.0  233.6  1387.8   40.0
1864.4  237.0  1582.9   16.6
1077.2  145.7  1099.8   15.8
1164.5  153.0  1163.6   16.4
 992.9  121.1  1036.6    1.0
 723.0  736.2   808.2  518.8
1245.2  737.3  1228.9  522.3
 434.1  343.6   670.3  105.7
1301.8  952.2  1264.2  655.8
 905.7  740.0   952.6  540.8
 817.2  573.8   886.6  386.5
 511.6  234.9   716.2   40.3
