 870.7  609.2   850.4  719.4
1312.3  874.1  1352.7 1067.9
1580.8  833.5  1669.8 1036.2
 471.9  753.6   391.3  910.5
 935.5  943.6   923.9 1074.9
 993.2  946.4   987.2 1076.9
 851.5  908.3   831.2 1038.0
 853.9  925.5   833.8 1057.4
 836.4  899.6   814.5 1029.1
 841.0  914.9   819.4 1047.2
1028.2  900.8  1025.7 1023.8
1030.1  907.2  1027.9 1031.5
 989.9  933.6   983.7 1062.7
1054.6  932.2  1054.7 1063.0
1104.2  902.1  1109.2 1030.6
1077.7  934.9  1080.1 1067.1
1091.7  915.8  1095.5 1046.3
1100.5  920.5  1105.2 1052.3
 886.3  853.3   870.7  968.9
 876.0  855.3   859.1  973.1
 933.9  873.3   922.7  991.2
1040.0  873.4  1038.6  991.1
1034.3  874.4  1032.5  991.0
1101.4  872.0  1105.9  994.3
1111.3  881.5  1116.9 1006.3
1088.9  879.4  1092.2 1001.8
1095.8  872.1  1099.8  993.6
1121.7  844.5  1128.2  963.8
1203.3  882.9  1223.2 1049.9
 716.6  851.7   671.9 1014.8
 718.2  834.0   674.2  993.0
 883.6  833.4   867.9  946.0
 950.9  821.4   941.5  931.2
 940.8  828.6   930.6  938.1
1025.5  814.5  1022.8  925.4
1036.4  816.1  1034.7  926.8
1082.4  800.3  1085.0  912.1
1098.7  813.8  1102.7  925.6
1110.4  807.2  1115.7  921.8
1237.3  835.5  1262.0  998.1
1245.9  763.5  1272.3  920.2
 669.1  799.4   613.1  970.6
 768.3  792.4   738.6  914.9
 799.2  754.2   774.4  865.4
 801.5  759.9   777.1  871.2
 880.3  750.0   863.3  861.5
 857.8  748.5   838.5  860.2
 964.6  747.2   955.6  860.2
 964.5  752.9   955.5  867.1
 955.7  754.2   946.0  866.8
 995.7  765.1   989.9  878.8
 989.7  781.2   983.5  893.0
1308.3  807.6  1346.4  984.3
1333.2  827.8  1378.0 1019.3
1293.3  822.7  1329.0 1000.1
1258.7  796.2  1287.9  963.1
1639.4  519.6  1865.2  856.2
 534.6  528.0   420.2  725.7
 659.8  766.9   601.2  936.9
 691.2  749.0   639.8  908.9
 661.8  755.7   604.2  922.1
 681.6  763.0   628.4  926.2
 663.4  775.9   605.7  946.2
 795.5  724.7   769.3  837.3
 877.4  735.6   859.7  848.3
 972.9  732.3   964.6  846.3
 964.8  730.7   955.6  844.4
 952.2  743.1   941.9  856.2
 996.5  743.2   990.7  856.5
1142.7  747.2  1151.5  860.4
1173.1  735.6  1185.1  850.6
1258.8  772.4  1288.2  936.6
1376.9  768.0  1435.1  972.3
 812.9  667.1   786.2  783.5
 870.0  668.6   849.7  785.1
 988.3  681.5   980.9  799.9
1012.3  682.8  1007.6  801.2
1151.8  679.8  1162.4  797.6
1234.2  689.9  1256.7  824.5
1190.1  685.9  1205.1  805.4
1235.8  703.0  1258.6  839.4
1236.9  674.5  1259.7  806.6
1200.7  669.3  1216.7  786.0
1237.7  679.0  1260.6  811.7
1534.9  704.7  1611.9  877.1
1531.3  496.2  1681.9  765.3
 835.9  616.0   811.0  730.2
 849.8  631.1   827.0  744.4
 877.9  633.6   858.1  747.7
 986.3  620.8   978.5  735.7
 916.4  646.0   901.1  760.3
1077.3  621.2  1079.8  736.6
1097.6  623.7  1102.5  740.9
1211.0  624.3  1229.6  744.3
1227.1  639.6  1247.5  761.2
1226.4  646.3  1246.7  768.0
1224.6  624.4  1244.5  743.2
1645.4  398.4  1843.0  650.9
 519.2   54.1   368.2  173.3
 630.9  614.6   558.7  783.6
 768.4  604.0   735.3  718.5
 766.9  581.6   733.2  695.1
 755.4  610.2   719.8  728.5
 892.5  615.1   873.9  730.2
 961.1  596.3   950.1  710.9
 984.6  614.7   976.5  729.4
 955.1  595.7   943.5  710.1
 962.9  583.3   952.0  697.6
1041.5  593.5  1039.9  708.1
1057.2  613.0  1057.5  728.9
1091.5  594.7  1095.8  709.6
1092.1  600.3  1096.4  716.1
1093.5  581.9  1098.3  702.3
1221.7  591.5  1241.6  708.4
 648.1  560.9   577.7  723.2
 769.1  570.0   735.2  683.6
 759.6  569.2   724.4  683.3
 811.1  527.0   781.1  639.2
 981.1  558.5   972.1  672.9
 947.2  551.9   934.1  666.0
1052.4  569.1  1052.0  684.3
1048.8  562.2  1048.0  677.0
1061.0  562.8  1061.6  677.8
1099.2  540.1  1104.6  654.9
1100.0  548.8  1105.5  663.8
1098.8  528.0  1104.2  641.6
1163.8  537.2  1177.3  651.9
1160.9  545.9  1173.9  660.5
1172.2  541.6  1186.7  656.4
 526.9  530.5   410.6  729.1
 675.4  548.2   611.9  703.1
 689.7  530.8   631.9  675.0
 773.5  493.7   738.0  605.0
 772.8  484.2   737.1  594.4
 768.0  518.5   733.6  627.0
 926.1  507.9   909.9  620.4
 912.8  511.6   894.9  624.0
 990.9  508.4   982.6  623.3
1084.8  509.1  1088.6  623.7
1098.6  517.7  1104.1  631.7
1077.8  492.1  1080.7  605.1
1086.2  519.1  1090.1  633.6
1102.1  509.8  1108.1  625.2
 699.3  481.3   645.3  612.2
 929.0  472.2   912.6  583.8
 989.4  480.6   980.9  592.5
 989.4  475.7   980.8  587.6
 997.4  476.3   990.0  587.9
1279.6  485.6  1312.0  610.8
 924.7  458.9   907.1  572.9
 460.5  426.5   271.7  677.5
 654.9  387.7   553.9  578.9
1257.3  377.5  1302.8  544.5
1347.6  412.8  1422.7  611.0
1393.1  434.7  1482.7  645.3
1588.6  442.2  1768.8  711.5
 467.4  367.2   296.2  580.9
 429.8  386.7   224.5  633.2
 673.3  379.0   579.5  563.3
 788.3  338.5   728.6  498.1
 792.0  329.7   732.8  487.8
 794.9  338.1   736.2  498.7
 708.6  378.6   628.2  552.9
 868.1  331.3   826.1  489.7
1223.6  351.1  1262.5  516.0
1234.9  351.0  1276.8  517.0
1184.6  348.5  1214.6  513.0
1262.8  353.5  1310.8  519.0
1314.2  380.5  1377.0  560.4
1392.0  371.5  1486.7  576.8
1522.9  392.7  1659.8  612.6
1527.1  380.7  1665.0  596.9
1474.6  359.0  1591.9  560.2
 500.9  337.1   346.9  533.0
 523.2  300.6   379.6  481.3
 744.2  305.1   670.7  465.4
1011.2  283.3  1000.7  443.9
1010.8  291.1  1000.4  451.6
1229.5  287.9  1272.9  449.5
1419.6  325.1  1517.9  510.1
1435.6  335.7  1538.5  524.3
1531.1  321.9  1669.7  520.6
1504.9  325.0  1628.3  513.4
1536.7  310.9  1677.4  507.3
 635.8  241.0   532.5  391.8
 683.9  245.2   593.0  396.3
 796.9  265.7   734.4  420.0
 736.3  251.9   658.8  403.4
 733.3  262.2   655.7  415.1
1016.3  276.6  1007.0  437.1
 984.9  272.9   967.9  432.2
1233.4  271.6  1278.4  431.5
1211.5  272.8  1251.3  434.1
1205.4  273.7  1243.4  434.1
1335.0  266.0  1406.2  426.1
1343.6  248.7  1418.0  406.6
1424.8  253.3  1520.9  413.7
1386.9  269.3  1471.0  430.1
1474.4  240.3  1584.0  398.5
1618.5  248.2  1805.8  450.2
1659.4  264.5  1859.8  471.3
1626.1  276.6  1813.7  485.4
 439.4  191.0   246.1  365.7
 647.4  219.5   545.9  366.5
 709.5  199.5   618.5  349.4
1053.7  170.3  1053.5  275.1
1416.9  214.1  1513.7  368.8
1426.2  206.4  1525.9  359.8
1417.8  225.3  1513.9  381.5
1473.0  220.0  1583.7  374.8
1566.0  180.9  1726.3  351.1
1620.9  218.8  1814.7  416.7
1614.5  213.8  1804.6  408.5
1609.5  194.3  1805.7  390.0
1617.5  237.3  1802.5  433.7
1595.9  204.4  1775.6  392.0
1595.9  236.1  1778.2  436.7
 440.9  135.0   239.0  299.4
 599.7  144.9   478.1  282.3
 595.4  154.9   473.7  293.8
 602.3  151.2   482.9  288.6
 593.4  138.6   470.2  274.3
 614.8  170.9   499.9  312.1
 815.1  148.2   769.2  248.7
 862.0  152.9   825.2  254.1
1052.1  148.2  1051.5  244.3
1152.1  108.4  1169.7  197.0
1323.0  167.1  1387.9  296.8
1428.3  161.6  1527.9  302.3
1424.0  136.9  1529.1  279.7
1429.7  137.2  1536.0  279.5
1483.3  173.9  1602.0  323.1
1558.8  131.3  1713.2  282.8
1484.8  159.6  1605.6  307.0
1493.9  154.8  1617.2  300.8
1631.0  140.3  1834.9  317.3
 339.0  105.5    94.7  265.8
 444.7  125.3   241.8  288.2
 442.2  118.1   237.2  279.6
 529.2   87.1   382.7  214.0
 531.4   92.2   385.8  220.3
 566.6  105.1   434.0  233.9
 617.9  104.6   498.1  234.5
 625.7  104.4   508.7  233.5
1421.3  109.1  1527.5  246.4
1548.2  113.8  1692.1  253.3
1542.7   80.3  1689.3  214.0
 855.0  917.4   835.0 1048.5
 932.1  901.6   920.5 1024.8
1082.7  884.7  1085.4 1007.4
 619.8  869.7   554.9 1055.9
 757.2  863.1   718.0 1027.5
 841.2  857.4   820.6  978.0
1054.1  851.7  1054.0  966.9
1032.3  834.8  1030.2  946.6
 917.7  727.7   903.8  841.2
1091.3  705.9  1095.3  826.0
 790.1  695.1   760.3  816.9
 832.2  607.1   806.8  720.7
1399.5  621.2  1468.1  817.4
 612.9  535.1   530.2  705.3
1005.1  506.6   998.6  621.1
 722.5  446.0   675.4  563.6
1641.8  492.5  1861.8  809.4
 945.8  364.7   921.7  528.9
1010.3  375.6  1000.7  541.0
1286.9  394.0  1339.8  566.9
 995.2  298.8   981.0  461.1
1664.9  291.8  1864.4  504.7
 630.5  235.4   525.9  384.9
 692.7  237.5   603.3  387.6
 714.4  232.2   630.1  381.6
 699.7  248.1   612.7  399.7
1393.0  255.8  1479.7  415.0
1408.0  263.2  1499.1  425.0
1553.7  230.6  1706.0  411.4
1567.8  109.7  1723.1  253.1
1005.1   65.4   996.3  143.1
 435.7  746.5   347.3  907.3
1077.6  883.9  1079.8 1005.7
 948.1  170.1   927.3  276.5
 890.0  876.1   874.4  996.2
 957.0  809.0   948.0  919.2
 799.8  784.4   774.5  900.8
 958.3  746.8   948.7  859.4
1129.1  763.0  1136.4  876.9
 441.6  368.5   246.3  601.9
1017.8  731.7  1014.0  845.2
1104.3  677.5  1109.8  795.2
 754.2  634.2   719.4  752.9
1173.5  616.6  1187.0  732.0
 846.0  575.3   821.2  689.4
 928.1  572.0   913.1  685.8
 935.2  568.4   920.8  682.9
1018.4  283.7  1009.7  445.8
1410.3  285.7  1498.4  447.1
1412.6  322.1  1508.0  504.6
 992.6  246.6   977.3  401.6
 625.4  168.4   513.8  308.4
 642.6  168.5   535.1  308.8
 950.8  936.3   940.9 1064.1
1357.2  826.7  1408.0 1026.2
 457.5  755.4   373.4  915.3
1522.1  782.2  1592.1  954.9
1052.3   56.0  1051.7  133.0
1051.2  911.2  1050.9 1038.3
 883.7  880.6   867.5 1001.8
1030.8  820.6  1028.6  931.1
1582.6  472.1  1761.4  752.2
 787.5  755.0   760.6  870.5
1284.4  805.5  1317.7  975.6
 456.7  372.9   267.3  606.3
 796.2  712.5   769.7  825.6
 953.6  733.1   943.4  846.2
 797.3  686.3   769.0  804.4
 802.5  691.6   775.0  809.6
1080.4  676.2  1083.2  793.5
 509.2  345.8   357.3  544.2
 996.7  289.2   982.8  450.8
1554.4  116.1  1701.0  257.2
 778.1  927.5   748.0 1070.8
 856.5  936.2   836.5 1070.2
 913.5  915.4   899.9 1041.9
1051.1  916.5  1050.8 1043.5
 972.1  876.2   964.5  992.8
1020.1  904.6  1016.9 1027.8
1064.1  879.0  1065.1  999.6
1289.9  882.7  1325.8 1072.8
 734.3  858.0   692.6 1019.7
1210.8  846.2  1231.2 1004.8
 461.2  798.5   376.3  967.0
 990.9  763.7   984.7  876.2
1046.5  745.5  1045.7  859.3
1033.2  744.8  1031.1  858.6
1291.8  772.2  1327.2  942.3
 728.7  708.9   685.4  854.0
1030.1  727.6  1027.6  842.0
 788.3  674.5   758.9  792.1
1024.8  679.3  1021.5  797.9
1127.3  678.8  1135.3  796.4
1226.0  653.0  1246.0  774.4
1535.3  668.6  1614.4  839.5
 688.0  615.3   627.8  778.5
 753.6  617.7   718.4  735.1
1241.4  614.5  1264.3  737.6
1341.2  648.9  1389.2  819.4
 390.7  601.7   134.6  972.8
 387.1  575.8   157.7  898.1
1206.9  569.3  1225.1  684.3
1299.5  569.6  1338.4  719.8
 547.8  553.0   439.6  750.3
 883.8  545.0   863.2  657.1
1189.4  542.5  1206.0  657.2
1307.7  552.4  1348.7  702.5
1555.7  539.0  1727.8  845.5
 688.6  511.7   630.9  652.2
 834.0  501.5   807.0  610.0
 833.6  488.3   805.6  598.8
1036.9  511.5  1034.6  624.9
1084.2  502.0  1087.3  602.4
1358.7  439.0  1435.8  641.8
1535.4  432.8  1689.0  685.2
1323.4  413.2  1388.6  601.3
1394.9  393.4  1490.4  604.5
1590.4  423.0  1769.2  683.2
 322.3  381.2    76.9  630.6
 514.7  378.4   367.4  581.8
1125.5  344.7  1141.9  507.9
1643.5  346.2  1834.5  574.8
 504.8  301.7   351.5  488.3
 561.2  314.2   428.7  497.4
 749.6  303.0   676.3  465.0
1080.7  302.1  1087.3  464.2
1297.7  329.1  1356.4  496.7
1642.9  328.1  1833.3  550.4
 352.4  284.5   142.9  478.4
 406.0  276.9   209.2  471.8
 792.8  277.3   729.9  433.0
 802.7  294.2   742.4  453.7
1021.0  288.5  1013.0  450.2
 713.0  227.0   627.7  376.1
 820.9  253.4   763.5  406.8
 532.1  186.9   395.0  332.8
 639.0  174.1   531.1  315.2
 701.1  204.9   611.7  350.3
 983.0  181.1   968.8  291.9
1314.0  171.0  1376.2  300.6
1485.3  182.8  1603.8  333.5
1605.2  198.3  1799.8  395.4
 525.5  143.5   384.8  279.8
 606.4  158.3   487.8  297.8
 591.2  149.6   468.3  287.2
 612.8  134.3   494.1  269.6
 841.6  147.8   801.4  246.9
1110.0  142.4  1119.8  236.3
1351.4  142.1  1422.6  264.9
1552.1  121.1  1697.6  263.3
 570.8  105.8   434.1  239.7
 847.5  112.9   809.7  202.6
1556.7  110.0  1704.2  249.5
1575.3   88.2  1734.4  226.5
 829.8  911.0   806.8 1044.2
 829.9  927.4   806.9 1062.1
 833.9  924.2   811.5 1057.7
 909.0  912.4   894.9 1038.9
 857.0  942.8   837.2 1077.0
 925.7  953.8   913.0 1087.2
 957.2  938.5   947.7 1068.2
 962.4  938.1   953.6 1066.7
 957.5  929.2   948.2 1056.8
1024.2  910.8  1021.3 1033.7
1059.6  937.9  1060.2 1068.9
1069.9  937.3  1071.5 1068.1
1097.9  943.6  1102.5 1079.5
1102.1  915.5  1106.9 1045.9
1079.1  927.7  1081.6 1059.3
1230.5  921.6  1251.5 1075.5
 608.7  876.4   545.0 1055.8
 536.4  886.9   463.6 1065.0
 652.3  870.5   592.7 1055.7
 841.4  897.4   820.3 1025.2
 833.5  908.1   811.8 1035.5
 842.5  867.5   821.9  989.9
 898.3  892.5   883.5 1014.3
 907.1  884.7   893.3 1004.5
 880.3  892.1   863.6 1015.6
 944.5  908.0   934.1 1031.4
 953.8  887.1   944.4 1006.7
1066.2  872.4  1067.3  991.5
1094.8  878.8  1098.8 1001.1
1104.1  892.6  1109.0 1018.5
1198.6  887.1  1218.0 1054.7
1215.5  885.4  1237.1 1052.6
1207.9  878.9  1228.5 1046.0
1394.6  885.4  1445.2 1071.6
 469.5  838.8   384.6 1015.3
 541.4  829.0   467.6 1002.9
 671.1  827.8   615.1 1004.2
 671.8  824.6   618.1  993.7
 711.0  851.5   665.8 1013.9
 757.4  862.7   719.1 1023.3
 733.5  865.7   691.5 1029.1
 791.4  852.9   764.5  980.1
 785.4  839.8   757.7  966.4
 836.4  849.6   815.4  968.8
 794.8  861.6   768.3  989.4
 885.7  842.3   870.1  956.1
 884.7  855.1   869.0  970.8
 860.2  850.2   841.9  966.9
 864.7  837.1   847.2  950.9
1059.5  845.4  1059.9  955.1
1059.2  846.6  1059.6  960.7
1027.0  842.5  1024.5  954.0
1119.6  855.5  1125.8  974.9
1101.0  862.0  1105.5  982.4
1106.4  871.5  1111.7  998.4
1209.3  856.9  1229.9 1020.1
1198.3  845.3  1217.5 1007.1
1300.7  849.2  1338.5 1035.6
1240.8  827.8  1266.3  991.5
1468.7  826.8  1527.3  996.4
1513.2  849.6  1581.4 1030.8
1507.6  848.5  1574.1 1027.2
1504.4  843.8  1570.2 1021.2
1519.8  843.7  1589.5 1025.3
1532.9  852.3  1606.8 1040.7
1514.9  852.0  1582.8 1032.2
 444.3  783.1   356.1  950.9
 460.2  818.2   375.3  989.2
 477.0  808.2   396.5  973.6
 545.5  818.4   474.0  986.8
 576.6  814.3   510.1  980.6
 677.8  807.5   624.3  976.3
 666.9  786.9   608.6  962.3
 664.7  810.5   609.2  980.1
 787.4  780.3   760.4  898.7
 795.8  789.6   770.3  906.0
1067.0  781.5  1068.1  894.0
1100.4  819.8  1104.6  932.2
1190.2  789.6  1208.8  947.9
1211.8  806.5  1231.7  955.7
1255.0  784.6  1283.4  948.1
1251.3  791.8  1279.2  956.3
1317.6  784.2  1361.1  973.8
1356.9  806.3  1409.0 1007.7
1439.2  811.4  1511.0 1030.2
1504.0  788.5  1569.7  958.2
1511.4  786.0  1578.9  956.8
1488.2  792.7  1551.5  962.6
1511.8  809.4  1579.2  983.2
1521.9  815.5  1591.2  991.3
1592.6  811.4  1682.2 1007.8
 450.2  776.0   366.9  935.3
 437.2  741.1   342.7  912.3
 430.8  740.5   341.9  900.0
 448.3  759.4   362.2  921.1
 451.5  767.0   364.6  932.1
 489.9  738.5   412.1  892.6
 531.9  744.1   461.8  895.0
 689.8  739.8   639.5  894.5
 721.2  744.1   676.1  896.5
 874.9  760.5   857.5  871.5
 970.8  741.4   962.4  854.8
1067.9  776.0  1069.2  888.5
1074.5  775.4  1076.4  888.2
1142.7  755.7  1151.4  870.2
1177.9  773.2  1190.4  891.0
1241.8  764.4  1267.3  919.3
1391.2  761.2  1453.7  969.7
1545.6  762.3  1623.5  941.8
1485.9  780.4  1548.7  948.1
1584.5  752.8  1676.6  947.5
 449.6  708.4   361.3  867.1
 476.7  733.3   395.8  888.9
 491.0  732.3   412.9  886.5
 496.8  718.7   419.4  871.1
 729.9  712.0   687.3  855.8
 737.4  717.4   694.9  864.6
 852.9  694.0   831.0  811.4
 911.8  728.9   897.3  842.6
 859.1  694.0   837.8  811.6
 875.1  699.6   855.7  816.9
 953.4  733.0   943.2  846.2
 994.7  702.3   988.2  820.6
 983.5  704.1   975.9  819.7
1110.6  708.2  1116.8  828.4
1101.9  708.8  1107.0  828.6
1247.5  725.5  1274.3  877.8
1532.0  712.7  1608.2  885.4
1573.0  701.1  1662.1  884.9
 411.1  672.8   175.3 1051.6
 562.8  676.5   473.0  868.2
 664.6  649.7   603.7  810.1
 671.4  651.2   611.4  812.4
 640.8  675.9   575.0  843.4
 738.8  666.9   700.0  796.3
 717.8  652.3   673.2  789.4
 779.5  685.8   748.8  805.7
 846.4  668.0   823.5  783.9
 894.1  670.8   876.5  787.2
 917.3  677.1   902.0  795.1
 940.5  673.7   927.9  790.8
1052.1  685.2  1051.8  804.4
1072.7  681.1  1074.7  799.8
1201.3  664.9  1217.9  784.3
1206.8  654.6  1224.3  775.3
1205.6  666.2  1222.5  784.9
1246.1  679.2  1270.5  814.6
 401.8  605.5   194.4  913.2
 529.5  638.9   430.5  829.6
 538.4  610.7   436.5  804.8
 628.4  607.2   555.1  776.4
 628.0  607.8   555.0  776.2
 617.4  605.4   540.2  778.7
 771.8  643.0   740.4  757.5
 871.8  641.9   851.7  754.9
 984.1  606.8   976.2  717.0
1068.7  627.8  1070.3  744.1
1091.8  606.9  1096.1  723.4
1128.4  613.7  1136.9  730.8
1109.8  606.0  1116.3  723.5
1195.4  612.0  1211.8  729.0
1236.2  604.7  1258.4  725.7
1245.2  609.5  1268.9  732.8
1399.2  632.8  1465.9  826.0
 552.5  570.6   447.8  767.1
 557.9  573.9   454.9  770.0
 541.6  570.9   433.9  768.8
 540.3  564.8   431.0  763.6
 543.5  577.3   437.4  774.4
 624.9  596.5   550.2  765.5
 761.4  602.4   727.5  716.9
 755.1  597.8   719.8  714.0
 839.9  576.5   814.6  690.1
 842.1  592.5   817.1  707.5
 801.9  600.7   773.0  713.7
 915.6  590.4   899.7  702.5
 906.5  566.1   888.8  679.3
 996.6  599.9   989.8  714.8
 998.9  576.6   992.2  690.8
1051.4  574.0  1050.9  689.8
1102.6  589.0  1108.3  705.7
1442.6  574.1  1537.3  802.0
1518.1  570.5  1615.7  767.3
1522.9  583.1  1623.0  785.6
1563.8  585.0  1735.7  901.5
1679.2  605.5  1939.4 1003.4
 553.7  557.0   446.8  755.1
 603.6  539.5   520.5  707.8
 617.6  529.3   535.3  699.3
 793.1  524.5   761.2  635.5
 802.9  541.8   772.8  652.8
 803.4  519.1   772.4  630.6
 800.8  531.5   769.9  642.9
 837.7  559.9   812.0  671.7
 883.9  526.9   862.8  639.5
1060.7  526.6  1061.4  640.7
1011.5  554.9  1006.2  669.4
1207.0  535.0  1226.1  651.0
1307.8  557.4  1348.7  707.6
 630.2  508.8   552.5  670.8
 633.4  503.5   555.5  665.8
 772.1  512.3   737.1  623.6
 919.2  506.8   902.1  619.2
 908.7  488.7   890.0  600.1
 984.7  491.6   975.7  604.1
 984.2  514.6   975.1  628.8
1180.4  504.9  1196.4  619.4
1170.5  504.7  1185.3  618.9
1271.7  477.7  1301.9  597.7
1275.4  498.7  1310.4  637.6
1460.0  473.5  1566.9  693.1
1422.9  491.9  1518.5  712.8
1571.9  492.1  1745.6  776.5
1635.2  514.2  1859.6  849.1
1672.4  473.5  1899.5  777.7
 434.3  450.0   225.6  723.6
 547.9  432.2   420.1  634.0
1010.6  466.5  1004.9  575.0
1015.7  467.4  1010.6  576.2
1189.9  465.6  1207.8  578.9
1350.0  440.1  1423.6  639.9
1355.1  449.4  1430.9  653.6
1433.1  446.2  1534.0  661.2
1432.2  441.1  1533.9  656.8
1513.6  429.9  1648.7  662.0
1579.0  455.7  1754.1  726.7
1674.7  454.7  1894.0  741.1
1680.1  455.5  1903.0  744.3
1690.3  437.1  1913.2  715.1
 431.7  402.5   224.4  657.3
 517.3  422.9   364.0  648.1
 521.0  417.6   385.9  616.5
1209.8  394.0  1244.8  564.8
1275.7  403.1  1329.1  587.7
1275.2  396.5  1325.2  569.0
1291.9  405.5  1347.3  585.1
1340.7  408.1  1413.2  603.0
1399.4  410.7  1494.9  624.0
1410.3  421.7  1505.8  631.7
1518.2  392.3  1652.5  610.2
1527.0  422.5  1665.1  651.0
1514.3  418.6  1647.3  643.7
1486.4  426.4  1608.7  649.0
1494.7  427.1  1618.6  648.6
1586.7  428.0  1766.5  692.8
1585.3  401.9  1760.0  651.8
1571.1  402.1  1732.3  639.4
1650.3  414.7  1852.6  676.7
 434.2  380.6   228.0  627.9
 440.6  378.9   239.6  621.9
 514.9  369.1   365.4  572.8
 499.2  371.7   343.4  578.8
 509.3  373.6   357.3  579.9
 605.6  358.6   483.4  556.3
 552.9  347.6   414.5  544.8
 707.4  369.8   627.2  540.8
 802.8  357.8   747.1  519.5
 932.0  363.3   905.5  523.6
 950.9  364.1   928.0  527.9
1069.2  384.0  1072.7  552.5
1142.2  360.5  1162.0  523.9
1152.8  360.4  1174.9  523.1
1136.6  344.9  1155.8  509.4
1106.5  344.1  1118.6  506.7
1133.1  359.6  1150.9  522.3
1203.4  349.9  1237.8  514.6
1198.1  367.7  1230.2  531.4
1160.7  365.8  1184.5  529.2
1156.3  345.7  1179.8  509.6
1223.1  351.2  1262.0  516.3
1243.3  352.1  1286.7  517.0
1234.0  351.4  1275.3  516.2
1243.3  346.8  1287.2  512.1
1344.8  345.8  1422.5  535.0
1390.5  379.0  1483.8  584.4
1399.0  382.1  1495.3  589.7
1487.0  367.1  1610.3  574.5
 504.5  312.4   351.8  501.0
 484.2  304.4   318.3  499.4
 559.4  340.0   420.6  538.1
 663.5  324.4   558.7  509.9
 648.2  319.3   539.6  502.9
 645.9  313.3   536.4  495.8
 685.4  328.5   589.2  510.2
 749.7  328.5   681.0  486.2
 750.4  341.0   682.3  500.7
 895.5  331.6   859.4  491.4
 867.9  331.5   825.7  490.8
1044.7  330.3  1042.7  495.5
1184.4  343.2  1214.7  507.7
1338.8  340.9  1413.8  526.6
1333.5  334.6  1407.3  518.9
1412.8  322.9  1507.4  504.1
1417.9  331.0  1514.7  516.0
1444.8  319.1  1545.6  495.6
1535.7  331.1  1675.9  532.8
1541.4  325.0  1684.6  526.7
1545.2  333.6  1693.5  543.2
1626.5  337.8  1813.3  565.3
1614.1  308.8  1803.9  535.2
1662.6  295.8  1862.8  511.5
 598.5  287.9   476.6  463.2
 583.4  275.0   466.4  435.0
 649.7  272.5   549.7  431.3
 668.8  279.4   572.8  441.0
 712.9  289.5   630.2  449.2
 784.9  263.0   719.0  418.0
 893.7  297.4   855.0  458.6
 899.8  297.5   862.5  459.0
 905.5  297.3   869.6  458.7
 910.6  297.6   876.0  459.2
 989.2  277.9   973.3  437.4
 985.9  285.6   969.4  445.5
 966.7  264.1   945.2  420.9
 989.9  272.2   974.1  430.9
 984.4  271.1   967.2  430.4
1035.9  282.1  1031.5  443.1
1018.2  268.1  1009.4  427.6
1079.3  297.9  1085.5  458.2
1214.3  279.8  1254.8  442.9
1171.2  275.1  1200.5  435.6
1174.2  287.6  1203.6  447.5
1270.9  289.7  1324.7  452.3
1278.8  289.6  1334.2  451.3
1280.9  274.3  1336.4  431.2
1243.3  268.1  1291.0  428.1
1340.5  267.2  1413.1  427.8
1327.0  272.2  1395.6  432.8
1380.3  287.5  1461.7  450.6
1418.0  254.0  1512.1  414.5
1404.2  258.3  1494.3  418.9
1563.4  289.8  1721.2  491.5
1630.8  263.1  1824.9  472.8
 391.8  227.0   189.0  408.2
 405.2  240.0   201.8  429.5
 391.9  232.8   190.4  414.8
 504.7  248.4   349.3  422.3
 545.9  211.5   415.3  360.7
 594.5  226.6   481.5  373.2
 529.0  221.0   376.4  391.7
 636.8  244.2   534.1  395.2
 630.0  240.4   525.7  390.4
 648.6  214.8   548.1  359.6
 689.7  241.9   600.2  392.1
 987.7  252.3   971.2  407.5
1024.4  256.8  1017.0  416.3
1047.5  226.0  1046.0  367.5
1038.7  221.4  1035.1  360.1
1116.8  228.8  1131.7  370.0
1181.6  220.0  1211.8  359.5
1376.4  241.0  1459.5  397.5
1375.9  228.2  1460.7  384.6
1423.0  220.3  1520.8  375.8
1416.7  249.1  1510.8  408.7
1518.8  231.0  1646.7  395.0
1561.9  246.5  1711.0  425.4
 443.1  166.0   247.6  335.8
 443.5  187.5   249.7  362.7
 525.4  204.8   382.6  359.5
 505.3  190.0   347.9  349.7
 513.3  196.6   358.9  357.3
 502.3  172.8   343.5  328.1
 546.1  205.3   414.7  353.7
 539.1  205.4   409.4  350.2
 572.3  176.4   448.9  316.1
 659.9  206.0   560.0  351.9
 649.1  176.3   543.5  318.5
 719.6  193.2   633.7  337.5
 818.0  197.9   762.8  331.1
 852.5  203.6   805.4  337.7
 861.5  210.3   816.5  346.1
 971.7  202.7   952.9  333.9
 987.9  203.4   972.7  335.1
 993.8  185.5   981.3  300.2
 953.7  176.7   933.8  285.7
1035.8  197.8  1031.9  315.8
1029.4  172.7  1024.5  278.0
1131.4  211.5  1149.2  345.9
1220.0  204.9  1258.5  338.3
1214.9  199.0  1252.8  333.3
1200.6  173.5  1229.9  283.8
1344.2  194.2  1419.1  339.1
1341.0  189.0  1413.5  329.8
1453.6  199.7  1561.5  352.5
1544.5  164.0  1684.0  314.6
1478.4  181.5  1594.8  331.7
1492.5  173.3  1613.6  322.1
1488.6  164.5  1610.2  312.9
1624.2  173.9  1824.7  361.8
1626.3  166.1  1830.0  353.4
 327.9  146.1    88.4  314.3
 436.3  119.9   228.9  282.3
 458.5  149.8   259.9  321.0
 598.2  136.5   476.3  271.6
 626.2  162.6   514.0  302.0
 618.3  149.9   503.0  287.1
 704.0  124.4   620.2  243.1
 700.7  131.3   616.8  250.6
 698.4  126.3   613.0  245.7
 723.0  141.2   646.7  259.4
 786.9  151.6   731.4  260.8
 791.9  159.9   735.4  274.8
 994.0  167.7   982.3  272.1
1017.1  166.7  1009.8  271.2
1005.6  165.7   996.1  270.1
1139.3  153.0  1154.9  251.9
1111.9  157.3  1122.3  256.3
1116.0  145.0  1126.9  239.4
1195.0  160.4  1222.2  264.6
1252.3  164.6  1292.0  273.0
1340.0  152.7  1407.8  276.8
1347.5  153.1  1420.3  282.8
1343.2  127.0  1409.1  240.9
1445.6  136.7  1557.4  280.2
1413.4  126.7  1517.0  268.5
1414.5  136.2  1516.6  278.4
1434.2  147.4  1539.8  290.1
1427.8  142.7  1533.0  285.8
1540.9  115.3  1682.7  255.3
1538.8  128.4  1680.0  272.2
1532.6  128.4  1671.7  272.0
1491.8  144.7  1615.5  289.0
1668.9  142.6  1894.8  327.1
 329.9   67.8    77.3  218.3
 337.0   89.9    92.1  244.8
 349.3   74.7   105.1  226.6
 436.1   86.3   226.4  239.1
 407.6   91.4   186.3  247.2
 524.6   73.8   376.5  197.4
 446.9  103.8   246.1  258.5
 510.3   75.7   357.3  200.5
 457.8   75.5   283.2  205.1
 521.9  109.8   381.4  236.2
 444.1   74.4   233.8  225.4
 574.6  111.9   445.0  241.8
 585.1  118.2   457.1  251.0
 581.8  108.5   453.4  238.1
 631.4  105.3   515.0  235.5
 636.9   89.2   519.5  217.8
 637.6  102.2   520.7  234.2
 642.0  103.2   532.3  228.9
 744.1  101.3   685.3  192.2
 862.0   80.4   826.9  164.0
 934.6   84.0   913.0  167.3
 974.5   91.8   959.9  176.7
1019.7   83.6  1013.5  163.6
1074.3   98.6  1077.7  184.7
1035.1   98.4  1031.4  184.1
1049.1   88.9  1047.9  171.1
1155.3  112.7  1173.3  201.5
1160.3  115.3  1179.3  204.7
1159.7  116.0  1178.6  206.1
1160.3  104.7  1179.4  193.0
1372.9   86.6  1454.7  203.7
1374.5   87.0  1455.5  202.4
1388.4  100.1  1473.7  220.0
1381.0   76.7  1464.4  190.7
1434.1   80.7  1548.7  215.1
1462.7   75.3  1584.2  206.4
1434.0   73.1  1544.4  200.7
1466.2   88.5  1587.1  221.7
1401.2  102.6  1494.8  229.6
1457.4   80.9  1576.8  213.1
1432.7   91.2  1544.4  225.8
1536.7   79.8  1680.5  212.4
1549.3   96.5  1696.0  233.2
1478.0   73.5  1604.4  204.2
1580.2   84.6  1740.9  221.8
1586.0   98.8  1749.3  241.0
1603.7  100.7  1785.3  253.8
 301.1   54.2    33.5  202.6
 342.0   30.7    84.0  173.4
 395.1   32.2   150.3  178.9
 517.6   65.0   367.2  186.4
 509.1   69.6   355.0  193.3
 499.2   48.0   340.0  167.3
 472.6   65.2   300.9  192.8
 518.8   71.6   370.2  193.8
 604.3   36.1   474.3  152.8
 623.6   43.2   519.2  143.8
 633.7   70.8   515.2  194.4
 632.8   35.9   513.2  150.7
 658.0   34.6   557.6  137.3
 626.0   65.9   504.7  188.8
 627.5   37.1   505.8  152.6
 627.8   70.1   507.3  194.0
 625.1   60.4   503.8  181.5
 699.7   43.4   629.6  126.5
 867.8   65.9   833.3  147.9
 920.5   35.6   896.4  109.8
 916.5   55.6   891.1  135.5
 908.7   49.3   881.5  129.0
 867.7   58.3   833.1  139.2
 989.9   68.2   978.5  146.5
 987.0   50.1   975.1  124.6
 978.5   58.5   965.1  134.9
 928.7   56.4   906.0  134.9
 937.6   40.5   917.1  113.8
1027.4   61.6  1022.5  138.4
1044.7   53.1  1042.8  127.4
1022.2   45.9  1016.3  121.6
1047.9   61.7  1046.5  139.3
1096.2   47.9  1103.9  128.5
1081.2   55.2  1085.6  131.5
1081.0   45.2  1085.5  121.7
1221.9   39.3  1253.1  117.9
1173.0   69.7  1193.6  149.2
1387.7   68.6  1475.3  183.6
1327.1   37.0  1380.9  119.1
1342.0   54.1  1398.5  139.2
1363.2   47.9  1424.6  132.7
1409.3   65.9  1503.3  181.0
1410.1   50.1  1504.9  161.7
1430.2   64.3  1541.6  191.6
1415.9   52.0  1513.2  165.0
1464.7   64.5  1587.1  192.7
1538.3   41.5  1687.2  166.6
1538.6   42.4  1688.0  168.0
1534.9   35.5  1683.1  159.1
1534.5   29.3  1683.5  151.5
1532.3   23.2  1680.7  143.6
1530.3   54.0  1674.0  180.5
1510.3   63.4  1646.3  191.3
1589.5   66.6  1756.8  201.2
1575.5   52.2  1737.1  181.3
1645.5   23.8  1857.8  162.3
1651.8   38.1  1869.6  183.7
 648.5   22.4   542.3  125.2
 704.1   17.5   635.3   95.1
 978.3   19.0   964.6   90.1
 967.5   24.3   952.1   95.4
 964.8   25.4   948.8   97.0
 994.1   14.4   983.1   85.0
 991.2   27.0   980.3   96.4
1031.4   19.6  1027.1   91.1
1031.8   14.4  1027.4   85.7
1020.9   20.8  1014.7   92.5
1150.6    7.6  1169.1   82.9
1108.2    6.3  1117.6   75.8
1181.2   15.8  1205.3   91.7
1184.0   18.8  1208.8   95.5
1171.1   11.0  1193.8   87.6
1327.8   27.6  1382.1  108.6
1318.6   10.6  1371.9   89.2
1446.9   18.7  1563.6  133.1
1554.9   17.7  1711.3  137.2
1525.3    0.4  1675.3  116.7
 526.9  525.4   410.3  723.2
 848.3  610.3   824.6  724.8
 343.0  349.7   119.3  574.1
 929.9  461.3   913.4  572.7
 977.5  334.6   959.7  499.5
 645.3  195.2   541.7  338.3
1260.2  161.5  1300.8  267.7
1049.3   12.0  1048.1   82.6
 671.6  787.6   615.5  958.5
 869.7  813.7   852.8  923.9
 403.4  677.0   303.0  839.7
 839.8  570.8   814.3  684.0
1157.5   12.0  1177.4   88.4
 859.0  670.8   837.5  787.5
 906.8  673.7   890.4  791.0
1300.5  321.5  1360.8  489.8
1415.0  253.8  1507.7  413.1
1468.0  195.3  1580.3  347.7
1165.9  113.9  1185.8  203.1
1312.8   40.2  1362.6  121.3
1191.4  600.4  1207.2  715.7
1137.9   -8.5  1154.0   63.8
 881.3  220.5   840.1  361.6
 864.3  920.8   845.3 1051.4
1180.3  213.6  1210.0  350.6
1361.2  799.1  1414.4 1000.6
 757.6  625.9   722.9  744.0
1658.5  290.4  1857.0  504.0
1090.8  610.4  1094.9  725.6
 612.2  529.3   528.8  699.7
 866.9   28.7   830.5  107.4
1616.1  194.8  1813.8  389.9
1089.2  885.7  1092.5 1008.6
 749.6  853.7   709.5 1016.5
 875.2  736.5   857.1  850.2
 705.1  294.7   622.2  452.7
 471.8  747.9   390.4  905.5
 356.3  174.2   131.7  347.6
1396.5   77.9  1485.0  193.4
1054.0  776.0  1053.9  888.7
 427.1  216.8   232.9  396.9
 432.2  142.4   218.2  316.4
 668.8  793.3   612.7  963.9
 872.5  833.5   855.8  946.1
1012.3  677.5  1007.5  794.9
1402.0  269.9  1490.4  431.4
1568.4   89.3  1726.0  228.4
 809.1   94.1   764.3  180.6
 999.6   60.1   989.8  136.8
 655.1  281.2   555.8  443.1
 994.5  275.3   979.8  435.0
 596.7  854.4   530.2 1033.5
1318.6  865.4  1360.5 1060.2
 444.0  443.6   240.8  712.0
 346.9  156.2   120.2  323.2
 748.4  866.7   708.3 1030.4
1197.7  716.3  1214.1  842.7
 737.6  448.0   694.5  561.1
1087.6  268.0  1096.1  425.5
 488.5  444.4   317.4  688.8
 836.0  668.5   811.9  785.2
1260.9  726.4  1290.3  882.9
1342.4  439.0  1414.0  638.0
 744.8  662.5   706.8  790.9
1239.0  665.4  1262.1  797.3
 441.4  499.5   290.7  712.8
 505.4  253.4   351.7  427.0
1390.4  218.4  1479.2  372.8
 330.7  610.3    21.6 1024.0
 338.2  125.6    99.6  288.8
 834.9  508.5   807.4  620.3
 925.4  476.2   908.7  587.1
 997.5  512.0   990.1  626.4
1373.2  427.5  1456.3  633.1
1008.8  158.7  1000.1  260.2
 842.1  107.5   803.7  195.3
1167.9    5.2  1190.0   80.7
1528.1  890.8  1602.4 1087.7
 539.3  518.6   425.4  715.1
 425.7  394.5   216.7  646.3
1045.1  221.6  1043.1  360.0
1619.1  637.5  1728.6  832.1
1177.7  778.5  1190.2  897.2
 933.8  205.1   906.4  336.9
1044.0  291.0  1041.7  451.7
