 705.2 1020.1   871.1  429.5
 905.6 1033.8   984.5  448.3
 961.6 1032.6  1016.9  449.2
 916.6  988.2   996.7  383.5
1159.2  980.9  1130.0  387.0
 952.4  816.0  1048.7   -0.5
1187.2 1013.7  1144.6  406.7
 913.6 1035.6   988.7  452.7
1657.0  800.2  1254.8   -0.8
 704.5 1010.1   872.7  417.6
 699.3 1001.1   877.6  385.6
 793.8  870.8   995.5   38.9
 681.0  919.3   874.6  325.0
1051.4 1064.3  1067.5  486.9
1052.4 1059.0  1068.3  481.8
 700.4 1030.3   865.6  444.4
 929.3 1031.1   998.3  447.1
 779.3  979.5   921.9  375.2
 967.7  993.2  1024.8  384.5
 936.4  992.1  1007.8  383.1
1004.2 1059.1  1039.9  480.3
1673.1  799.4  1259.6   -0.8
 704.1 1003.4   879.6  388.9
