 850.4  719.4   856.8  674.0
1669.8 1036.2  1617.2  933.5
 391.3  910.5   430.3  841.9
 987.2 1076.9   988.0 1021.4
 806.8 1042.8   816.0  987.3
 831.2 1038.0   839.1  983.6
 833.8 1057.4   841.7 1001.9
 814.5 1029.1   823.2  974.9
 819.4 1047.2   828.0  991.5
1025.7 1023.8  1024.4  971.9
1027.9 1031.5  1026.5  978.9
 983.7 1062.7   984.6 1007.9
1109.2 1030.6  1104.1  975.0
1080.1 1067.1  1076.6 1009.9
1095.5 1046.3  1091.1  989.8
 870.7  968.9   875.8  921.7
 840.9  994.9   847.7  945.0
 922.7  991.2   925.8  942.6
1038.6  991.1  1036.6  941.8
1105.9  994.3  1100.8  942.0
1116.9 1006.3  1111.3  952.6
1092.2 1001.8  1087.8  949.6
1099.8  993.6  1095.0  941.8
1099.7  987.3  1094.9  935.8
1128.2  963.8  1121.8  912.8
1220.1 1055.8  1206.8  976.5
1223.2 1049.9  1209.8  971.4
 549.4 1032.9   581.2  949.2
 586.8 1042.0   615.9  958.0
 671.9 1014.8   692.5  941.8
 674.2  993.0   694.3  922.2
 594.9 1046.9   623.6  962.0
 713.1 1021.7   731.0  948.7
 867.9  946.0   873.0  900.4
 904.1  918.7   907.4  874.5
 941.5  931.2   943.3  886.6
 930.6  938.1   932.9  893.8
1022.8  925.4  1021.1  879.6
1034.7  926.8  1032.4  881.1
1102.7  925.6  1097.5  878.9
1122.1  943.3  1116.0  894.3
1115.7  921.8  1109.8  873.3
1262.0  998.1  1245.6  921.5
1268.8 1034.8  1252.1  955.4
1272.3  920.2  1254.3  846.4
1434.4 1078.4  1404.0  983.7
 568.2 1014.2   599.7  928.5
 618.2  987.0   644.3  908.5
 613.1  970.6   639.6  892.7
 738.6  914.9   750.8  864.3
 774.4  865.4   783.8  820.7
 777.1  871.2   786.3  826.4
 863.3  861.5   868.7  816.0
 838.5  860.2   845.0  814.8
 955.6  860.2   956.8  813.3
 910.0  876.5   913.2  830.7
 989.9  878.8   989.5  831.4
 983.5  893.0   983.4  846.8
1045.1  873.6  1042.1  825.8
1063.2  863.2  1059.2  814.8
1174.9  864.1  1165.5  814.6
1346.4  984.3  1322.2  898.7
1378.0 1019.3  1350.2  925.0
1329.0 1000.1  1306.3  914.4
1287.9  963.1  1268.6  883.5
1399.9  195.0  1357.5  154.6
1865.2  856.2  1722.3  663.9
 420.2  725.7   479.3  630.2
 601.2  936.9   629.0  859.5
 639.8  908.9   663.7  837.0
 604.2  922.1   631.5  846.7
 628.4  926.2   653.3  852.6
 769.3  837.3   779.3  791.6
 814.3  844.2   822.1  798.6
 859.7  848.3   865.3  802.1
 826.4  844.3   833.6  798.8
 964.6  846.3   965.3  798.7
 964.3  859.4   965.0  812.4
 990.7  856.5   990.1  809.2
1151.5  860.4  1143.2  812.2
1185.1  850.6  1175.0  801.1
1288.2  936.6  1268.6  858.4
1435.1  972.3  1399.0  869.5
 786.2  783.5   796.3  735.2
 849.7  785.1   856.4  736.4
 980.9  799.9   980.8  749.4
1162.4  797.6  1152.5  746.3
1078.1  805.6  1072.8  753.8
1156.1  798.4  1146.6  747.1
1256.7  824.5  1240.3  763.1
1205.1  805.4  1192.9  752.9
1258.6  839.4  1242.2  777.0
1259.7  806.6  1243.1  746.5
1216.7  786.0  1203.8  735.0
1260.6  811.7  1243.9  751.3
1255.7  831.5  1239.4  769.6
1592.6  898.6  1548.2  813.7
1611.9  877.1  1564.7  791.6
1681.9  765.3  1586.3  617.7
 827.0  744.4   834.9  697.5
 858.1  747.7   864.3  700.1
 950.6  761.5   951.9  713.4
 926.4  766.5   929.2  716.1
 910.7  760.5   914.1  712.1
 901.1  760.3   905.0  712.4
1079.8  736.6  1073.9  686.9
1102.5  740.9  1095.3  690.1
1229.6  744.3  1214.9  691.1
1247.5  761.2  1231.9  707.1
1246.7  768.0  1231.2  713.8
1244.5  743.2  1229.1  690.6
1843.0  650.9  1717.3  511.6
 368.2  173.3   448.7  122.3
 735.3  718.5   748.5  671.3
 733.2  695.1   746.6  648.4
 719.8  728.5   734.4  679.2
 950.1  710.9   951.4  662.3
 943.5  710.1   945.2  661.7
 952.0  697.6   953.1  649.1
1057.5  728.9  1052.8  679.0
1095.8  709.6  1088.7  660.0
1096.4  716.1  1089.4  666.0
1098.3  702.3  1090.9  649.4
1173.1  724.8  1161.8  674.5
1228.7  724.4  1214.0  672.6
 724.4  683.3   738.6  636.2
 751.5  674.0   764.0  627.9
 781.1  639.2   792.3  592.6
 972.1  672.9   972.1  624.1
 934.1  666.0   936.3  617.6
 963.8  667.3   964.2  619.0
1052.0  684.3  1047.3  634.7
1048.0  677.0  1043.5  627.6
1104.6  654.9  1096.5  605.1
1105.5  663.8  1097.4  613.9
1104.2  641.6  1096.0  592.5
1173.9  660.5  1161.7  610.4
1186.7  656.4  1173.6  606.2
1414.5  783.6  1378.9  697.2
 359.0  651.9   448.3  529.1
 410.6  729.1   470.8  633.1
 611.9  703.1   641.9  632.6
 631.9  675.0   658.6  610.6
 737.1  594.4   751.3  549.1
 733.6  627.0   747.2  582.8
 808.6  630.8   818.5  583.1
 909.9  620.4   913.5  572.9
 894.9  624.0   899.5  576.7
1088.6  623.7  1081.1  574.0
1104.1  631.7  1095.8  582.3
1080.7  605.1  1073.7  556.3
1090.1  633.6  1082.7  584.0
1108.1  625.2  1099.4  574.9
 912.6  583.8   916.1  536.7
1312.0  610.8  1288.2  553.6
 907.1  572.9   911.2  524.4
 611.2  568.2   652.0  484.5
 553.9  578.9   605.8  485.0
1721.9  675.6  1623.6  545.9
 296.2  580.9   389.4  473.8
 224.5  633.2   338.8  505.6
 579.5  563.3   627.1  473.5
1262.5  516.0  1233.1  434.6
1299.6  518.1  1266.0  435.9
1276.8  517.0  1245.6  434.9
1214.6  513.0  1190.4  432.1
1263.5  510.7  1233.7  429.1
1377.0  560.4  1333.8  469.4
1322.5  509.6  1286.4  428.3
1486.7  576.8  1423.9  469.2
1659.8  612.6  1571.8  495.2
1665.0  596.9  1576.2  481.7
1591.9  560.2  1515.5  454.6
1903.4  311.3  1752.8  214.0
 346.9  533.0   429.6  436.6
 379.6  481.3   456.1  393.9
 480.2  456.2   542.2  374.4
 670.7  465.4   706.2  389.4
1000.7  443.9   999.6  365.9
1000.4  451.6   999.3  373.8
1272.9  449.5  1240.1  369.7
1517.9  510.1  1452.7  414.7
1628.3  513.4  1548.0  415.3
1689.7  516.8  1594.5  409.1
1677.4  507.3  1586.1  403.8
1671.6  484.0  1581.0  383.9
 566.4  436.6   615.3  361.2
 532.5  391.8   585.1  321.9
 593.0  396.3   638.4  325.9
 532.1  385.5   585.0  315.8
 734.4  420.0   763.4  347.1
 658.8  403.4   696.5  332.5
 967.9  432.2   970.5  355.1
1278.4  431.5  1244.5  352.6
1243.4  434.1  1213.7  355.0
1406.2  426.1  1356.7  346.4
1418.0  406.6  1366.4  328.2
1520.9  413.7  1456.4  333.2
1471.0  430.1  1413.9  349.7
1584.0  398.5  1511.2  319.0
1573.5  395.6  1501.9  316.5
1563.8  419.4  1494.5  338.7
1805.8  450.2  1684.6  341.8
1859.8  471.3  1730.8  359.7
1813.7  485.4  1692.7  372.9
 545.9  366.5   597.4  298.6
 538.7  371.6   590.7  303.5
1513.7  368.8  1448.2  291.6
1525.9  359.8  1458.5  283.4
1513.9  381.5  1449.0  303.5
1583.7  374.8  1509.9  297.3
1565.7  369.8  1493.7  292.3
1804.6  408.5  1681.0  304.4
1805.7  390.0  1677.7  285.0
 478.1  282.3   541.3  220.1
 473.7  293.8   537.0  230.7
 482.9  288.6   544.8  226.5
 470.2  274.3   534.3  213.2
 499.9  312.1   559.2  247.7
 769.2  248.7   787.7  208.1
1051.5  244.3  1043.8  205.1
1169.7  197.0  1151.1  161.7
1391.3  287.2  1344.5  227.6
1529.1  279.7  1457.5  209.4
1536.0  279.5  1463.7  209.5
1602.0  323.1  1522.8  248.7
1605.6  307.0  1524.9  233.7
1617.2  300.8  1534.8  228.2
  94.7  265.8   232.1  190.0
 237.2  279.6   351.1  202.6
 382.7  214.0   460.5  158.3
 385.8  220.3   463.1  163.9
 434.0  233.9   503.6  177.0
 498.1  234.5   560.3  176.6
 508.7  233.5   569.2  176.1
1527.5  246.4  1454.9  179.5
1692.1  253.3  1596.5  184.3
1689.3  214.0  1591.6  148.5
1695.6  642.5  1600.0  516.5
1101.9 1078.5  1097.3 1019.2
 760.7  315.7   785.2  257.1
 835.0 1048.5   842.8  993.4
 920.5 1024.8   923.9  973.4
1085.4 1007.4  1081.3  955.1
 546.2 1050.7   577.1  969.1
 554.9 1055.9   586.4  970.4
 718.0 1027.5   735.8  953.6
 820.6  978.0   828.3  928.4
1054.0  966.9  1051.2  918.8
1030.2  946.6  1028.3  900.5
1347.3 1046.7  1323.2  955.2
1275.1  931.4  1256.9  856.1
 903.8  841.2   907.4  794.2
1095.3  826.0  1089.2  773.9
1186.0  862.3  1175.7  811.2
1200.8  871.4  1189.0  813.2
 760.3  816.9   772.2  765.8
 603.7  812.1   632.8  738.2
1222.3  767.3  1208.7  715.6
 806.8  720.7   815.9  673.6
1468.1  817.4  1424.4  717.9
 533.1  707.3   572.5  630.3
 909.1  677.8   912.7  629.9
 530.2  705.3   571.1  626.0
 910.4  626.0   914.0  578.6
 998.6  621.1   996.9  571.9
 675.4  563.6   695.7  514.2
 972.7  586.8   972.4  539.3
1203.5  590.4  1188.3  540.6
1861.8  809.4  1722.4  629.6
 921.7  528.9   929.0  449.8
1000.7  541.0   999.7  460.8
1339.8  566.9  1302.6  480.5
 518.0  552.3   577.8  455.1
 981.0  461.1   982.1  382.3
1864.4  504.7  1736.3  389.5
 525.9  384.9   579.2  315.7
 603.3  387.6   647.8  317.7
 630.1  381.6   671.7  312.0
 612.7  399.7   655.8  328.9
1479.7  415.0  1420.9  335.5
1499.1  425.0  1437.7  343.8
1828.8  458.5  1704.5  349.2
1219.6  287.3  1195.7  238.7
1706.0  411.4  1606.5  316.9
1090.5  182.7  1079.1  150.1
1458.7  225.3  1401.5  169.7
1723.1  253.1  1620.3  181.5
 996.3  143.1   992.9  115.2
1079.8 1005.7  1076.0  953.9
1155.1  338.0  1136.2  276.1
 874.4  996.2   879.7  946.7
 948.0  919.2   949.5  874.3
 774.5  900.8   784.3  853.3
 948.7  859.4   950.2  812.7
 961.6  873.9   962.5  827.4
1136.4  876.9  1129.0  828.4
1014.0  845.2  1012.3  797.5
 797.4  781.9   806.8  733.9
1109.8  795.2  1102.7  744.3
 719.4  752.9   733.7  703.5
1187.0  732.0  1175.1  681.7
 761.4  724.2   773.2  676.6
 821.2  689.4   829.8  641.8
 913.1  685.8   916.4  637.8
 920.8  682.9   923.8  634.4
1009.7  445.8  1007.5  366.9
 197.9  436.0   308.4  344.3
 342.6  392.4   429.4  310.0
 972.9  594.9   972.6  547.5
 582.5  598.9   629.4  506.0
 744.5  424.8   772.3  351.5
1479.4  431.7  1421.1  350.8
1542.9  526.4  1474.3  428.3
1295.0  340.7  1260.2  276.8
 513.8  308.4   571.1  244.6
 940.9 1064.1   943.6 1010.3
 373.4  915.3   414.4  845.1
1750.3  911.4  1620.0  697.9
1232.1 1019.1  1218.1  943.8
1024.3  272.3  1019.2  227.7
1051.7  133.0  1043.4  105.2
 409.9  787.2   464.3  696.2
1050.9 1038.3  1048.6  983.9
1655.8  719.1  1567.5  584.5
 867.5 1001.8   873.1  951.7
1028.6  931.1  1026.7  885.6
1761.4  752.2  1648.0  596.6
1543.1  193.7  1466.7  132.7
 760.6  870.5   771.1  823.4
1317.7  975.6  1296.3  894.0
 267.3  606.3   371.9  486.7
 769.7  825.6   779.9  779.5
 943.4  846.2   945.1  799.2
 759.2  780.6   770.7  732.6
 769.0  804.4   780.0  755.4
 775.0  809.6   785.6  760.6
1083.2  793.5  1077.6  742.9
1085.5  826.1  1080.0  773.9
 997.2  681.8   995.7  632.9
1212.9  719.0  1198.9  666.3
 768.5  428.4   794.0  353.3
1117.1  652.6  1108.3  604.2
1785.6  398.1  1662.4  293.3
1701.0  257.2  1603.8  187.1
1567.9  170.4  1485.5  110.2
 905.0  287.4   911.6  240.3
 947.9  871.9   949.4  825.4
 666.1 1082.2   687.4 1004.7
 836.5 1070.2   844.4 1013.6
1050.8 1043.5  1048.5  989.2
 964.5  992.8   965.7  944.7
1016.9 1027.8  1016.1  975.8
1065.1  999.6  1061.9  948.6
1325.8 1072.8  1303.5  980.2
 692.6 1019.7   711.7  947.5
1231.2 1004.8  1217.3  930.8
1045.7  859.3  1042.5  811.4
1031.1  858.6  1028.6  810.7
 685.4  854.0   704.7  790.1
1027.6  842.0  1025.2  793.7
1135.3  796.4  1126.9  745.4
1246.0  774.4  1230.8  720.4
1264.3  737.6  1247.1  682.4
 157.7  898.1   286.9  725.6
1225.1  684.3  1210.2  633.8
1338.4  719.8  1311.5  648.2
 863.2  657.1   869.4  610.2
1348.7  702.5  1320.5  630.8
1727.8  845.5  1619.1  674.1
 630.9  652.2   657.5  589.9
 807.0  610.0   816.5  565.4
 805.6  598.8   815.6  553.0
1034.6  624.9  1030.6  576.2
1087.3  602.4  1080.2  560.9
1435.8  641.8  1384.5  536.8
  79.9  613.7   217.6  487.2
1388.6  601.3  1344.2  505.4
1490.4  604.5  1427.4  493.5
 367.4  581.8   446.3  481.1
 351.5  488.3   433.8  397.3
 676.3  465.0   711.7  387.9
1087.3  464.2  1076.3  385.1
 209.2  471.8   317.4  375.8
 742.4  453.7   770.3  377.7
 395.0  332.8   467.3  266.0
1603.8  333.5  1524.7  258.2
1799.8  395.4  1672.8  289.6
 487.8  297.8   549.2  234.4
 494.1  269.6   555.6  208.6
1422.6  264.9  1372.1  207.7
 434.1  239.7   506.3  179.6
1704.2  249.5  1606.4  180.5
1734.4  226.5  1629.0  157.9
1617.2  905.5  1570.7  819.5
1712.6  946.1  1599.5  745.6
1761.5  922.9  1712.5  849.2
1940.9 1073.4  1783.3  838.8
 806.8 1044.2   816.1  988.1
 806.9 1062.1   816.3 1005.2
 811.5 1057.7   820.6 1001.5
 894.9 1038.9   899.7  985.9
 837.2 1077.0   845.0 1020.4
 913.0 1087.2   917.3 1030.6
 947.7 1068.2   950.3 1013.3
 948.2 1056.8   950.6 1003.0
1021.3 1033.7  1020.3  981.9
1251.5 1075.5  1238.0 1004.7
 242.0  832.5   360.9  665.8
 463.6 1065.0   499.1  985.1
 820.3 1025.2   828.6  971.9
 811.8 1035.5   820.4  982.6
 821.9  989.9   829.8  939.3
 883.5 1014.3   888.5  963.9
 893.3 1004.5   897.8  955.1
 863.6 1015.6   869.6  964.4
 934.1 1031.4   937.0  979.9
 944.4 1006.7   946.6  957.1
1067.3  991.5  1064.0  941.3
1098.8 1001.1  1094.0  948.9
1109.0 1018.5  1103.8  964.3
1237.1 1052.6  1222.8  973.9
1228.5 1046.0  1214.7  967.4
1445.2 1071.6  1414.9  980.5
 384.6 1015.3   426.3  936.3
 618.1  993.7   643.4  917.3
 665.8 1013.9   686.7  941.3
 691.5 1029.1   710.7  956.0
 764.5  980.1   775.5  927.1
 757.7  966.4   769.1  913.7
 815.4  968.8   823.3  920.0
 768.3  989.4   779.2  936.1
 870.1  956.1   875.2  909.9
 869.0  970.8   874.2  923.6
 841.9  966.9   848.4  919.3
 847.2  950.9   853.2  904.8
1111.7  998.4  1106.2  943.4
1229.9 1020.1  1215.9  943.5
1217.5 1007.1  1204.2  931.3
1338.5 1035.6  1314.8  944.8
1266.3  991.5  1249.4  914.2
1581.4 1030.8  1540.9  941.4
1570.2 1021.2  1531.1  934.1
1589.5 1025.3  1548.2  935.6
1606.8 1040.7  1563.1  947.0
1582.8 1032.2  1542.6  943.5
 356.1  950.9   399.3  876.5
 474.0  986.8   508.6  911.7
 624.3  976.3   649.5  899.9
 609.2  980.1   635.5  903.4
 749.8  943.2   761.4  891.9
 770.3  906.0   780.3  858.6
1208.8  947.9  1195.3  873.8
1231.7  955.7  1217.7  886.8
1283.4  948.1  1264.5  870.4
1279.2  956.3  1260.6  878.1
1578.9  956.8  1538.2  873.1
1591.2  991.3  1549.8  904.8
1682.2 1007.8  1629.0  908.6
 342.7  912.3   389.5  835.5
 354.7  952.7   398.3  877.7
 412.1  892.6   449.7  825.4
 639.5  894.5   662.7  825.6
 676.1  896.5   696.5  828.7
 857.5  871.5   863.1  826.4
1069.2  888.5  1065.1  841.3
1151.4  870.2  1143.2  821.3
1267.3  919.3  1249.9  846.5
1548.7  948.1  1510.6  866.3
1676.6  947.5  1621.2  848.8
 395.8  888.9   435.0  820.8
 412.9  886.5   450.7  819.2
 419.4  871.1   456.7  804.6
 687.3  855.8   706.2  792.7
 175.3 1051.6   309.4  844.4
 519.0  771.1   557.6  693.4
 575.0  843.4   606.6  766.7
 748.8  805.7   761.1  755.7
 823.5  783.9   831.6  735.7
 876.5  787.2   881.8  738.4
 902.0  795.1   906.1  745.3
 927.9  790.8   930.5  741.3
1051.8  804.4  1047.9  753.0
1224.3  775.3  1210.5  721.9
1222.5  784.9  1209.1  732.7
1369.3  814.6  1339.1  730.2
 436.5  804.8   488.4  712.4
 740.4  757.5   752.8  710.4
 851.7  754.9   858.1  708.0
1070.3  744.1  1065.0  694.0
1096.1  723.4  1089.2  672.9
1211.8  729.0  1198.3  677.6
1258.4  725.7  1241.5  671.7
1662.7  660.9  1574.4  536.6
1682.0  688.5  1588.1  555.3
 447.8  767.1   501.4  672.7
 454.9  770.0   507.5  675.8
 433.9  768.8   489.2  673.6
 431.0  763.6   487.2  667.8
 437.4  774.4   491.8  679.7
 727.5  716.9   741.2  669.7
 814.6  690.1   823.5  642.8
 817.1  707.5   826.0  659.4
 773.0  713.7   783.9  667.1
 899.7  702.5   903.6  655.6
 888.8  679.3   893.6  631.7
 989.8  714.8   988.9  665.9
 992.2  690.8   991.0  642.1
1108.3  705.7  1100.4  655.0
 520.5  707.8   561.5  629.7
 535.3  699.3   575.9  620.0
 761.2  635.5   773.4  589.8
 772.8  652.8   784.1  607.0
 772.4  630.6   784.1  584.5
1061.4  640.7  1055.9  591.5
1348.7  707.6  1320.6  635.9
 890.0  600.1   894.9  553.3
 975.7  604.1   975.3  556.2
1196.4  619.4  1182.1  569.2
1185.3  618.9  1171.7  568.9
1301.9  597.7  1279.3  543.6
1566.9  693.1  1498.3  577.3
1745.6  776.5  1635.5  618.6
 225.6  723.6   342.3  579.6
 420.1  634.0   487.3  534.7
1004.9  575.0  1002.4  529.2
1207.8  578.9  1192.1  529.2
1423.6  639.9  1374.5  536.8
1691.6  769.0  1594.1  619.7
1648.7  662.0  1562.2  537.3
1754.1  726.7  1642.8  576.8
1244.8  564.8  1218.1  480.2
1329.1  587.7  1291.6  494.2
1347.3  585.1  1308.7  494.7
1494.9  624.0  1432.1  511.8
1652.5  610.2  1566.1  494.1
1647.3  643.7  1562.0  523.3
1766.5  692.8  1651.9  546.4
1852.6  676.7  1724.1  531.5
 228.0  627.9   343.0  499.6
 365.4  572.8   445.6  471.7
 343.4  578.8   427.3  475.7
 483.4  556.3   547.8  458.4
 414.5  544.8   488.2  447.4
 634.7  545.7   673.3  463.4
 905.5  523.6   914.2  446.9
 928.0  527.9   934.6  449.0
1072.7  552.5  1064.2  470.1
1162.0  523.9  1143.8  444.0
1155.8  509.4  1137.9  428.7
1118.6  506.7  1104.8  427.4
1150.9  522.3  1133.9  442.9
1184.5  529.2  1164.1  449.3
1179.8  509.6  1159.4  429.2
1422.5  535.0  1369.8  437.7
1610.3  574.5  1530.3  464.9
 351.8  501.0   433.7  408.8
 318.3  499.4   408.3  403.2
 539.6  502.9   595.8  413.1
 536.4  495.8   593.2  406.6
 589.2  510.2   638.2  421.5
 681.0  486.2   713.7  412.0
 825.7  490.8   843.3  414.9
1214.7  507.7  1190.3  426.8
1413.8  526.6  1362.6  431.5
1514.7  516.0  1450.4  420.7
1675.9  532.8  1585.2  426.2
1684.6  526.7  1592.0  419.9
1693.5  543.2  1597.7  431.5
1813.3  565.3  1693.6  441.5
1803.9  535.2  1681.7  411.7
1862.8  511.5  1734.3  394.6
 466.4  435.0   527.0  359.9
 549.7  431.3   600.4  356.5
 572.8  441.0   621.3  364.4
 719.0  418.0   750.0  344.7
 862.5  459.0   877.1  381.3
 876.0  459.2   889.0  381.3
 973.3  437.4   975.3  360.2
 969.4  445.5   971.8  368.1
 945.2  420.9   950.3  345.4
 974.1  430.9   976.0  354.2
1031.5  443.1  1026.8  364.7
1009.4  427.6  1007.2  350.2
1254.8  442.9  1223.7  362.2
1203.6  447.5  1179.1  369.1
1324.7  452.3  1285.8  371.6
1334.2  451.3  1294.4  371.1
1336.4  431.2  1296.4  353.9
1413.1  427.8  1362.8  347.8
1461.7  450.6  1406.4  368.9
1512.1  414.5  1448.8  334.0
1494.3  418.9  1433.5  338.5
1721.2  491.5  1618.9  384.1
1824.9  472.8  1699.5  359.5
 189.0  408.2   300.8  320.3
 349.3  422.3   432.8  338.7
 534.1  395.2   586.3  325.1
 525.7  390.4   578.8  321.0
 548.1  359.6   598.9  293.1
 600.2  392.1   644.7  322.2
 971.2  407.5   973.4  332.8
1017.0  416.3  1013.8  338.8
1035.1  360.1  1029.5  295.1
1520.8  375.8  1454.8  298.1
1510.8  408.7  1447.4  328.7
1711.0  425.4  1613.9  332.3
 247.6  335.8   355.5  254.0
 358.9  357.3   441.7  281.4
 448.9  316.1   513.1  252.9
 560.0  351.9   610.6  284.6
 543.5  318.5   597.4  253.3
 805.4  337.7   825.1  276.6
 933.8  285.7   937.5  239.3
1024.5  278.0  1019.5  233.4
1258.5  338.3  1228.1  275.5
1229.9  283.8  1204.8  235.2
1413.5  329.8  1362.5  261.6
1561.5  352.5  1489.2  276.3
1594.8  331.7  1517.0  256.8
1613.6  322.1  1532.9  247.9
1830.0  353.4  1696.9  253.4
 228.9  282.3   344.3  204.7
 259.9  321.0   370.1  238.1
 476.3  271.6   539.7  210.8
 514.0  302.0   571.7  238.6
 616.8  250.6   657.6  199.1
 613.0  245.7   654.7  194.1
 646.7  259.4   683.1  208.5
 996.1  270.1   993.7  226.2
1122.3  256.3  1108.3  215.0
1407.8  276.8  1359.4  218.9
1557.4  280.2  1481.7  209.4
1517.0  268.5  1446.1  198.9
1682.7  255.3  1588.5  186.0
1680.0  272.2  1586.3  200.6
1671.7  272.0  1579.3  200.6
1615.5  289.0  1532.8  217.5
1894.8  327.1  1747.4  228.3
  77.3  218.3   220.0  148.4
 105.1  226.6   242.7  155.7
 226.4  239.1   343.3  167.4
 186.3  247.2   310.1  173.7
 246.1  258.5   357.4  185.7
 357.3  200.5   438.9  146.2
 283.2  205.1   377.9  148.0
 381.4  236.2   455.4  181.1
 445.0  241.8   512.8  184.2
 457.1  251.0   524.1  191.6
 515.0  235.5   575.2  177.4
 519.5  217.8   580.3  160.5
 520.7  234.2   581.3  174.9
 685.3  192.2   711.1  157.6
 826.9  164.0   838.9  133.3
 913.0  167.3   917.1  136.4
 959.9  176.7   960.0  144.6
1013.5  163.6  1008.7  134.2
1173.3  201.5  1154.5  166.1
1473.7  220.0  1414.1  164.2
1548.7  215.1  1470.5  149.7
1584.2  206.4  1501.8  143.0
1544.4  200.7  1468.8  139.6
1587.1  221.7  1505.3  157.0
1576.8  213.1  1495.7  149.0
1680.5  212.4  1584.5  147.6
1696.0  233.2  1598.5  165.8
1740.9  221.8  1634.5  153.8
1749.3  241.0  1641.4  170.0
1785.3  253.8  1665.7  175.5
  33.5  202.6   185.4  134.0
  84.0  173.4   230.4  107.9
 150.3  178.9   289.2  110.5
 355.0  193.3   437.4  139.6
 340.0  167.3   425.4  116.3
 300.9  192.8   393.8  136.8
 370.2  193.8   449.2  141.1
 515.2  194.4   576.6  140.2
 513.2  150.7   575.2  101.8
 557.6  137.3   607.8   95.9
 504.7  188.8   567.8  135.0
 507.3  194.0   569.9  139.6
 503.8  181.5   566.8  128.8
 833.3  147.9   844.8  118.1
 891.1  135.5   897.3  106.7
 978.5  146.5   976.6  118.2
 975.1  124.6   973.4   98.7
 965.1  134.9   964.3  107.9
 906.0  134.9   910.6  106.8
1022.5  138.4  1016.8  110.9
1042.8  127.4  1035.3  101.3
1046.5  139.3  1038.7  111.2
1253.1  117.9  1225.9   88.4
1380.9  119.1  1340.1   86.9
1503.3  181.0  1437.9  128.0
1504.9  161.7  1438.9  110.8
1513.2  165.0  1445.7  113.2
1687.2  166.6  1587.4  106.4
1688.0  168.0  1588.0  107.4
1683.1  159.1  1583.7   99.8
1683.5  151.5  1583.5   93.0
1680.7  143.6  1581.0   86.3
1674.0  180.5  1577.7  119.5
1756.8  201.2  1646.0  134.7
1857.8  162.3  1717.4   92.5
1869.6  183.7  1725.9  109.4
 964.6   90.1   963.8   66.3
 952.1   95.4   952.3   71.7
 983.1   85.0   980.6   61.5
1027.1   91.1  1020.7   66.8
1027.4   85.7  1021.0   61.5
1014.7   92.5  1009.5   68.1
1169.1   82.9  1149.1   55.7
1208.8   95.5  1185.2   67.3
1382.1  108.6  1340.9   77.1
1371.9   89.2  1331.2   59.2
1711.3  137.2  1606.6   80.3
 413.9 1094.2   452.3 1013.4
 452.1 1064.3   487.6  986.1
 680.2 1083.6   698.2 1016.0
 648.5 1074.7   671.7  994.7
 697.4 1051.4   713.2  990.0
 752.9 1066.3   765.8 1004.7
 803.0 1064.8   812.4 1009.1
 829.3 1050.4   837.1  996.9
 907.4 1087.1   912.0 1030.5
 847.5 1067.9   854.7 1013.0
 861.7 1059.4   868.2 1004.7
 937.7 1058.1   940.5 1005.8
 933.3 1052.0   936.2 1000.4
1074.2 1049.7  1070.9  995.1
1190.8 1049.5  1181.2  986.4
1234.3 1074.9  1221.4 1002.2
1243.0 1079.5  1229.9 1008.0
1439.1 1053.2  1409.5  964.9
1611.0 1092.4  1566.5  992.4
1636.5 1077.4  1589.7  977.9
1701.8 1089.2  1646.1  980.2
1703.9 1104.4  1646.8  991.2
 336.1 1019.3   381.1  940.1
 322.3 1018.1   368.2  939.0
 343.7 1012.9   388.3  933.7
 329.5 1025.9   374.5  947.1
 301.3 1016.0   348.6  937.0
 614.9 1009.8   641.8  928.2
 699.1 1035.7   716.9  966.3
 751.9 1029.4   764.3  971.7
 826.0 1022.2   833.9  969.3
 884.6 1036.3   889.8  983.6
 953.4 1003.9   955.2  954.7
 940.6 1041.9   943.2  990.8
1106.5 1010.0  1101.3  955.5
1086.2  999.9  1082.2  951.3
1197.0 1023.5  1186.6  959.1
1293.6 1021.3  1275.0  941.5
1320.3 1027.2  1298.6  940.5
1596.6 1035.9  1554.2  944.0
1644.8 1041.0  1595.7  941.3
1921.2 1073.9  1754.5  819.8
1934.0 1049.3  1852.1  932.0
  89.0 1010.4   241.4  803.1
 415.8  963.6   453.2  892.1
 481.5  989.7   514.8  916.5
 578.5  975.4   607.0  898.7
 571.8  994.6   602.6  911.2
 728.0  995.9   741.7  938.4
 757.7  960.1   769.1  907.6
 769.7  982.8   780.4  930.0
 880.3  972.2   885.0  924.9
 974.2  995.2   975.0  946.7
 957.1  999.6   958.7  951.3
 953.0  989.5   954.7  941.3
 977.3  989.2   977.9  941.4
1193.7  978.7  1183.7  920.9
1233.3  988.2  1219.4  917.2
1230.5  973.2  1216.3  900.8
1310.5  975.8  1289.8  895.3
1313.2  960.1  1292.2  880.9
1558.2  978.7  1520.3  896.3
1563.7  987.7  1525.1  903.7
1597.7 1003.1  1555.6  914.9
1705.0  998.9  1648.6  897.7
1690.4 1002.4  1634.1  898.8
1662.3 1008.8  1615.0  918.6
 371.7  936.2   413.2  864.0
 387.7  938.4   426.5  869.4
 526.9  918.1   562.8  835.1
 616.3  936.3   641.7  863.1
 742.0  929.5   754.0  878.5
 791.8  948.5   800.8  899.8
 812.5  953.8   820.4  906.0
 867.3  951.6   872.4  906.5
1124.6  949.9  1118.4  900.3
1275.3  919.9  1257.2  846.4
1279.4  930.7  1260.6  854.0
1341.4  922.2  1315.8  835.9
1691.5  952.8  1634.5  852.8
 275.0  898.4   329.8  817.6
 358.3  910.0   400.1  840.6
 373.7  909.2   414.3  840.1
 445.7  913.5   479.9  847.6
 535.6  904.1   573.5  815.2
 540.8  901.4   578.1  813.1
 539.9  886.3   577.3  798.9
 681.9  882.7   701.4  817.5
 670.5  893.6   691.5  825.5
 668.4  905.5   689.2  837.8
 694.9  872.6   712.2  812.8
 773.4  881.8   783.0  836.1
 808.8  869.9   816.6  824.6
 914.9  870.2   917.9  824.1
 901.0  879.6   904.6  834.0
 915.7  876.0   918.6  830.0
 902.8  868.8   906.0  826.0
1036.4  872.0  1033.7  825.2
1118.7  876.3  1112.2  828.2
1079.9  876.0  1075.2  828.0
1093.8  885.3  1088.6  837.9
1268.8  907.7  1251.1  835.5
1602.8  894.4  1557.4  809.6
1583.6  907.0  1540.8  823.5
1681.6  882.6  1626.2  791.0
 200.3  850.4   327.9  678.0
 234.4  860.2   352.5  692.3
 410.0  867.9   449.1  799.4
 451.5  844.8   498.6  755.7
 543.6  868.5   578.7  787.4
 562.3  827.2   598.1  743.7
 661.5  836.6   685.7  762.9
 743.1  829.5   756.1  777.3
 803.1  842.6   811.3  797.4
1038.0  842.0  1035.1  793.4
1007.7  838.4  1006.3  790.4
1182.5  850.1  1172.5  800.6
1211.4  832.2  1198.8  777.1
1255.2  823.2  1239.0  762.4
1382.3  841.1  1350.8  753.2
1569.3  849.8  1514.8  743.7
1712.9  835.4  1639.4  721.7
1809.9  861.6  1682.2  677.4
1812.8  853.1  1684.3  669.8
 301.6  798.5   393.6  664.2
 516.4  811.5   559.3  721.9
 538.4  808.4   576.8  724.7
 609.1  818.2   637.1  745.6
 666.1  802.9   686.5  742.0
 665.8  817.3   686.8  753.7
 702.6  790.6   719.0  735.9
 759.1  778.9   770.6  730.7
 889.2  802.4   893.9  752.9
 996.4  798.6   995.4  748.0
1077.1  795.1  1071.8  744.6
1190.5  816.7  1179.2  764.2
1299.6  781.9  1279.6  719.7
1325.5  789.9  1301.2  717.0
1544.5  817.4  1468.3  661.5
1487.3  789.0  1439.7  687.6
1609.2  789.9  1547.1  683.3
1589.5  794.6  1527.0  682.5
1714.5  798.9  1655.3  713.2
1706.1  820.8  1623.3  691.9
 511.1  764.8   562.2  662.8
 566.0  759.2   601.0  681.7
 720.9  738.5   735.2  689.6
 728.2  752.8   741.9  704.0
 832.8  751.9   840.5  703.9
 827.5  751.2   835.2  704.4
 830.0  756.2   837.4  710.0
1061.3  769.2  1056.7  719.6
1060.4  759.5  1055.8  709.2
1019.3  757.6  1016.9  708.2
1027.0  771.1  1024.3  721.5
1218.1  775.3  1205.0  724.0
1197.1  750.8  1184.7  699.6
1247.6  754.6  1231.8  700.4
1252.9  750.7  1236.6  695.9
1337.3  753.7  1310.6  678.8
1343.5  736.4  1315.8  661.7
1391.8  771.9  1358.1  686.7
1427.4  764.6  1389.2  676.0
1494.4  779.2  1444.4  674.9
1611.3  756.2  1543.2  642.6
1602.5  741.2  1535.2  629.2
1746.3  754.7  1636.1  600.1
1757.2  778.8  1643.9  618.1
1870.6  750.2  1729.0  579.8
 258.7  708.6   365.0  574.1
 251.9  717.8   360.8  579.8
 234.8  720.5   348.5  579.2
 404.4  735.1   463.6  641.4
 410.3  723.2   470.7  627.6
 434.1  728.0   489.3  636.8
 523.5  703.0   565.0  623.7
 508.5  707.2   551.0  628.3
 633.6  705.9   660.4  639.0
 751.7  704.8   763.8  658.6
 824.6  724.8   832.9  677.0
 784.8  706.6   795.1  660.4
 888.2  720.1   892.9  672.2
 918.3  713.9   921.3  666.1
 968.4  708.5   968.6  660.0
 940.4  694.4   942.2  645.9
1019.0  694.9  1016.4  645.8
1034.5  708.5  1030.9  659.5
1100.1  699.6  1092.7  649.8
1240.5  714.8  1225.6  666.3
1260.8  727.3  1243.8  673.2
1251.5  725.5  1236.3  677.5
1252.2  714.2  1235.4  660.0
1361.4  697.9  1331.7  625.2
1338.8  716.4  1312.0  645.3
1349.6  729.3  1321.4  655.0
1461.2  698.9  1406.8  585.9
1444.7  693.0  1396.3  590.7
1621.5  707.9  1545.1  587.9
1774.2  722.8  1646.9  555.1
  56.0  676.1   202.2  535.3
 223.8  679.4   340.1  542.8
 405.5  651.3   473.0  552.4
 385.6  679.7   450.8  585.0
 626.8  665.8   653.9  602.1
 631.3  666.0   658.1  602.1
 671.6  650.3   691.8  596.9
 624.2  672.5   651.8  607.6
 639.8  679.0   665.6  615.1
 730.9  680.1   744.6  633.9
 734.1  686.6   747.3  640.9
 761.7  685.0   773.4  639.0
 804.7  688.9   814.0  642.5
 875.6  669.7   881.2  622.0
 963.6  675.3   964.0  626.7
 967.8  669.5   968.0  620.7
 937.3  685.5   939.3  637.2
1000.0  673.9   998.4  624.6
1099.4  680.9  1091.6  626.5
1084.9  680.7  1078.3  631.4
1213.5  665.5  1198.9  614.8
1235.0  653.4  1217.5  596.0
1244.1  664.7  1227.3  612.7
1365.3  685.0  1335.2  613.3
1357.2  679.2  1329.0  611.9
1365.4  651.3  1334.7  581.1
1436.1  652.8  1385.0  546.7
1519.0  677.9  1456.9  565.7
1499.7  678.8  1440.5  567.7
1558.0  683.3  1492.9  573.3
1561.1  661.3  1493.0  549.3
1645.6  687.5  1560.6  560.9
1673.3  691.5  1581.1  558.7
1930.2  671.5  1786.2  522.8
 243.4  622.5   357.2  493.6
 353.3  633.5   438.3  520.3
 450.4  624.8   513.5  527.5
 559.4  623.3   609.4  527.0
 917.3  618.6   920.4  571.2
 990.8  620.7   989.5  572.0
 935.8  620.3   937.8  572.6
 923.1  619.2   925.9  571.5
 988.6  615.2   987.4  566.6
 929.8  619.5   932.3  571.7
1054.1  625.9  1048.9  576.8
1027.1  629.8  1023.6  580.9
1222.1  620.6  1206.1  570.0
1238.6  635.9  1222.0  585.7
1295.7  609.6  1273.9  555.5
1398.0  623.6  1352.6  524.6
1437.8  623.0  1385.7  519.1
1448.9  646.8  1395.6  540.0
1565.8  633.9  1492.1  516.6
1712.0  643.5  1612.1  514.4
 119.3  574.1   243.7  460.6
 249.0  597.9   356.7  478.9
 602.6  584.3   646.3  494.8
 575.3  582.9   623.5  490.8
 562.2  598.2   612.0  504.4
 582.6  592.8   629.2  501.2
 685.9  564.6   704.8  516.9
 913.4  572.7   916.9  525.6
1070.5  596.8  1064.0  547.1
 999.0  588.6   997.0  540.9
1095.8  565.7  1085.2  486.5
1133.9  600.5  1123.2  550.0
1227.3  578.5  1200.9  484.8
1301.1  591.7  1278.5  537.9
1334.1  565.4  1297.6  479.6
1689.5  574.5  1595.2  459.3
1688.1  581.3  1594.1  465.3
1848.4  573.3  1723.1  447.6
1846.7  567.6  1722.5  443.8
1919.6  587.2  1786.4  461.9
1916.4  570.9  1776.4  440.8
 117.7  557.9   240.3  448.7
 127.4  560.2   249.5  449.7
 337.3  519.5   423.1  422.6
 358.5  543.5   439.8  445.7
 348.4  518.3   426.5  429.3
 400.0  544.1   476.3  445.8
 532.7  550.6   595.0  445.9
 611.9  540.7   656.0  452.9
 622.0  545.9   662.4  462.9
 639.2  537.1   677.0  456.6
 796.8  522.8   817.1  445.1
 912.2  528.9   920.5  449.7
 913.4  534.1   921.5  454.7
 964.2  523.2   967.1  444.1
 981.5  532.2   982.5  452.7
1137.7  526.8  1122.1  446.6
1113.9  524.7  1101.0  446.6
1105.1  519.0  1092.9  439.2
1106.8  524.4  1094.5  445.1
1079.7  523.3  1070.2  443.4
1185.4  525.6  1164.7  445.3
1246.6  527.5  1219.4  446.7
1254.4  533.3  1226.8  453.2
1368.3  545.1  1326.6  457.6
1386.4  560.6  1340.6  465.6
1529.5  521.5  1462.7  424.3
1523.5  522.7  1457.4  425.3
1549.7  538.7  1480.0  438.4
1598.8  554.4  1521.8  450.1
1669.4  519.8  1579.7  415.3
1878.6  522.2  1746.2  401.9
1873.3  540.7  1742.4  418.2
1945.0  543.6  1807.0  424.0
 140.6  498.1   254.0  402.6
 369.4  480.3   447.6  392.6
 366.1  504.8   444.8  413.9
 350.7  511.8   432.9  418.1
 429.8  496.1   499.7  407.2
 390.7  476.4   465.0  390.4
 508.7  504.0   569.2  413.4
 505.7  494.3   566.2  405.5
 516.5  491.3   575.0  403.9
 603.1  513.0   650.2  424.4
 641.1  502.6   678.5  425.9
 684.5  511.3   716.3  435.8
 754.6  488.5   779.7  413.2
 745.2  487.8   771.4  412.5
 760.6  511.2   784.5  435.6
 770.7  495.5   794.0  419.6
 802.0  489.8   821.9  414.5
 769.1  489.0   792.7  413.5
 801.5  514.4   821.2  437.7
 829.6  514.4   846.4  437.9
 813.2  490.3   831.9  414.9
 959.3  495.6   963.0  414.0
 965.5  495.5   968.5  414.0
 959.7  499.5   963.1  419.5
 965.7  500.0   968.6  419.2
 971.5  500.0   973.6  421.7
 961.7  488.9   965.1  407.5
1026.7  503.1  1022.8  421.2
1033.1  510.7  1028.6  431.6
1165.7  509.8  1146.9  430.0
1223.4  504.9  1198.2  424.9
1251.2  514.9  1223.0  433.6
1309.9  514.1  1275.1  432.1
1356.6  492.5  1315.5  410.2
1406.3  516.6  1354.8  420.2
1468.6  481.3  1409.5  390.0
1514.9  508.1  1451.5  415.3
1508.7  512.8  1444.9  417.5
1666.5  492.1  1577.9  392.5
1868.8  476.0  1738.2  363.6
1818.1  499.4  1696.4  384.6
 136.9  459.9   254.6  366.1
 188.2  458.2   300.4  363.1
 241.6  438.6   346.8  345.6
 222.3  465.1   329.0  369.7
 350.5  436.5   434.1  350.8
 346.0  472.1   429.2  383.0
 341.1  451.2   425.9  363.7
 361.1  469.8   440.9  382.7
 345.4  443.9   430.3  356.5
 331.9  437.3   419.9  349.4
 347.0  458.2   435.7  364.3
 391.0  433.3   464.1  354.1
 389.9  452.8   463.0  371.3
 506.3  455.9   564.5  375.0
 505.9  449.5   564.2  369.3
 641.3  458.3   681.1  381.2
 742.2  460.1   769.9  384.0
 714.9  448.0   745.7  373.2
 748.5  459.8   775.7  383.2
1007.0  438.9  1005.1  360.8
 998.6  438.2   997.7  360.5
1091.1  462.4  1079.7  383.1
1138.4  449.6  1121.6  372.3
1167.8  465.8  1147.6  385.9
1259.4  450.9  1228.3  371.2
1325.3  447.3  1286.2  366.8
1336.8  440.0  1296.2  360.2
1384.0  447.5  1338.3  367.5
1388.0  432.7  1341.1  353.0
1491.4  431.5  1431.7  350.7
1484.1  435.9  1426.0  355.7
1613.5  451.9  1535.5  363.0
1690.8  466.6  1594.4  365.1
1672.5  445.8  1582.2  351.6
 215.0  381.2   325.8  294.7
 213.3  424.1   321.3  334.2
 340.5  398.3   427.3  315.5
 341.1  386.4   423.4  309.7
 322.5  404.2   413.4  318.8
 377.0  387.8   453.3  312.4
 386.9  392.2   460.9  317.5
 673.3  397.2   709.6  326.2
 616.2  391.9   659.0  321.7
 659.4  392.6   697.3  322.2
 748.9  424.9   776.2  351.5
 740.6  417.8   769.0  344.8
 701.2  420.4   734.2  347.0
 997.2  414.5   996.4  338.6
1007.1  420.7  1005.3  340.5
1143.1  390.1  1125.3  318.8
1342.6  419.9  1300.6  341.0
1349.5  420.0  1306.4  340.4
1407.2  413.5  1357.2  334.7
1458.0  426.3  1402.3  346.4
1461.2  423.8  1405.2  344.3
1711.6  410.3  1610.9  315.5
1662.3  396.2  1572.0  307.7
1770.0  392.0  1655.0  294.0
 333.1  342.6   420.7  267.3
 389.5  348.9   463.5  279.1
 415.2  353.3   483.8  285.4
 445.4  340.9   509.2  275.6
 411.4  372.7   480.1  302.9
 417.5  376.3   486.0  305.4
 558.7  347.1   609.7  280.0
 566.5  347.4   616.6  280.2
 648.9  359.2   689.1  290.5
 903.5  366.3   912.8  300.1
 964.8  373.2   967.2  305.6
 972.2  369.2   973.8  302.8
1127.0  362.3  1111.1  296.6
1209.9  370.0  1184.9  303.3
1241.6  364.1  1212.4  295.7
1317.3  359.8  1279.6  292.3
1505.9  374.6  1441.9  297.5
1499.9  367.5  1436.5  291.0
1555.4  357.1  1486.5  283.8
1575.8  365.0  1502.3  287.9
1581.1  382.5  1508.0  304.3
1639.2  369.6  1556.8  290.5
1715.7  362.5  1612.7  273.2
1671.2  365.6  1580.6  282.5
1729.5  343.1  1624.2  256.3
1718.6  343.1  1617.6  259.2
1814.9  375.7  1685.7  273.3
  77.8  306.8   214.4  227.1
  78.2  312.4   214.5  231.9
 248.7  315.0   361.2  232.5
 272.4  323.7   376.3  244.0
 347.0  316.2   431.6  245.5
 393.7  338.5   466.9  270.3
 511.8  326.4   569.4  260.6
 455.5  335.0   518.5  269.9
 479.1  320.6   540.0  256.4
 451.0  323.0   515.3  258.6
 641.6  319.2   681.3  257.4
 618.4  329.4   662.9  263.2
 668.8  307.3   704.3  248.7
 776.0  338.1   799.0  276.8
1051.0  337.5  1043.5  278.0
1066.0  331.1  1057.0  274.5
1089.8  333.5  1078.3  275.2
1265.1  339.4  1233.9  276.4
1360.5  336.7  1317.2  270.6
1357.7  332.5  1314.9  267.4
1504.7  321.2  1438.5  248.1
1638.2  323.2  1554.2  248.7
1711.4  326.9  1610.6  244.6
1702.0  317.7  1603.3  237.6
1682.7  300.9  1589.7  226.2
 260.4  289.3   370.0  211.4
 235.3  290.0   348.3  212.3
 362.8  282.9   444.1  217.6
 353.3  292.7   436.9  225.2
 349.7  267.9   429.1  207.7
 411.0  283.1   481.8  221.8
 561.6  290.4   614.1  227.5
 666.1  264.7   697.1  218.4
 634.8  255.5   673.9  202.9
 676.4  264.7   704.8  221.0
 911.8  287.2   917.7  240.1
 905.1  282.4   911.6  236.2
 917.2  285.9   922.6  238.7
 990.9  260.1   988.8  219.0
 984.0  278.2   982.8  232.8
1003.3  277.0  1000.2  232.3
1054.3  275.9  1046.5  231.6
1226.6  279.2  1202.2  232.4
1300.8  267.7  1269.0  221.3
1270.9  286.8  1241.9  238.0
1368.4  293.6  1324.5  233.7
1343.9  261.6  1308.1  216.0
1410.1  296.9  1362.1  237.6
1429.9  266.9  1377.5  207.9
1411.9  261.4  1365.7  209.6
1548.5  273.6  1474.0  203.8
1556.4  291.0  1481.2  219.1
1788.0  259.5  1657.8  172.4
1812.2  273.8  1678.7  184.7
 104.5  244.7   244.0  169.9
  82.9  222.4   225.5  151.4
 160.9  226.8   290.9  155.1
 268.0  204.0   372.0  142.0
 341.2  212.9   425.2  156.9
 364.3  235.6   445.7  176.2
 379.1  224.4   456.9  167.9
 447.0  233.4   515.2  176.3
 520.4  225.8   580.7  167.8
 604.4  252.1   647.9  198.6
 687.9  232.2   714.2  193.0
 802.5  251.5   818.3  209.6
1259.4  236.9  1232.3  195.8
1538.8  248.1  1464.6  180.9
1536.0  237.6  1462.0  171.7
1490.3  222.5  1425.8  162.9
1761.7  229.5  1647.7  156.8
1772.4  241.2  1657.3  167.1
1807.6  206.0  1680.6  132.5
1919.7  240.9  1757.5  150.0
  70.0  173.6   219.5  107.8
 100.6  198.0   243.4  129.0
  66.0  167.5   218.0  101.7
 146.2  170.3   284.1  104.3
 152.2  180.4   288.1  113.4
 261.9  169.0   369.1  110.6
 379.0  196.3   456.9  143.2
 512.2  185.8   574.5  132.1
 582.2  187.0   628.4  140.9
 573.3  179.5   621.8  132.8
 589.2  187.0   631.8  144.0
 583.9  199.6   630.7  151.0
 627.1  176.1   660.3  140.8
1368.8  188.9  1330.3  150.6
1383.8  186.8  1343.1  147.6
1469.2  203.2  1410.1  149.8
1495.2  175.3  1431.3  123.6
1588.1  203.6  1504.7  140.2
1603.5  191.5  1517.4  129.3
1649.6  183.7  1555.9  121.6
1685.2  158.7  1585.6   99.7
1798.8  188.1  1675.1  118.9
1865.1  176.4  1720.6  102.4
 -30.6  106.5   144.2   48.2
  53.6  141.2   208.6   79.3
  75.2  137.7   227.4   75.9
 328.8  158.1   417.8  106.9
 347.0  126.3   433.1   79.7
 295.4  149.8   393.5   96.8
 366.4  119.8   450.0   73.9
 408.2  124.5   489.3   75.5
 432.2  117.0   507.7   70.7
 474.6  159.8   542.6  109.0
 494.0  133.4   559.3   86.1
 514.3  157.9   576.0  108.1
 548.9  141.2   601.3   98.2
 566.5  136.0   616.2   94.1
 550.6  123.8   602.3   83.3
 561.3  152.0   610.8  109.1
 635.8  143.1   666.8  112.4
 909.5  144.5   914.1  115.0
 887.4  142.1   893.8  113.3
 894.3  128.7   899.9  101.6
 969.3  134.4   968.1  107.9
1041.3  142.6  1034.0  115.9
1008.2  134.0  1003.7  108.0
1016.7  153.7  1011.5  126.4
1016.7  157.7  1011.6  128.5
1194.6  137.3  1173.2  106.9
1410.4  131.8  1368.8  100.6
1543.6  158.2  1468.3  103.5
1561.9  123.7  1482.6   72.6
1648.9  152.2  1553.8   93.6
1674.8  151.5  1576.1   93.0
1831.0  145.3  1699.4   81.2
   1.4   92.5   170.8   36.5
  -7.7   72.0   166.1   18.4
  53.6   83.4   215.0   28.4
  18.5   64.8   189.9   11.5
  40.6   72.2   205.3   18.7
 184.9   70.6   317.1   20.6
 241.6   91.2   355.1   42.6
 210.1  103.5   333.6   50.4
 294.6   84.7   395.2   39.7
 312.1  100.3   406.9   54.9
 324.3   95.9   415.4   52.2
 304.8  101.1   400.4   55.8
 415.0   90.6   493.6   47.4
 407.7   75.3   487.2   34.3
 397.6   71.9   479.6   30.8
 435.2  108.8   510.8   63.2
 437.2  109.5   512.2   64.0
 507.1  111.2   569.4   68.0
 735.4   85.1   756.0   60.7
 824.3  106.0   836.7   79.6
 909.7  105.2   913.7   80.6
 963.5   86.1   962.7   62.9
 998.5   85.0   994.7   61.3
 981.6   96.8   979.3   72.1
 992.4   92.3   989.1   68.3
1020.8   90.0  1015.0   67.4
1048.1   82.6  1039.9   58.8
1021.1   95.9  1015.3   71.8
1049.6   92.7  1041.3   69.1
1092.2   93.3  1080.1   68.5
1102.1   99.9  1089.2   74.8
1176.3   89.7  1155.7   62.0
1195.5   82.0  1172.7   54.1
1373.2   84.8  1333.0   56.1
1347.5  100.5  1309.9   70.3
1380.7   76.2  1339.6   48.3
1414.0  117.4  1368.9   83.9
1414.7   81.6  1369.1   51.7
1425.3   76.2  1378.5   46.8
1566.0  105.9  1485.1   56.5
1562.2  112.8  1482.4   62.9
1700.2  100.2  1593.1   46.4
1715.4   76.8  1605.3   26.2
1673.7   79.5  1570.9   29.3
1691.5  100.7  1587.4   48.0
1679.6   67.5  1577.5   20.1
1678.8   93.7  1577.3   42.6
1683.7   84.9  1578.2   33.0
1761.0   65.2  1641.9   15.2
1759.8  105.6  1643.7   50.8
1745.4   85.8  1633.6   35.3
1763.3   90.6  1648.9   39.3
1868.7   61.8  1722.9    7.3
  35.8   49.6   203.7   -0.8
  21.4   48.9   192.4   -1.5
 252.0   66.2   363.4   21.7
 402.2   67.6   483.6   27.0
 389.5   53.0   473.5   14.1
 390.1   33.2   474.4   -3.1
 411.1   62.8   491.2   22.9
 422.2   66.0   501.2   25.3
 509.4   69.8   572.0   31.5
 547.5   58.2   597.6   27.3
 676.4   72.9   703.1   49.1
 630.2   51.6   662.6   28.7
 637.8   47.5   669.9   24.5
 687.3   69.9   712.9   46.6
 748.2   71.9   768.3   47.8
 906.2   44.1   910.7   23.6
 905.3   39.5   910.5   17.5
 919.2   48.3   923.2   25.0
 844.1   59.7   854.4   37.8
 962.7   39.6   962.6   15.8
1023.0   52.1  1016.9   30.6
1013.7   52.5  1008.4   30.9
1072.2   42.5  1061.5   21.2
1015.0   40.5  1009.8   14.4
1137.9   52.1  1121.6   31.2
1145.0   31.9  1127.8   12.3
1177.4   75.3  1156.5   48.5
1173.3   55.9  1152.7   31.5
1164.9   64.0  1144.4   36.3
1157.6   58.0  1138.0   31.7
1183.1   56.1  1161.4   31.2
1182.0   60.2  1160.7   35.4
1196.8   68.7  1173.8   42.4
1724.0   56.2  1610.6    7.7
1684.3   65.8  1577.7   16.3
1713.6   61.3  1603.0   12.7
1705.8   59.6  1595.3   10.7
1743.1   57.2  1626.8    8.5
 919.7   31.5   922.7   12.8
1020.2   26.3  1014.1    8.5
1142.6   26.8  1125.5    7.6
1067.5  991.6  1064.2  941.1
1763.0  881.7  1715.3  813.6
 258.2  765.3   367.4  618.8
 814.3  684.0   823.3  636.9
1608.8  579.8  1529.5  470.1
 344.5  523.1   427.8  427.6
 525.4  499.5   583.9  409.2
1670.3  351.2  1579.9  270.2
 874.6  324.1   885.8  267.6
1043.0  333.9  1036.5  276.3
1257.8  332.1  1227.2  269.6
 525.1  215.7   585.5  158.4
 701.3  228.3   726.5  189.1
1730.5  220.5  1625.1  152.5
1483.7  176.9  1422.1  126.0
1149.8   53.6  1132.0   30.9
1390.7   46.7  1347.9   21.1
 763.9  850.3   773.9  805.4
 772.9  779.8   783.6  732.0
 837.5  787.5   844.9  738.7
 890.4  791.0   895.1  741.7
1371.6  591.3  1329.9  498.9
 611.0  559.1   652.1  475.8
1408.4  520.3  1357.7  425.6
1360.8  489.8  1318.4  405.6
1580.3  347.7  1505.2  271.6
 469.7  272.7   534.4  211.2
1055.1  236.9  1047.1  199.1
1362.6  121.3  1324.3   89.8
1207.2  715.7  1193.8  665.2
1376.0   81.5  1335.1   52.7
1859.4  334.4  1718.3  234.9
1154.0   63.8  1135.3   38.5
1047.8  322.6  1040.7  268.7
 444.2  760.0   498.8  665.0
 845.3 1051.4   852.6  996.5
 958.2  993.5   959.7  945.1
 974.7  876.8   975.0  830.1
1025.8  740.7  1022.9  691.0
1070.5  770.0  1065.4  720.3
1581.0  662.3  1509.0  547.6
 541.9  346.7   595.0  279.5
1210.0  350.6  1184.8  285.9
1646.2  546.5  1562.0  441.6
 431.0  643.9   496.7  544.0
1414.4 1000.6  1381.5  899.9
 722.9  744.0   737.1  694.9
1857.0  504.0  1729.5  388.4
1812.7  493.3  1691.6  379.3
1028.9  699.2  1025.6  648.4
1094.9  725.6  1088.1  675.9
 528.8  699.7   570.0  620.3
1842.0  594.4  1718.2  466.1
1813.8  389.9  1684.9  285.2
1468.8  195.1  1409.8  142.8
1092.5 1008.6  1088.1  956.2
 709.5 1016.5   727.7  943.5
 819.3  999.1   827.4  947.4
 857.1  850.2   863.0  803.4
1135.7  765.7  1126.9  713.8
 421.0  440.6   488.0  363.5
 622.2  452.7   663.1  378.3
1577.4  401.3  1498.2  311.8
 390.4  905.5   429.9  836.5
1026.9  887.3  1024.8  840.4
1598.1  716.0  1523.7  593.4
 916.4  675.0   919.6  626.9
 131.7  347.6   256.8  264.2
 247.9  143.5   359.4   87.6
1649.4 1086.9  1601.1  985.5
  94.1  913.3   139.5  862.5
1091.8  771.2  1085.5  721.2
1131.8  773.3  1123.4  723.3
 968.3  679.4   968.5  630.6
 218.2  316.4   337.8  231.7
 345.7  341.8   430.7  267.5
 612.7  963.9   639.3  886.4
 827.9  975.4   835.2  926.5
 855.8  946.1   861.4  900.6
1007.5  794.9  1006.0  744.8
1490.4  431.4  1430.7  350.5
1726.0  228.4  1621.5  159.4
 311.9  120.7   405.7   73.1
 989.8  136.8   986.9  109.5
1408.5  105.9  1363.6   73.4
 979.8  435.0   981.1  357.6
 530.2 1033.5   562.4  952.2
1360.5 1060.2  1334.7  964.4
 240.8  712.0   354.1  571.2
 120.2  323.2   246.5  243.7
 708.3 1030.4   726.6  957.0
1214.1  842.7  1201.4  786.4
 694.5  561.1   712.6  514.2
1096.1  425.5  1083.7  349.0
 665.3  899.6   687.2  829.0
 811.9  785.2   820.6  736.6
1290.3  882.9  1270.3  808.8
 168.6  525.0   284.3  419.9
1618.4  510.9  1539.8  413.9
 453.8  780.8   506.4  685.9
1414.0  638.0  1366.1  535.4
 706.8  790.9   723.0  736.2
1262.1  797.3  1245.2  737.3
 351.7  427.0   434.1  343.6
1479.2  372.8  1418.6  296.0
  21.6 1024.0   202.0  792.1
 541.0 1059.3   571.2  980.2
 391.0  674.7   453.7  583.3
 807.4  620.3   817.2  573.8
 908.7  587.1   912.4  540.4
 990.1  626.4   988.9  577.4
1589.3  385.4  1515.2  306.8
1000.1  260.2   997.2  218.0
 688.8   92.2   714.2   66.8
1190.0   80.7  1167.8   53.3
1376.1   96.1  1334.9   65.3
 645.1   39.0   675.6   17.7
1602.4 1087.7  1558.9  989.4
 530.1  905.7   568.1  817.6
 216.7  646.3   333.4  515.4
1625.4  714.3  1548.7  593.7
 566.2  352.1   616.4  284.2
1043.1  360.0  1036.6  295.2
 445.1  298.1   511.6  234.9
1190.2  897.2  1180.2  845.8
 906.4  336.9   914.6  276.8
1041.7  451.7  1035.8  373.6
