 713.7 1044.1   774.4  865.4
 815.8 1038.0   863.3  861.5
 787.1 1037.9   838.5  860.2
 910.8 1042.7   946.0  866.8
 870.2 1050.9   910.0  876.5
 961.5 1054.8   989.9  878.8
1484.2  374.5  1399.9  195.0
 705.2 1020.1   769.3  837.3
 758.1 1023.7   814.3  844.2
 905.6 1033.8   941.9  856.2
 961.6 1032.6   990.7  856.5
 718.9  976.6   786.2  783.5
 793.6  976.4   849.7  785.1
1159.2  980.9  1162.4  797.6
1061.3  995.1  1078.1  805.6
1209.3  990.7  1205.1  805.4
1278.0 1019.1  1259.7  806.6
1221.9  965.6  1216.7  786.0
1279.2 1025.2  1260.6  811.7
1274.1 1050.5  1255.7  831.5
1259.0  959.4  1246.7  768.0
 634.0  931.3   719.8  728.5
 493.0  953.0   631.9  675.0
1706.0 1087.5  1486.7  576.8
1346.3  818.4  1272.9  449.5
1769.7  976.2  1538.5  524.3
1912.7  966.0  1628.3  513.4
 330.6  764.1   593.0  396.3
 233.6  756.2   532.1  385.5
 432.7  767.9   658.8  403.4
 430.5  781.5   655.7  415.1
 952.4  816.0  1007.0  437.1
1568.4  771.5  1418.0  406.6
1643.3  795.9  1471.0  430.1
1821.3  762.2  1584.0  398.5
1805.7  758.5  1573.5  395.6
1743.6  721.1  1525.9  359.8
 109.4  654.1   473.7  293.8
 158.3  673.9   499.9  312.1
 710.0  456.7   825.2  254.1
1027.6  412.2  1061.7  237.6
1559.6  999.0  1405.5  548.6
1873.1  680.4  1602.0  323.1
1775.8  588.3  1527.5  246.4
 856.8  947.6   905.2  755.3
1207.0 1076.5  1200.8  871.4
 382.0  201.2   599.0   51.5
 226.4  752.4   525.9  384.9
 383.0  746.3   630.1  381.6
 360.8  768.0   612.7  399.7
1659.5  779.8  1479.7  415.0
1690.2  797.1  1499.1  425.0
1618.9  491.1  1458.7  225.3
 939.8  284.0   996.3  143.1
 913.6 1035.6   948.7  859.4
1097.9  979.9  1109.8  795.2
 956.8  828.1  1009.7  445.8
1657.0  800.2  1479.4  431.7
 905.9  771.6   977.3  401.6
 182.0  665.2   513.8  308.4
1011.6  271.9  1051.7  133.0
 704.5 1010.1   769.7  825.6
 699.3 1001.1   769.0  804.4
 917.3  829.9   982.8  450.8
 815.4  512.5   905.0  287.4
 913.2 1047.0   947.9  871.9
1690.6 1002.7  1485.1  537.8
 955.5 1050.0   984.7  876.2
1024.9 1034.6  1045.7  859.3
 686.7  988.3   758.9  792.1
 995.0  987.8  1021.5  797.9
1127.6  980.4  1135.3  796.4
1258.0  964.8  1246.0  774.4
1603.4  904.1  1439.6  495.2
 541.0 1019.7   657.3  756.6
 464.4  852.0   676.3  465.0
1465.2  870.3  1356.4  496.7
 376.9  741.8   627.7  376.1
1872.9  692.8  1603.8  333.5
 133.6  623.2   494.1  269.6
1103.8  410.2  1119.8  236.3
1051.4 1064.3  1068.1  894.0
 809.8 1046.7   857.5  871.5
1052.4 1059.0  1069.2  888.5
1060.6 1059.1  1076.4  888.2
1191.6 1068.4  1190.4  891.0
 609.3 1021.7   700.0  796.3
 762.9  974.9   823.5  783.9
 885.4  980.6   927.9  790.8
1030.6  994.1  1051.8  804.4
1057.2  988.1  1074.7  799.8
 531.3  166.4   700.3   34.5
1131.2  468.7  1138.5  269.6
1402.2  973.8  1348.7  707.6
 588.2  884.0   747.1  519.5
1906.4 1092.8  1610.3  574.5
 247.6  995.7   558.7  509.9
 211.6  974.8   536.4  495.8
1713.3  930.7  1507.4  504.1
 296.6  840.0   572.8  441.0
 393.1  833.9   630.2  449.2
 522.0  790.7   719.0  418.0
 903.2  805.8   974.1  430.9
1243.1  812.1  1203.6  447.5
1711.5  784.4  1512.1  414.5
 341.4  757.5   600.2  392.1
 897.5  776.2   971.2  407.5
1008.8  687.4  1046.0  367.5
1133.5  685.2  1131.7  370.0
1249.3  668.0  1211.8  359.5
1410.7  565.3  1332.1  308.9
1631.0  758.1  1459.5  397.5
 228.2  680.6   543.5  318.5
 657.6  645.0   805.4  337.7
 874.2  624.9   952.9  333.9
1156.8  639.6  1149.2  345.9
1257.5  500.3  1229.9  283.8
 958.9  476.4  1009.8  271.2
1243.8  464.4  1222.2  264.6
1817.9  633.5  1557.4  280.2
1750.0  627.5  1516.6  278.4
 149.0  564.5   519.5  217.8
 153.2  589.3   520.7  234.2
 891.9  335.8   959.9  176.7
 963.0  307.9  1013.5  163.6
1007.8  320.3  1047.9  171.1
1172.9  363.6  1173.3  201.5
1180.9  368.0  1179.3  204.7
1180.4  371.5  1178.6  206.1
1614.2  458.2  1455.5  202.4
1865.1  545.8  1576.8  213.1
  56.6  473.9   474.3  152.8
 119.9  521.4   504.7  188.8
 116.4  466.0   505.8  152.6
 125.5  528.8   507.3  194.0
 433.7  297.3   629.6  126.5
 721.6  305.5   833.3  147.9
 806.9  247.1   896.4  109.8
 916.6  289.1   978.5  146.5
 819.5  281.8   906.0  134.9
1005.0  279.3  1046.5  139.3
1454.7  269.8  1380.9  119.1
1700.3  443.4  1503.3  181.0
1672.9  429.9  1485.7  172.2
 896.1  219.2   964.6   90.1
 920.1  212.7   983.1   85.0
 978.0  219.8  1027.1   91.1
 978.1  214.7  1027.4   85.7
 961.9  221.8  1014.7   92.5
1167.7  222.4  1169.1   82.9
1220.7  236.5  1208.8   95.5
1201.6  230.2  1193.8   87.6
1457.5  257.4  1382.1  108.6
 712.9 1063.7   773.4  881.8
 725.8 1056.8   784.4  877.8
 875.4 1045.7   914.9  870.2
 876.5 1051.0   915.7  876.0
1272.9 1037.9  1255.2  823.2
 612.5 1014.1   702.6  790.6
1192.3 1002.4  1190.5  816.7
1223.8  956.4  1218.1  775.3
1388.8 1030.6  1337.3  753.7
 495.7  993.3   633.6  705.9
1531.0 1058.4  1398.0  623.6
 361.7  984.6   611.9  540.7
1755.5  971.5  1529.5  521.5
1746.8  974.3  1523.5  522.7
1790.8 1004.1  1549.7  538.7
 428.5  878.0   641.1  502.6
 498.5  873.6   684.5  511.3
 665.5  876.1   801.5  514.4
 885.4  884.4   959.3  495.6
 888.3  877.9   961.7  488.9
1659.6  908.5  1468.6  481.3
1721.8  931.1  1514.9  508.1
 522.9  821.8   714.9  448.0
 952.5  818.2  1007.0  438.9
1326.1  819.2  1259.4  450.9
1441.9  807.4  1336.8  440.0
1881.7  862.4  1613.5  451.9
 451.5  763.1   673.3  397.2
 364.7  758.0   616.2  391.9
 430.0  757.7   659.4  392.6
1624.2  791.2  1458.0  426.3
1403.4  669.7  1317.3  359.8
1820.4  743.4  1581.1  382.5
 349.3  689.2   618.4  329.4
1463.0  633.2  1357.7  332.5
1719.2  676.0  1504.7  321.2
 824.6  512.3   911.8  287.2
1350.8  471.3  1300.8  267.7
1814.4  647.9  1556.4  291.0
 154.4  573.5   520.4  225.8
 677.0  459.0   802.5  251.5
1290.3  419.1  1259.4  236.9
1626.8  508.6  1464.3  237.9
 130.1  518.2   512.2  185.8
1636.7  461.8  1469.2  203.2
1888.9  536.1  1588.1  203.6
 233.0  403.2   548.9  141.2
 264.5  390.5   566.5  136.0
 446.2  315.9   635.8  143.1
 795.0  292.3   887.4  142.1
 966.8  301.7  1016.7  157.7
1484.4  272.4  1410.4  131.8
 894.8  213.0   963.5   86.1
 940.2  213.5   998.5   85.0
 918.5  228.6   981.6   96.8
1005.3  209.6  1048.1   82.6
1204.6  225.1  1195.5   82.0
1409.2  245.1  1347.5  100.5
1504.8  273.9  1414.0  117.4
1505.4  225.9  1414.7   81.6
 500.6  218.4   676.4   72.9
 428.3  198.1   630.2   51.6
 435.0  195.6   637.8   47.5
 721.7  177.8   839.9   45.0
 809.6  170.6   905.3   39.5
 884.8  179.3   962.7   39.6
1035.9  162.2  1072.2   42.5
1131.0  140.9  1145.0   31.9
1179.2  213.9  1177.4   75.3
1172.4  185.5  1173.3   55.9
1186.3  187.9  1183.1   56.1
1205.4  205.7  1196.8   68.7
 963.0 1050.5   991.2  877.0
1075.9 1038.5  1090.1  866.4
 780.5 1037.2   832.9  859.4
 912.2 1029.7   947.9  851.1
1220.9 1042.9  1213.6  845.6
1279.8 1050.1  1260.6  832.3
1330.7 1068.4  1299.6  830.3
 680.0  987.9   753.5  790.4
 871.9  984.2   916.4  793.0
1128.3  988.2  1135.6  801.7
1218.9  967.9  1214.1  788.4
1326.2 1058.0  1295.4  818.0
1255.3  967.5  1243.6  776.5
1393.3 1023.5  1341.2  748.7
 561.2  936.7   671.8  698.5
 569.4  933.6   677.8  697.9
 541.9  947.8   660.1  697.0
1369.8  983.9  1326.2  729.8
 344.0 1016.1   596.2  567.9
1510.6  991.7  1386.1  581.1
1556.3 1041.0  1410.9  598.7
 170.6 1065.9   515.6  543.2
 356.6  982.6   603.2  549.4
 257.0 1027.9   562.0  534.2
 379.8  979.2   614.2  556.1
 396.6  932.1   626.3  524.4
1285.2  889.5  1237.7  535.9
1584.3 1033.3  1416.3  558.5
 190.9  986.2   525.4  499.5
 177.6 1011.6   524.5  503.4
 169.6 1020.6   517.8  511.4
1761.2  955.4  1536.2  516.1
1650.9  918.0  1469.5  501.6
  50.3  859.8   421.4  438.3
 135.4  830.6   469.9  429.1
 258.1  853.9   550.4  445.1
 461.8  835.5   672.4  458.5
 424.2  825.6   648.4  449.1
 827.7  840.1   921.5  461.0
 885.3  818.5   961.5  442.2
 956.7  810.4  1010.1  432.1
1688.6  807.8  1503.7  442.8
1687.1  815.8  1505.5  453.5
 189.3  769.9   497.5  400.7
 178.3  770.2   489.8  401.2
 345.5  766.7   602.4  398.8
 354.2  772.6   607.2  404.3
 360.4  758.0   614.1  390.7
 734.6  794.3   861.5  421.2
 866.6  787.7   950.0  417.8
1019.2  804.6  1051.9  430.1
1018.7  798.6  1051.7  425.2
1008.9  803.6  1045.0  430.0
 940.8  781.9  1000.5  406.5
1534.1  790.5  1397.6  425.4
1722.6  772.6  1519.9  407.0
1736.2  771.2  1529.1  406.6
1774.0  754.4  1554.1  395.0
 246.0  709.0   547.6  345.9
 922.7  717.1   987.4  380.7
 927.4  684.9   990.2  366.5
1048.3  667.0  1073.4  358.8
1107.3  689.9  1113.4  370.0
1268.2  711.5  1222.2  380.1
1268.6  702.0  1222.8  374.5
1421.5  722.6  1323.0  379.2
1412.8  701.7  1319.2  370.0
1405.5  703.1  1314.1  370.5
1698.8  745.3  1500.2  381.7
  71.7  697.8   441.1  329.6
  71.9  668.6   446.8  305.6
  75.1  701.9   439.4  336.4
  97.3  688.9   454.2  327.9
 215.5  672.2   536.5  311.6
 534.9  672.3   727.4  342.7
 975.1  637.9  1022.8  344.8
1132.3  629.0  1132.4  339.0
1080.0  565.9  1097.8  318.2
1062.1  571.3  1084.8  322.9
1422.1  598.5  1333.8  317.7
 554.3  493.9   719.0  263.5
 804.6  459.5   894.9  258.7
 790.8  510.9   887.1  286.1
1080.4  497.0  1099.8  283.4
1149.2  498.2  1150.7  285.1
1249.1  452.4  1226.8  257.4
1349.3  495.0  1297.1  279.4
1770.6  614.0  1523.6  261.9
1770.6  621.8  1524.0  267.4
 155.9  563.1   525.1  215.7
 538.0  430.7   701.3  228.3
1132.8  398.2  1141.2  220.0
1619.4  519.2  1458.8  244.3
1799.8  570.4  1538.9  230.8
 418.7  395.6   617.1  198.1
 501.5  342.9   671.0  169.6
 910.5  339.0   973.9  179.6
 862.2  334.9   938.3  172.2
 876.1  338.8   947.7  179.7
1029.1  341.9  1064.0  182.2
 954.7  343.0  1007.4  183.3
1025.0  383.2  1060.3  210.9
1622.5  460.5  1460.3  203.1
1902.8  496.5  1589.0  171.7
 525.8  288.3   689.5  129.8
 645.3  284.8   778.7  128.0
 823.5  322.1   908.4  164.9
 972.6  273.7  1022.0  132.2
1059.9  301.3  1088.2  156.2
1490.7  310.5  1405.5  147.4
1723.3  419.2  1512.4  158.3
 542.6  236.3   703.6   90.3
 516.7  255.4   687.1  101.0
 549.1  224.6   710.8   79.3
 762.5  219.2   867.3   80.0
 832.3  249.0   915.4  112.3
 746.2  253.2   853.3  107.6
 772.1  249.8   873.3  104.2
 866.2  225.4   941.4   95.3
1061.5  234.9  1090.4  101.2
1179.3  230.6  1177.4   88.4
1469.2  214.5  1388.9   73.7
 375.0  201.2   593.6   51.8
 450.9  183.3   644.0   43.6
 496.9  172.6   674.6   39.1
 495.1  166.4   674.4   33.5
 709.3  159.9   829.3   34.3
 761.1  213.6   867.1   74.3
 740.1  195.9   852.7   59.4
1009.7  203.5  1051.6   76.3
1139.1  174.9  1149.8   53.6
1125.4  175.2  1139.3   52.3
1203.9  209.0  1195.4   70.6
1385.6  158.5  1328.0   31.4
1493.7  163.2  1405.1   33.5
 451.9  147.7   647.1   16.0
 816.8  170.2   914.7   30.0
 817.0  146.8   914.3   15.2
1329.9  126.9  1291.1   13.3
 700.4 1030.3   763.9  850.3
 703.3  971.9   772.9  779.8
 779.3  979.5   837.5  787.5
 841.4  982.5   890.4  791.0
1485.2  993.6  1371.6  591.3
 383.9  966.0   611.0  559.1
1565.2  961.1  1408.4  520.3
1591.5  894.9  1431.7  489.1
1474.7  869.0  1360.8  489.8
1702.4  778.4  1507.7  413.1
 104.7  705.2   455.9  341.7
1831.7  708.2  1580.3  347.7
 176.8  675.5   511.5  313.6
1610.5  653.4  1445.9  325.3
  93.3  630.4   469.7  272.7
 612.1  528.3   762.0  285.2
 939.8  484.7   995.5  276.8
1019.0  411.5  1055.1  236.9
1189.5  365.9  1185.8  203.1
1266.4  262.3  1242.3  114.6
1448.9  221.4  1376.0   81.5
1010.9  572.2  1047.8  322.6
 542.8  215.2   705.7   72.9
1004.2 1059.1  1026.9  887.3
 853.3 1025.3   897.2  844.5
  51.7  650.2   437.2  290.7
 901.4  412.2   966.0  234.0
1664.6  452.5  1485.0  193.4
1263.7  268.1  1241.0  121.2
1673.1  799.4  1490.4  431.4
1498.2  259.9  1408.5  105.9
 803.4 1048.6   852.0  872.5
 166.4  757.5   484.0  390.3
 935.7  800.4   996.4  423.6
 601.3  620.2   765.7  323.5
 749.1  978.1   811.9  785.2
 617.5 1014.5   706.8  790.9
1668.1  734.6  1479.2  372.8
1375.1  692.8  1294.8  366.8
 813.4  987.2   866.7  793.3
 666.5 1059.3   735.7  868.6
 843.3 1052.6   886.7  876.9
 963.1 1045.6   991.5  871.5
1005.0 1051.4  1027.8  879.3
 186.0 1056.5   522.5  542.0
 704.1 1003.4   772.7  807.5
1291.5 1045.4  1270.3  827.3
1517.2 1021.4  1390.3  601.8
 998.5  978.3  1024.5  792.5
1028.9  980.8  1050.6  794.7
1189.4  987.9  1188.2  804.4
 921.9  947.9   983.3  538.0
 203.9  896.1   519.9  464.0
 904.5  875.3   972.6  488.4
 990.4  887.2  1030.7  498.7
1409.2  889.3  1326.0  538.2
1406.0  888.3  1322.8  533.9
 822.3  845.9   917.5  466.2
1106.9  849.1  1110.4  470.4
1508.4  859.8  1389.0  497.2
 473.5  789.3   683.8  422.1
1300.7  808.0  1240.9  436.6
1232.2  789.5  1194.7  420.5
1447.6  801.1  1340.6  435.4
 235.2  754.0   533.0  384.3
 467.0  765.2   684.0  397.9
1832.8  747.6  1589.3  385.4
1908.5  785.8  1630.9  400.7
 214.7  704.7   530.4  338.8
 738.0  717.1   863.2  375.6
1212.3  668.4  1186.2  358.7
 114.0  624.9   480.9  271.2
1077.6  625.9  1094.5  339.5
 306.4  571.7   584.7  261.9
1404.5  598.1  1322.9  320.6
 152.1  545.6   522.5  205.4
 713.4  530.0   833.1  291.4
 999.7  556.6  1039.7  314.9
1416.6  547.1  1335.3  293.0
 945.9  457.8  1000.1  260.2
1410.6  446.3  1345.9  250.4
 956.3  423.3  1007.4  243.5
 685.7  364.6   803.7  195.3
 725.4  283.5   838.5  127.7
1294.0  274.0  1263.1  124.5
 375.7  212.2   595.3   58.5
 519.6  242.7   688.8   92.2
 687.6  217.0   814.3   73.4
1051.0  234.7  1082.5  103.2
1078.5  223.0  1103.5   91.6
1196.2  220.7  1190.0   80.7
1451.8  244.5  1376.1   96.1
1479.1  243.4  1396.2   95.6
1484.0  250.1  1399.7  100.5
1565.1  240.1  1456.0   89.9
 418.0  185.3   623.2   42.0
 451.3  178.0   645.1   39.0
 823.4  181.9   919.1   38.9
 904.6  209.4   972.3   78.2
 913.6  209.4   978.2   82.4
1000.4  203.9  1044.6   76.3
1154.3  194.7  1159.7   62.6
1462.1  199.8  1384.4   63.4
1468.3  189.6  1388.1   54.9
 699.5  145.7   825.8   18.7
 938.8  159.1   999.1   40.2
1111.7  166.6  1129.0   45.1
  66.3  659.6   445.1  298.1
 757.7  187.9   866.4   52.7
1191.7 1076.3  1190.2  897.2
 807.0  631.3   906.4  336.9
1004.9  824.1  1041.7  451.7
