 719.1 1083.6   777.5  948.2
 810.2 1072.8   857.8  947.4
 865.4 1076.5   907.7  951.5
 998.5 1071.9  1028.2  949.9
1034.2 1087.0  1060.5  964.3
 992.0 1073.2  1022.2  951.9
1211.8 1079.1  1222.0  955.6
 683.3 1070.6   750.4  918.5
 801.3 1025.8   849.8  906.7
 798.2 1039.1   846.9  918.8
 825.4 1035.7   871.5  916.0
 838.6 1028.1   883.5  909.8
 860.4 1046.5   903.1  926.8
 870.6 1033.6   912.5  915.0
 924.3 1050.5   960.9  931.3
 952.9 1041.4   986.8  925.4
 984.1 1061.6  1015.2  942.2
 982.5 1049.3  1013.8  931.9
1047.3 1028.2  1073.0  914.6
1040.5 1021.6  1066.7  909.2
1127.0 1067.6  1145.1  948.7
1110.9 1047.2  1130.7  930.1
1120.3 1062.3  1139.2  944.8
1122.1 1068.4  1140.7  951.0
1209.3 1072.5  1219.8  949.8
1210.8 1036.3  1221.4  916.6
1213.0 1045.4  1223.4  925.7
1211.6 1051.4  1222.2  932.0
1291.5  793.0  1291.1  668.9
1471.0 1067.7  1442.6  893.1
 358.1 1022.9   484.8  834.7
 347.8 1028.6   476.9  837.8
 526.4 1048.5   626.5  861.0
 569.2 1023.1   665.5  833.6
 554.9 1028.8   653.5  837.7
 692.1 1015.3   755.9  879.8
 793.5 1022.9   842.7  904.7
 793.5 1017.8   842.9  899.5
 778.5 1018.8   829.3  900.2
 872.2  983.6   913.9  872.9
 931.9 1004.6   967.9  893.5
 934.5  997.1   970.2  887.4
 951.2  973.4   985.6  867.3
1035.0  989.9  1062.0  881.5
1027.0 1020.5  1054.5  907.2
1062.8 1007.4  1087.2  895.6
1073.6  990.6  1097.3  880.7
1220.3 1012.1  1230.7  898.7
1227.1 1012.3  1235.9  890.5
1528.5 1034.0  1494.7  868.9
1570.6 1033.0  1530.7  865.5
1535.0 1034.3  1500.6  869.7
1543.3 1034.7  1507.9  870.2
1563.0 1031.6  1523.9  864.0
1539.6 1025.6  1505.2  863.5
1548.6 1039.4  1512.6  874.3
1598.2 1018.7  1552.7  847.5
 323.8  974.6   459.1  788.2
 460.2  998.0   570.1  818.1
 603.6  987.5   693.0  809.6
 698.8  940.9   762.2  814.8
 733.4  940.4   791.2  821.7
 691.0  955.3   752.4  836.5
 686.6  977.2   750.0  850.4
 654.9  983.0   731.3  824.1
 745.5  955.2   801.4  837.0
 740.7  946.9   797.2  829.6
 765.9  955.5   819.4  839.2
 774.3  972.4   826.2  857.1
 813.8  970.1   861.6  857.1
 847.6  959.4   891.6  851.6
 836.7  954.7   882.0  845.9
 818.9  961.1   866.0  850.0
 843.4  972.2   888.0  861.6
 843.0  949.7   887.5  842.9
 952.6  928.1   987.1  827.9
1003.6  930.0  1033.8  829.4
1030.7  961.5  1058.2  858.4
 999.8  948.3  1030.0  847.3
1039.0  956.7  1065.9  854.1
1073.7  970.8  1097.5  864.2
1200.7  963.0  1212.5  847.7
1220.7  974.8  1230.3  855.7
1144.7  971.0  1162.0  859.6
1642.2  980.8  1588.0  807.1
1600.4 1011.4  1554.3  840.1
1654.5  983.4  1597.6  807.1
1636.6  985.7  1584.1  813.6
 408.4  964.5   525.2  791.1
 462.7  913.9   563.7  765.4
 580.2  929.5   678.3  747.4
 578.2  938.0   675.9  756.0
 694.7  923.2   758.8  798.4
 731.0  903.6   788.1  793.2
 753.4  905.2   808.5  794.3
 841.9  906.6   886.9  804.0
 893.7  920.3   933.6  818.7
 905.9  923.0   944.6  821.7
 917.8  925.0   955.4  824.2
 928.2  885.0   965.0  790.7
 922.0  912.3   959.4  812.3
1018.1  913.4  1047.1  815.6
 983.4  887.9  1015.4  794.7
 995.0  897.2  1026.0  802.1
1128.2  917.4  1147.7  815.1
1118.1  916.0  1138.6  815.2
1105.3  920.4  1126.8  818.7
1130.8  923.2  1150.0  820.3
1119.2  895.8  1139.8  797.8
1222.1  906.8  1232.5  797.3
1563.4  956.7  1528.6  808.3
1654.7  929.4  1601.3  767.5
1600.0  950.2  1557.4  794.3
 345.3  873.3   471.9  713.1
 335.4  902.6   464.8  735.3
 322.7  890.3   455.9  721.8
 890.2  836.3   930.3  748.0
 826.8  852.6   873.2  757.1
 847.7  850.7   892.0  757.0
 833.3  842.2   879.0  748.5
 837.8  856.4   883.1  760.7
 924.2  851.4   961.3  762.4
1016.9  845.2  1046.5  758.0
1044.4  860.9  1071.6  769.9
1018.8  851.2  1048.2  763.1
 980.3  875.7  1012.7  783.6
1088.8  835.9  1112.6  748.6
1089.7  844.4  1113.3  754.6
1064.4  875.6  1089.8  782.6
1105.5  853.2  1127.7  761.0
1064.8  847.3  1090.5  758.5
1077.7  857.2  1102.2  765.6
1216.3  881.7  1225.1  756.2
1640.0  871.1  1594.5  728.6
 382.0  838.6   499.5  690.5
 706.7  831.0   767.0  727.2
 880.6  801.1   921.6  717.7
 870.2  829.1   912.2  740.4
 892.5  820.3   932.4  734.7
1028.2  819.9  1057.0  736.8
1018.6  817.6  1048.2  732.9
1022.8  821.3  1052.0  738.8
1087.0  816.6  1111.1  731.2
1096.5  825.1  1119.8  738.0
1075.1  824.0  1100.1  738.2
1081.7  817.1  1106.2  732.1
1081.6  811.6  1106.3  727.1
1106.5  790.4  1129.3  707.6
1179.6  815.5  1193.5  703.3
1209.4  813.2  1220.3  701.1
1215.4  814.6  1225.5  701.7
1226.3  814.1  1235.3  701.4
1222.3  828.4  1231.5  713.0
1313.2  831.9  1310.8  707.1
1634.8  865.4  1589.4  722.4
 327.3  788.7   457.0  641.1
 313.7  817.4   446.9  662.9
 623.1  791.1   701.8  666.3
 645.7  771.5   723.7  644.1
 678.8  768.4   751.6  644.6
 657.7  784.1   732.8  659.0
 650.2  764.2   727.7  638.1
 723.0  767.2   786.5  656.4
 730.8  793.6   793.1  680.3
 664.8  786.9   739.1  661.0
 755.8  790.6   815.5  677.3
 753.7  788.8   813.7  675.1
 736.2  791.4   798.4  676.4
 898.3  767.9   937.9  688.9
 865.6  755.2   908.1  676.3
 909.7  759.5   948.4  681.3
 942.6  771.4   978.5  693.1
 914.3  770.9   952.5  692.3
 932.9  778.6   969.5  700.3
1014.3  763.9  1044.7  685.8
1029.5  743.1  1058.9  664.6
1084.5  762.8  1109.4  684.9
1095.7  755.1  1119.7  675.7
1219.8  795.8  1229.6  685.0
1176.5  777.4  1191.3  671.1
1194.5  764.7  1207.7  660.8
1266.9  764.9  1270.1  646.8
1274.2  770.6  1276.3  650.7
1320.5  770.7  1316.9  649.2
1641.7  802.5  1598.0  671.7
1641.3  810.0  1597.4  677.9
 337.1  739.6   463.8  602.1
 317.0  763.9   444.5  625.6
 432.5  777.0   581.3  571.5
 426.3  768.2   578.0  561.6
 785.8  727.6   837.4  641.9
 853.5  698.4   898.5  619.1
 859.0  704.9   903.5  625.2
 869.6  710.2   913.0  630.7
 956.0  696.4   992.2  617.5
 955.9  701.6   992.1  621.8
 947.4  703.4   984.3  624.4
 948.0  708.6   984.7  629.5
 985.7  713.9  1019.2  634.5
 980.0  730.6  1013.6  652.1
1130.3  706.8  1151.8  628.5
1104.6  717.9  1128.1  639.8
1112.9  701.2  1135.8  623.6
1062.1  726.6  1089.1  648.2
1221.4  711.9  1231.2  607.1
1146.6  697.0  1166.7  618.6
1265.9  748.7  1269.7  634.6
1230.3  715.1  1238.9  608.3
1225.0  716.8  1234.4  611.2
1253.5  737.0  1259.3  627.0
1327.0  751.7  1321.6  627.6
 412.8  744.9   570.2  538.4
 383.9  728.5   548.8  522.9
 669.6  697.1   744.2  582.4
 693.7  710.2   764.7  595.3
 671.3  687.2   745.4  574.7
 689.6  695.5   760.5  584.6
 672.9  706.0   746.8  590.7
 694.2  689.4   764.4  579.5
 793.9  674.4   845.0  594.4
 831.4  677.3   879.2  597.2
 832.7  682.2   880.0  602.9
 870.5  690.1   914.2  611.1
 872.4  685.2   916.2  605.8
 950.5  687.9   987.3  609.2
 956.2  679.7   992.7  600.6
 971.8  680.1  1006.9  601.1
 944.1  692.2   981.4  613.1
 986.5  692.3  1020.2  613.6
1019.2  674.2  1050.4  595.1
1126.5  696.0  1148.3  618.8
1078.3  656.2  1104.4  576.5
1098.4  689.0  1122.5  610.4
1064.3  678.1  1091.5  599.5
1090.0  687.2  1114.9  608.4
1146.9  678.7  1167.0  600.1
1165.9  699.2  1183.2  609.0
1155.3  683.8  1174.8  605.9
1151.6  656.1  1171.0  574.8
1241.9  710.9  1249.0  603.0
1340.9  686.4  1332.0  562.1
1528.6  756.0  1470.2  564.6
1858.5  820.2  1654.8  494.1
 118.1  773.1   428.4  451.7
 396.7  713.3   562.0  506.3
 558.5  629.1   647.2  523.0
 572.0  661.6   656.9  555.2
 720.3  646.0   786.8  544.4
 799.3  614.2   852.3  533.4
 879.4  616.6   924.5  536.9
 865.9  617.2   912.3  536.9
 862.9  612.6   909.6  533.1
 978.8  629.2  1014.3  548.5
 956.0  627.8   993.7  547.2
1038.4  624.7  1068.4  544.5
1001.7  630.5  1035.1  550.0
1134.6  627.4  1155.8  548.6
1129.2  628.0  1150.9  548.9
1085.0  633.9  1110.6  553.3
1212.2  637.5  1224.8  548.6
1212.0  631.6  1224.7  543.5
1171.0  632.9  1188.9  553.2
1213.5  644.0  1226.0  554.5
1214.6  617.1  1227.3  530.8
1813.9  754.6  1632.2  460.3
1827.9  767.9  1638.0  463.8
1913.1  747.5  1704.1  455.2
 221.5  501.9   475.7  289.8
 156.1  687.1   446.7  401.8
 135.1  706.2   436.3  410.1
 372.7  672.5   548.6  466.7
 540.4  583.1   635.5  476.1
 578.3  618.3   675.4  492.4
 678.0  590.9   754.6  484.5
 776.3  597.0   831.4  518.9
 833.5  565.7   884.1  487.8
 883.0  567.1   928.8  488.9
 846.5  581.1   895.4  503.4
 976.9  570.2  1013.4  493.0
 936.7  595.7   976.6  517.1
 945.0  595.9   984.2  517.1
 918.5  594.7   960.2  516.3
1082.8  572.0  1109.1  494.3
1190.5  571.6  1206.4  493.2
1205.2  592.8  1219.6  513.0
1203.4  572.1  1218.2  494.6
1269.7  620.8  1272.7  515.2
1448.5  581.5  1429.8  478.9
1647.1  694.2  1533.2  454.3
1629.1  648.4  1527.2  432.3
1787.9  706.0  1617.9  431.4
 208.9  617.3   473.5  365.0
 559.5  541.5   662.3  423.1
 639.1  552.6   725.7  441.3
 645.0  546.9   729.5  439.2
 769.1  553.8   826.7  475.5
 767.7  531.9   826.1  454.9
 756.9  558.7   816.4  477.9
 757.2  558.9   817.2  476.6
 801.7  551.9   856.0  474.3
 811.0  545.0   864.4  468.3
 780.1  557.2   836.4  479.4
 837.1  526.6   888.3  450.3
 842.7  546.9   893.2  468.5
 839.9  536.3   890.8  458.9
 952.9  545.9   992.1  469.3
 975.3  564.1  1012.0  487.1
 947.3  545.5   987.0  469.0
 954.6  533.1   993.9  457.0
 962.0  545.3  1000.4  468.4
 940.2  549.3   980.6  472.8
 986.1  550.0  1022.0  472.9
1044.5  562.0  1074.5  485.0
1078.5  539.1  1105.4  462.9
1077.6  549.4  1104.5  473.0
1084.3  539.6  1110.6  462.9
1075.0  529.1  1102.4  453.4
1102.6  530.9  1127.2  454.5
1176.6  554.4  1194.1  478.5
1200.2  531.8  1215.4  457.2
1200.6  540.2  1215.7  464.5
1266.7  539.2  1270.0  440.4
1441.8  575.2  1423.3  471.9
1537.5  583.0  1470.7  408.6
1555.8  576.5  1483.2  399.3
1888.6  663.0  1696.1  405.6
1824.4  661.3  1649.2  404.6
1854.4  606.0  1674.9  368.1
1817.0  663.4  1643.4  405.8
 105.4  610.5   400.2  358.9
 562.9  524.2   666.2  406.8
 565.8  530.7   669.6  410.8
 613.8  504.8   709.3  391.1
 661.3  495.8   744.7  394.0
 668.4  525.3   749.6  421.5
 725.2  515.6   790.0  435.4
 770.0  520.3   828.6  443.5
 761.0  519.3   820.6  442.2
 810.3  478.1   865.7  403.8
 799.8  482.0   856.1  407.7
 865.1  488.7   914.7  412.8
 972.0  508.4  1009.9  433.1
 963.5  511.3  1002.2  435.5
 939.8  502.0   981.2  426.8
 964.9  503.7  1003.6  428.9
1036.3  512.0  1067.7  437.0
1043.6  513.2  1074.2  438.0
1047.9  512.5  1078.1  437.3
1084.9  498.5  1111.5  424.1
1067.9  483.9  1096.4  410.2
1139.0  481.7  1160.2  407.5
1145.4  487.1  1166.0  413.6
1142.7  495.7  1163.6  422.0
1273.7  518.1  1276.5  423.1
1278.2  511.2  1280.6  417.5
1355.2  541.0  1342.7  427.4
1696.6  577.2  1567.6  360.3
1668.8  552.8  1552.7  350.4
1838.3  599.3  1664.0  364.3
1823.7  573.0  1653.1  344.7
1805.6  586.9  1638.5  353.6
  30.1  514.6   322.4  310.3
 271.7  553.5   506.1  333.9
 446.0  516.3   603.9  349.2
 576.5  494.0   681.5  375.4
 686.2  485.5   765.0  387.8
 729.4  439.8   796.2  364.0
 790.2  467.7   847.6  395.0
 892.4  473.6   939.2  399.9
 975.6  463.4  1013.9  389.4
 919.9  459.0   964.1  385.9
 936.0  458.1   978.5  385.1
 907.2  462.6   952.6  389.4
 901.6  451.5   948.0  378.4
1056.6  433.9  1086.7  362.3
 981.9  462.4  1019.6  389.0
1083.5  468.0  1110.5  395.0
1063.8  443.0  1093.0  371.2
1086.7  459.7  1113.4  386.2
1196.8  471.4  1212.1  398.2
1196.6  442.7  1212.1  372.1
1171.8  437.1  1189.5  364.4
1254.9  440.6  1262.7  363.7
1280.4  484.2  1282.6  393.3
1333.8  453.2  1324.4  350.7
1677.4  511.3  1557.2  315.9
1652.4  504.9  1541.8  316.0
1854.4  521.1  1674.6  304.8
1871.7  534.9  1687.9  315.6
  98.8  492.7   378.1  290.2
  76.3  455.5   357.3  266.4
  72.0  456.6   347.3  272.7
 385.4  454.2   575.7  278.5
 623.4  440.8   717.2  338.3
 693.0  415.1   770.0  330.2
 676.1  414.9   757.1  326.4
 694.9  425.0   772.5  336.7
 690.2  426.3   767.4  340.0
 792.9  397.3   852.4  327.5
 826.4  395.2   882.3  325.4
 826.7  406.6   882.2  336.4
 818.5  419.2   874.7  347.9
 925.5  421.8   969.7  351.4
 922.7  423.9   967.3  352.5
1052.6  430.3  1083.1  358.7
1048.6  424.6  1079.6  355.1
 980.0  432.1  1018.2  360.7
 979.9  427.2  1018.3  355.9
 987.6  427.9  1025.1  356.8
 978.3  652.8  1013.3  574.7
1253.3  432.6  1261.2  355.8
1296.4  431.5  1296.6  345.5
1679.8  471.8  1558.9  285.6
1679.5  476.7  1559.4  290.3
1668.9  466.3  1552.1  283.3
1696.8  455.3  1569.8  270.6
1818.6  470.0  1644.5  263.3
1845.6  461.8  1665.1  258.0
1840.9  469.9  1662.5  264.9
1845.5  477.4  1666.7  271.2
 194.4  435.7   458.0  240.2
 152.5  421.1   427.9  229.5
 202.1  431.2   463.2  237.3
 169.6  434.0   440.3  238.7
 224.0  434.5   479.0  240.0
 289.2  418.1   518.7  235.7
 780.1  347.6   842.8  280.5
 784.7  376.9   845.8  308.2
 786.0  354.7   847.8  287.0
 790.0  364.0   850.9  296.1
 824.5  382.3   880.8  313.8
 930.3  376.2   974.3  311.5
1183.0  352.5  1199.5  285.9
1176.8  364.2  1194.0  296.6
1476.7  413.0  1427.3  280.6
1456.3  378.9  1413.4  257.4
1787.5  451.9  1621.3  249.5
1816.7  438.4  1644.6  241.6
 161.9  386.2   437.4  202.2
 140.1  372.4   422.8  191.5
 525.4  370.8   659.7  245.6
 675.8  317.5   773.2  216.2
 678.2  345.1   773.9  240.7
 932.0  376.5   975.8  311.7
1041.5  311.8  1075.0  223.9
1209.0  313.0  1216.5  223.3
1227.0  314.0  1231.7  224.2
1307.3  340.6  1296.3  238.1
1296.3  352.5  1287.6  249.5
1281.7  349.2  1275.8  247.9
1280.0  331.2  1276.0  237.6
1635.0  382.6  1533.4  228.2
1759.9  362.1  1608.1  190.8
1756.7  353.6  1606.2  184.8
 489.6  296.3   636.0  181.1
 583.1  313.1   700.3  207.9
 553.6  290.9   678.7  187.0
 720.1  278.8   809.2  185.8
 796.0  277.5   869.4  191.1
 794.3  268.4   867.9  183.7
 802.2  276.8   874.8  190.1
 809.7  268.8   881.1  183.3
 851.4  270.4   915.8  185.3
 886.2  271.4   945.1  186.1
 903.9  272.3   959.9  186.8
1024.7  284.9  1061.2  197.7
 981.7  280.5  1025.0  194.6
1025.8  275.7  1062.2  188.9
1017.3  275.7  1055.1  188.5
 981.9  273.3  1025.5  186.5
1080.8  280.8  1108.4  194.4
1142.7  285.1  1160.4  198.0
1117.5  283.5  1139.2  196.0
1088.4  282.0  1114.8  195.2
1195.9  288.7  1205.2  201.3
1187.6  287.3  1198.2  199.8
1223.3  289.5  1228.2  201.8
1206.2  288.3  1213.8  200.5
1213.8  289.6  1220.4  202.1
1160.1  286.2  1175.1  198.9
1196.2  283.2  1205.4  196.1
1231.8  290.9  1235.5  203.2
1232.5  285.8  1235.8  197.8
1278.0  313.7  1273.3  219.4
1341.2  290.9  1318.9  183.6
1461.8  315.9  1420.2  209.3
1465.6  305.1  1423.4  200.5
1482.6  304.0  1435.8  197.3
1695.9  312.4  1572.4  165.7
1850.2  358.7  1656.5  171.9
 203.5  289.0   478.8  124.3
 194.0  268.2   475.7  107.2
 542.0  244.3   669.3  149.7
 525.5  245.1   658.5  147.6
 523.3  255.4   655.9  156.7
 548.9  245.5   673.2  152.6
 557.3  234.9   680.3  143.8
 550.8  233.5   675.7  142.0
 756.3  244.6   838.2  160.2
 756.1  250.3   838.1  164.7
 725.3  217.8   813.6  136.4
 931.1  263.4   983.4  176.5
 965.0  265.1  1011.5  178.9
 979.8  265.8  1024.1  178.1
1033.9  267.8  1069.1  181.1
1000.8  231.1  1041.9  148.7
1200.3  227.9  1208.4  146.0
1208.8  247.9  1215.4  163.0
1371.3  258.4  1348.7  167.0
1469.3  252.2  1426.9  157.4
1453.8  260.7  1413.4  163.3
1474.2  242.2  1430.8  149.0
1487.9  244.7  1434.9  141.6
1470.4  226.3  1427.8  136.0
1618.7  244.1  1543.4  144.2
1759.7  267.5  1612.2  124.2
 332.8  222.8   547.6   95.6
 331.0  229.7   546.6  100.4
 309.9  221.8   534.5   92.0
 322.2  208.5   541.2   83.9
 303.0  214.3   529.1   86.6
 682.6  217.0   778.9  134.7
 701.5  188.3   794.6  111.4
 804.9  207.6   879.5  128.4
 768.9  189.1   850.4  111.9
 755.5  189.3   839.0  112.6
 746.6  204.4   831.1  125.8
 720.5  190.6   810.3  113.3
 816.8  193.7   889.8  116.1
 986.4  215.4  1030.2  134.5
1001.8  210.9  1042.9  131.8
1203.7  212.4  1211.1  132.2
1288.6  206.6  1282.1  127.8
1298.8  178.6  1289.8  102.6
1289.0  212.7  1282.2  132.5
1288.6  194.1  1281.5  116.1
1376.9  194.6  1354.9  116.2
1478.1  210.9  1433.0  121.9
1463.4  215.9  1424.4  130.6
1484.7  184.9  1437.2   99.2
1534.9  197.1  1474.9  105.5
1542.4  180.5  1480.6   91.7
1549.5  213.2  1487.1  118.9
1644.0  200.2  1565.4  109.8
 249.0  152.5   500.6   34.5
 523.1  160.1   659.7   77.0
 573.3  142.8   692.2   70.9
 668.4  164.0   768.1   90.5
 649.9  164.0   753.1   90.2
 643.2  152.8   748.1   80.6
 726.4  143.8   818.0   71.3
 792.4  128.5   867.2   67.6
 875.9  150.6   937.8   84.3
1040.3  127.6  1075.3   73.7
1122.7  164.9  1144.2   94.6
1272.3  133.9  1269.6   69.0
1377.3  150.8  1354.4   78.2
1362.9  150.8  1342.3   78.2
1543.3  153.1  1480.0   68.1
1541.9  171.2  1480.8   84.7
1522.3  141.4  1464.5   60.2
1521.8  169.1  1463.2   81.7
1639.4  149.4  1557.3   65.0
 502.8  102.3   647.9   27.6
 490.6  106.5   636.5   32.2
 504.3   91.8   649.7   18.8
 489.9   77.5   639.0    7.1
 628.6   99.6   738.6   34.8
 620.8   87.7   732.9   24.6
 579.2  109.3   698.9   42.0
 559.1  112.6   681.7   45.5
 640.2   85.4   748.8   22.7
 639.7  118.0   747.0   50.3
 806.4  116.0   876.5   61.6
 818.4  106.6   886.0   55.2
 845.4  101.3   907.5   53.9
1114.0  114.7  1138.7   63.6
1119.8  113.0  1143.7   62.8
1132.0   71.4  1154.7   27.9
1207.7   98.4  1219.4   49.7
1379.4  110.2  1356.5   45.1
1492.5   78.7  1444.4   13.3
1428.9  106.9  1395.7   40.0
1437.1  102.5  1402.5   36.5
1409.8  104.6  1379.6   37.6
1545.2   92.1  1479.9   17.7
1539.4  122.1  1473.8   40.4
1546.9  106.2  1481.5   29.2
1556.8  110.7  1489.8   33.0
1651.3  105.2  1565.5   28.5
 493.8   68.4   642.9   -0.7
 491.7   61.8   641.7   -6.1
 596.8   56.5   714.5   -1.5
 604.0   60.8   720.1    2.1
 643.9   55.9   753.1   -2.4
 659.8   55.6   766.2   -2.8
 662.6   47.7   768.5   -9.1
 953.6   44.5  1001.3    4.5
1367.1   67.3  1343.4    5.6
1330.8   45.1  1318.1   -6.6
 567.4 1080.2   663.5  882.3
 668.5 1055.5   737.3  905.3
 707.4 1063.7   765.7  935.9
 774.8 1065.5   826.1  939.7
 856.5 1078.7   899.0  957.2
 978.5 1054.4  1010.1  936.3
 937.1 1071.2   972.6  948.1
1003.4 1075.6  1032.7  954.3
1204.6 1047.3  1216.0  929.5
1255.8 1048.9  1260.6  917.2
1315.7 1050.2  1305.9  870.1
1478.0 1064.9  1448.3  889.1
 646.8 1011.9   725.0  845.9
 706.1 1028.3   765.1  902.9
 726.6 1043.4   783.1  918.1
 772.5 1029.6   823.9  909.2
1331.8 1032.6  1319.2  850.9
  10.5 1010.0   367.3  596.5
 932.4  988.2   968.3  880.9
 943.1  981.5   978.2  874.0
1115.6  981.4  1135.6  871.7
1549.1 1001.1  1514.2  843.6
 331.0  944.1   463.6  765.7
 463.2  920.4   564.7  769.8
 572.4  934.8   670.6  754.4
 676.7  951.4   742.2  824.7
 727.7  934.9   786.2  816.2
 925.6  915.0   962.5  816.2
 957.6  913.0   991.8  815.2
 982.0  943.9  1013.8  843.1
1670.0  927.3  1611.4  758.9
 732.6  905.3   790.8  790.2
 913.4  899.5   951.4  802.3
 853.3  873.3   896.3  781.0
 995.0  884.5  1025.9  795.1
1083.1  882.0  1106.9  786.9
1109.1  898.6  1130.5  799.2
 370.3  856.7   490.2  704.4
 851.1  859.2   895.1  764.4
 872.3  825.4   914.2  736.8
 924.8  846.2   961.9  757.6
 924.2  852.4   961.3  763.2
1069.1  829.2  1094.6  743.1
1261.5  843.0  1265.1  718.1
1310.2  828.0  1308.9  707.1
 622.2  797.2   700.4  673.0
 632.1  793.9   710.5  666.6
 633.3  802.7   712.5  671.7
 760.3  794.1   819.6  679.8
 837.5  803.4   882.7  716.2
 891.2  796.9   931.4  713.2
1066.0  807.7  1091.9  725.3
1041.8  799.2  1069.7  718.0
1020.8  783.8  1050.5  704.9
1016.8  795.7  1046.6  716.4
1100.2  816.6  1123.2  729.1
1345.3  800.6  1340.8  684.5
1919.7  806.8  1643.7  412.2
 123.2  745.7   429.6  435.6
 336.1  745.8   462.8  607.6
 321.9  753.3   449.9  614.9
 310.6  757.0   495.7  537.7
 421.2  756.9   576.2  549.0
 682.6  737.8   754.9  618.9
 715.6  743.4   780.9  633.2
 864.7  763.7   907.3  683.1
 978.2  735.8  1011.9  656.8
 950.4  748.8   986.1  670.7
 950.3  762.5   986.7  675.8
1212.9  758.8  1223.5  650.7
1341.2  740.9  1333.7  616.4
1327.4  762.4  1323.2  642.4
1607.9  745.3  1523.3  532.4
1614.3  759.4  1530.1  547.3
1677.8  771.7  1626.0  637.7
 405.5  706.1   568.2  502.0
 684.3  701.4   756.1  588.7
 713.0  694.4   780.6  585.1
 694.8  710.0   764.4  598.6
 859.0  693.9   903.7  614.9
 912.7  694.7   952.8  615.0
 986.1  707.7  1019.6  628.8
1211.9  692.2  1223.5  592.9
1392.6  713.4  1384.6  609.9
 376.8  665.5   551.8  461.1
 558.7  682.0   644.3  574.4
 568.6  656.1   651.1  556.1
 672.8  675.0   746.7  564.2
 702.8  689.6   772.2  579.2
 719.4  666.3   785.8  562.3
 793.2  661.8   844.7  582.3
 911.1  676.9   951.7  597.5
 859.0  673.6   904.3  594.1
 991.2  650.3  1025.2  570.9
 977.6  653.7  1012.9  572.7
1074.5  685.9  1100.8  607.1
1067.8  688.6  1094.6  610.0
1077.0  652.7  1103.2  571.3
1155.8  691.7  1175.0  611.9
1221.4  674.9  1231.5  574.0
1181.3  679.5  1197.4  592.0
1166.6  684.1  1184.1  597.0
1154.8  652.7  1174.0  571.9
1888.4  657.1  1695.6  400.7
1831.7  653.9  1654.4  399.0
 535.1  608.3   641.5  478.5
 789.6  641.8   843.7  556.9
1112.0  626.1  1135.3  547.1
1104.7  628.3  1128.6  549.8
1206.6  610.8  1220.7  529.4
1207.3  608.4  1221.4  527.3
1830.8  644.9  1655.2  394.1
1928.5  627.9  1722.3  376.2
 270.7  579.4   501.8  356.7
 675.6  583.8   752.8  477.9
 748.8  563.4   809.4  481.3
 858.5  569.9   906.8  490.9
1075.7  562.7  1102.8  485.4
1100.1  562.7  1124.8  485.1
1205.0  599.3  1219.4  519.3
1185.3  597.5  1201.9  519.9
1236.6  595.9  1246.5  507.7
1241.1  603.1  1249.8  510.9
1851.4  564.5  1674.1  339.0
 287.2  530.0   514.1  320.6
 543.3  519.1   652.9  397.3
 545.7  526.2   651.6  408.6
 716.9  523.6   785.0  436.3
 829.9  557.1   881.1  479.7
 898.7  559.2   943.1  481.3
 867.8  544.3   915.8  466.0
 968.5  544.1  1006.3  467.3
1030.9  537.2  1062.6  461.0
1197.7  549.4  1212.8  471.2
1272.2  526.7  1275.2  430.7
1276.3  535.6  1278.5  437.5
1359.8  544.7  1346.7  430.7
1318.4  557.4  1313.7  451.3
1631.0  530.9  1501.5  300.1
1681.5  539.1  1560.2  337.0
1839.9  517.3  1664.1  302.4
1866.1  529.1  1683.8  311.4
 285.7  487.2   515.7  286.4
 302.5  504.3   522.8  304.8
 461.1  475.7   611.3  323.9
 611.5  475.5   707.1  367.2
 629.7  474.9   719.6  372.2
 653.4  483.9   739.0  381.7
 722.6  493.4   790.1  410.2
 773.4  518.0   830.9  443.4
 800.2  483.0   856.3  409.0
 968.5  477.9  1007.3  403.6
1340.1  501.7  1331.1  397.3
1529.3  497.0  1462.4  336.0
1537.2  511.3  1468.3  346.9
1553.8  514.2  1481.5  349.1
1557.3  494.1  1481.8  328.8
1554.1  488.9  1484.8  333.9
1841.9  471.8  1664.7  267.9
 466.1  443.5   616.8  296.8
 543.2  429.4   659.3  313.5
 624.9  447.3   718.2  344.3
 630.0  468.0   721.2  363.9
 705.6  431.9   779.3  347.8
 705.1  473.9   779.5  382.3
 778.0  465.2   837.2  391.5
 913.3  465.4   958.0  392.3
 920.2  464.7   964.2  391.5
 994.8  457.0  1031.2  383.5
1057.1  433.5  1087.1  362.2
1141.6  464.6  1162.6  391.6
1196.1  458.7  1210.9  383.2
1200.6  455.1  1215.4  382.0
1352.3  456.8  1341.6  357.4
1388.0  447.5  1370.5  345.0
1698.3  450.7  1574.7  271.6
  99.6  418.2   391.4  225.9
 145.7  401.1   424.4  214.0
 192.5  423.8   464.9  224.5
 624.2  420.4   719.5  318.4
 727.8  395.9   797.0  321.2
 792.0  390.4   852.0  320.5
 801.0  389.4   859.9  319.9
 849.0  398.5   902.7  327.3
 973.1  426.7  1012.2  355.6
1172.4  426.1  1190.2  355.1
1166.2  427.8  1184.7  356.9
1167.4  399.5  1185.7  330.0
1283.8  414.3  1288.0  338.4
1277.9  416.1  1282.6  339.4
1314.2  396.4  1301.3  283.4
1557.7  391.4  1485.6  252.3
1556.7  398.2  1483.7  256.1
1825.2  394.6  1639.5  198.7
 242.9  364.2   499.8  183.3
 294.0  344.7   525.4  179.3
 523.2  365.4   659.6  239.1
 582.0  354.6   697.1  244.5
 730.0  379.1   798.8  307.0
 800.4  354.8   860.1  288.3
1199.7  383.6  1214.5  315.0
1314.3  346.2  1301.8  242.0
1394.6  367.5  1367.6  257.7
1505.7  378.6  1449.9  251.0
1547.1  380.5  1478.1  245.0
1702.4  360.7  1579.3  204.5
 290.4  330.2   522.0  169.5
 507.3  326.1   647.9  207.0
 492.2  327.9   638.4  205.3
 507.2  322.8   646.3  206.2
 579.8  316.0   697.2  210.7
 823.2  305.3   891.4  215.6
 806.6  304.4   877.7  214.4
 779.8  303.3   855.1  213.8
 798.1  338.1   859.0  271.6
 878.4  304.9   937.8  215.4
 891.7  305.4   948.9  216.5
 948.1  312.1   996.7  219.9
1000.3  312.5  1040.2  222.3
1137.5  308.6  1156.1  219.7
1128.8  307.5  1148.7  218.2
1226.0  308.5  1231.0  219.8
1217.6  311.6  1223.8  222.3
1200.1  311.5  1208.9  221.7
1181.5  310.2  1193.3  220.8
1274.5  322.4  1271.1  229.0
1253.9  328.6  1254.2  235.8
1287.9  324.0  1280.8  226.0
1319.8  308.6  1304.5  205.4
1310.8  300.1  1297.9  200.4
1491.7  331.8  1442.4  218.8
  43.2  246.0   377.3   86.9
 197.6  280.4   476.5  116.9
 147.2  249.2   445.5   92.0
 312.5  289.3   533.2  143.9
 657.0  285.4   761.0  185.2
 810.9  275.6   881.8  189.7
 816.6  269.6   886.7  184.5
 800.5  261.1   873.8  176.2
1066.5  270.9  1096.4  182.8
1474.4  259.9  1430.9  163.4
1615.2  249.6  1543.4  151.5
1608.6  249.8  1537.2  150.9
1634.4  287.0  1542.6  164.6
1612.7  277.4  1541.0  173.9
1603.9  262.9  1531.7  159.8
1707.1  287.1  1576.8  142.6
 675.2  225.3   773.2  140.9
 804.0  240.9   877.2  158.8
 888.8  249.3   946.7  170.1
 888.3  236.1   947.8  154.1
 919.5  239.5   974.1  156.0
 986.5  238.1  1030.0  154.4
1103.9  246.3  1128.0  163.9
1216.2  230.4  1221.7  148.5
1584.2  220.2  1515.3  124.6
 551.8  188.3   671.1  111.3
 652.7  179.0   754.6  103.4
 659.0  179.0   759.6  103.6
 670.8  173.9   770.1   98.5
 709.8  180.9   801.7  105.1
 729.7  176.0   818.3  100.9
 716.0  190.9   806.4  113.8
1015.2  200.9  1054.1  123.7
1000.7  194.6  1042.3  116.7
1191.3  211.4  1200.8  131.6
1282.2  207.8  1276.4  128.1
1295.9  191.8  1287.7  114.3
1306.2  199.9  1296.3  121.3
1348.4  197.4  1331.5  119.1
1361.9  203.9  1342.5  124.3
1545.6  168.9  1483.3   82.3
1510.0  177.0  1462.1   97.5
1566.8  171.7  1500.0   84.1
1558.4  186.9  1493.8   97.1
 570.5  132.2   690.4   61.9
1057.7  160.2  1089.9   94.2
1168.3  132.6  1184.6   76.4
1369.6  157.4  1347.8   83.5
1369.7  145.7  1347.8   73.6
1536.3  148.0  1475.2   64.8
 556.2  114.8   677.3   49.0
 627.7   94.7   737.5   31.2
 765.2  118.4   845.2   57.9
 794.4  107.3   867.0   53.3
 990.0  123.3  1032.3   69.5
1118.4  105.1  1142.7   56.5
1200.9   99.8  1213.6   51.0
1528.4  108.0  1467.6   31.4
1557.0   78.3  1488.8    6.2
 853.9   58.1   915.3   16.7
1069.8   62.2  1101.2   20.9
1067.4   47.0  1099.3    9.0
1083.8   58.8  1113.3   17.7
1334.4   60.7  1321.0    6.4
1500.9   59.6  1451.9   -1.7
1507.5   49.8  1454.4  -12.2
1102.5 1051.7  1123.0  934.1
1670.7  886.8  1617.9  735.5
 342.4  848.4   471.0  689.5
 840.9  980.8   885.7  868.7
1080.5  954.5  1103.9  849.7
 683.2  935.5   749.5  805.9
 880.7  790.4   921.6  708.4
1080.7  822.7  1105.3  736.6
1214.8  868.5  1224.0  745.2
 948.5  758.8   984.2  680.5
 949.9  696.1   986.6  617.3
1278.4  728.0  1281.0  616.6
 697.7  683.0   767.5  574.1
1089.4  625.3  1114.7  546.2
 755.7  582.5   814.6  500.7
1200.8  575.2  1215.7  496.5
1611.4  754.4  1527.1  541.8
 220.6  495.0   475.8  284.0
1444.1  565.9  1424.8  462.3
 124.4  430.4   409.6  234.5
 727.9  492.8   794.5  410.4
1461.7  379.0  1418.5  258.7
 685.6  444.6   764.3  353.7
 973.4  432.0  1012.3  361.0
 973.2  434.9  1012.1  363.5
1643.8  371.2  1537.9  216.6
1831.6  396.0  1645.0  200.5
1166.1  404.6  1184.6  335.0
1722.7  331.0  1590.1  177.2
1392.1  393.1  1366.6  281.4
1492.2  446.9  1437.7  304.5
 152.7  485.0   425.8  277.4
1668.7  476.4  1552.2  291.4
 416.3  377.7   590.1  231.2
 698.8  307.1   791.2  209.4
1241.8  290.6  1244.0  202.9
1364.9  226.0  1346.2  144.9
1843.0  366.8  1652.4  178.7
 655.0  178.8   752.9  107.9
1219.0  154.4  1225.3   87.4
1203.0 1046.4  1214.7  929.6
1332.7 1045.3  1320.2  863.8
1545.2 1025.9  1510.0  863.4
1225.8  967.2  1234.6  845.7
1210.0  991.8  1220.7  872.3
1216.8  997.6  1226.7  877.9
1316.2  838.8  1314.1  716.6
1109.0  949.5  1130.0  846.8
1019.4  770.1  1049.3  692.3
1380.4  654.4  1367.5  537.0
1257.9  734.1  1263.2  624.1
 796.3  634.3   849.3  551.8
1066.6  624.1  1094.0  544.9
1340.3  692.6  1331.1  566.0
 330.2  250.7   545.2  116.5
 393.4   94.3   561.4   21.1
1280.4  605.1  1281.3  497.5
 572.9  478.1   678.7  361.9
 737.6  797.1   799.2  683.1
 855.6  797.6   898.8  713.3
1046.7  794.5  1074.3  714.3
1104.5  801.2  1127.4  718.0
1054.1  730.4  1081.6  652.3
 870.6  647.7   915.9  566.2
1094.4  554.4  1119.7  477.0
1525.2  853.2  1466.3  642.6
 756.7  547.0   816.2  467.8
 879.6  477.7   927.7  403.7
1408.4  394.3  1379.6  281.2
1134.2  283.7  1153.3  196.7
1298.6  273.7  1288.7  180.5
 893.6  236.9   952.7  153.4
 899.2  237.0   957.3  153.4
 904.5  236.8   961.7  153.2
 978.0  225.8  1023.1  143.8
 486.6   63.2   637.7   -5.1
 861.6   44.7   922.3    4.6
1485.1   48.3  1440.0  -10.1
 867.1   30.9   927.4   -7.8
 867.9   48.7   927.6    8.3
1324.5 1075.5  1313.1  891.2
1573.3  263.7  1506.5  160.1
1714.3  419.8  1580.1  240.3
 970.2  272.5  1015.8  185.2
1005.8  218.4  1046.3  136.9
1693.4  429.4  1566.6  250.1
1810.1  411.4  1635.3  217.3
 439.2  510.6   596.6  347.5
 217.2  315.6   488.8  142.9
 666.8  141.3   767.7   71.0
 980.1  411.5  1018.3  344.5
1174.4  128.7  1190.1   74.0
1341.3   43.6  1326.6   -8.2
1725.8  246.6  1594.2  114.9
 680.6  717.4   753.1  601.5
 741.8  619.4   803.2  529.7
 848.5  697.5   894.0  618.3
1197.0  554.3  1212.4  477.9
 837.3  521.2   888.7  445.2
1035.4  518.2  1066.8  442.5
1460.8  331.9  1419.4  222.6
1322.1  217.7  1309.8  136.8
1001.3  191.5  1042.9  113.4
 671.6  146.2   771.7   74.9
 865.5  678.2   910.1  598.4
 962.1  690.4   997.9  611.5
1224.9  941.8  1234.5  827.0
 901.0  622.0   944.0  541.3
 878.8  619.9   924.0  539.1
 855.0  628.6   902.4  546.8
 993.6  629.9  1027.8  548.9
 970.7  628.6  1007.0  547.5
1107.7  635.3  1131.2  554.8
1079.3  625.1  1105.6  546.1
 942.7 1068.7   977.5  947.8
1276.5  218.1  1271.9  137.4
 577.5  166.1   694.8   90.6
1283.3  198.5  1277.3  120.1
1390.4  157.0  1365.1   83.3
1414.7  140.3  1385.0   69.1
1220.2  302.9  1225.9  214.4
1097.2  105.2  1124.5   57.6
1144.8   76.7  1165.8   32.7
 816.8  395.7   873.7  326.0
1423.7  127.9  1392.2   58.4
 836.4  963.0   881.7  853.4
 859.9  862.7   903.0  768.2
 281.0  709.8   485.6  483.6
 664.3  731.7   740.2  609.8
  49.8  582.8   336.7  360.6
 925.9  408.8   969.9  341.2
1710.2  293.4  1579.6  147.7
 340.5  725.2   464.6  593.1
 328.3  639.0   437.7  541.6
 758.9  574.3   817.6  493.1
 794.0  159.2   871.0   88.0
1537.8  130.6  1474.1   48.6
1075.3  830.1  1100.3  743.9
 753.0  785.4   813.1  672.2
 870.3  685.6   914.4  605.5
 720.4  234.9   808.5  151.9
 957.0   53.2  1004.1   12.4
1426.9  403.4  1393.6  286.2
 924.6  511.3   967.3  435.9
1308.1 1073.0  1299.1  890.0
 706.5 1021.9   765.0  899.4
 421.2  952.0   533.4  786.0
 772.3  714.9   828.6  617.9
 830.4  671.6   878.2  592.3
1261.0  442.2  1268.0  364.3
 867.3  782.5   909.4  701.3
 874.5  771.7   915.8  693.3
1001.6  625.4  1035.1  545.6
1047.7  214.0  1081.1  133.5
1356.7  210.5  1338.6  130.5
 812.3   57.3   880.1   15.0
1452.7  264.6  1411.5  165.0
1756.7  368.7  1606.9  196.7
 682.1  995.5   746.7  863.5
 446.8  868.4   579.4  669.3
 727.0  960.0   785.3  839.2
 609.7  781.1   690.0  657.8
 522.6  981.6   622.3  807.4
1223.2  987.8  1232.2  865.7
 109.6  738.4   443.4  404.3
1174.1  818.5  1188.6  706.3
 751.8  798.0   811.9  683.9
1071.0  209.4  1100.5  129.9
 679.8 1076.8   744.8  932.7
 232.8  334.5   492.5  162.2
1325.3  367.2  1311.1  260.2
1818.0  400.8  1635.0  203.8
 972.7  736.3  1007.1  654.2
1231.0 1003.3  1238.8  876.6
 719.0  676.9   785.9  570.1
1236.0  660.4  1244.4  559.6
1661.5  582.9  1552.3  381.5
 430.6  241.9   586.3  141.0
1441.6  257.0  1406.7  165.4
 707.6  907.7   769.8  786.9
 922.9  623.1   963.9  542.4
 386.2  722.4   553.5  513.7
1655.8  649.2  1541.1  421.8
 963.8  270.2  1010.2  184.6
 951.7  745.4   987.4  667.0
 747.4  607.1   808.2  518.8
1216.5  608.3  1228.9  522.3
 669.5  246.3   766.7  160.7
 542.2  190.5   670.3  105.7
1590.4 1083.3  1545.1  902.3
 499.1   92.8   645.5   19.6
 222.4  323.5   491.5  149.2
 833.1  459.8   886.6  386.5
1330.0  353.0  1314.7  247.3
1026.4  708.0  1056.5  629.6
 617.5  794.2   699.1  663.3
 402.5  712.2   566.1  506.3
1493.2  441.2  1438.1  299.0
1562.2  845.2  1494.5  631.1
 601.2  106.4   716.2   40.3
 297.5  198.3   526.8   73.7
1267.4  119.5  1268.0   61.9
 878.1  916.2   919.5  814.7
