 701.6 1060.9   739.4  921.3
 876.6 1050.6   896.8  919.2
 850.0 1054.1   873.0  920.4
 947.1 1058.4   961.1  927.5
 963.1 1051.4   975.6  921.9
 939.0 1072.5   953.7  939.7
 941.7 1064.3   956.1  932.9
 959.3 1038.7   972.0  911.0
1047.8 1064.2  1053.0  931.0
1047.0 1057.6  1052.2  925.8
1047.9 1082.3  1053.1  946.3
1076.2 1077.3  1078.8  941.5
1075.9 1071.9  1078.5  936.3
1087.6 1059.5  1089.2  925.6
1134.2 1061.4  1131.5  924.2
1105.8 1060.9  1105.8  925.3
1231.7 1085.2  1219.4  939.4
 281.9 1082.5   397.0  873.3
 262.7 1096.8   383.0  881.3
 575.7 1079.0   647.1  874.8
 721.7 1028.6   758.3  888.9
 693.0 1015.1   734.2  869.6
 686.0 1024.9   725.4  887.7
 743.1 1025.1   777.1  887.7
 738.2 1016.3   772.6  879.9
 764.7 1024.7   796.3  888.8
 773.8 1041.0   804.1  906.2
 799.6 1007.1   826.9  878.0
 815.3 1037.7   841.4  904.8
 850.9 1024.4   873.2  896.6
 839.4 1020.2   862.9  891.5
 820.6 1027.7   846.1  896.8
 846.4 1038.9   869.4  908.0
 846.1 1014.3   868.8  887.5
 834.0  999.1   857.7  873.7
1010.1 1006.7  1018.3  883.5
1014.2  992.8  1022.1  870.1
1065.5 1001.7  1069.1  877.8
1042.5 1026.1  1048.0  900.2
1010.2 1011.3  1018.4  888.2
1015.9 1011.2  1023.7  887.9
1087.6 1037.9  1089.2  907.5
1090.7 1027.5  1092.1  898.5
1091.6 1003.9  1092.9  879.0
1104.2 1035.2  1104.3  904.2
1214.9 1014.9  1204.0  874.1
1221.7 1036.5  1210.3  894.7
1162.4 1041.7  1157.0  905.0
1628.3 1067.0  1557.9  871.9
 335.5 1057.2   437.2  862.3
 555.9 1038.6   634.0  829.2
 688.5  996.6   730.4  852.6
 751.8  971.3   784.3  841.4
 845.1  968.8   867.7  846.6
 835.7  958.5   859.3  836.1
 899.2  982.6   917.0  860.5
 842.5  940.5   865.1  822.0
 924.4  987.1   939.9  865.5
 935.5  943.6   949.7  828.7
 928.9  973.9   944.0  853.2
 939.2  976.6   953.5  855.6
1029.3  974.9  1035.9  854.9
 993.2  946.4  1002.6  831.9
1027.2  961.6  1033.9  843.4
1144.8  982.7  1141.3  856.1
1134.2  980.3  1131.7  855.5
1147.5  988.8  1143.8  861.6
1237.7 1006.1  1223.8  859.7
1340.8  990.8  1312.3  825.7
1572.0 1095.4  1487.1  835.2
1719.8 1037.6  1632.1  834.8
 175.7 1053.5   319.2  827.8
 269.4  983.0   384.1  791.1
 309.3  966.0   412.9  785.7
 303.4  980.6   410.0  794.8
 297.6  999.3   404.7  811.4
 896.0  891.3   913.1  783.2
 851.5  908.3   872.8  795.1
 853.9  925.5   875.1  810.5
 836.4  899.6   859.0  786.7
 841.0  914.9   863.4  799.9
 931.5  907.1   945.7  797.8
1028.2  900.8  1034.6  792.1
1056.9  918.9  1061.1  805.7
1030.1  907.2  1036.5  797.6
 989.9  933.6   999.6  820.2
1054.6  932.2  1059.0  817.7
1104.2  902.1  1104.5  789.6
1077.7  934.9  1080.2  819.3
1120.9  912.5  1119.7  797.1
1091.7  915.8  1093.0  801.5
1100.5  920.5  1101.1  805.4
1241.1  944.6  1225.3  793.7
1247.4  944.7  1231.0  793.9
1267.4  968.4  1248.2  811.7
1376.6  944.4  1345.2  790.1
 389.5  977.8   509.3  743.6
 409.0  986.0   523.7  753.9
 487.6  990.3   586.5  763.0
 616.2  943.8   682.2  756.8
 689.5  911.5   733.9  766.2
 886.3  853.3   903.7  750.6
 898.5  873.9   915.1  768.6
 876.0  855.3   894.4  751.0
 933.9  873.3   947.7  768.7
1045.0  860.1  1050.1  755.9
1040.0  873.4  1045.4  768.8
1034.3  874.4  1040.2  770.5
1101.4  872.0  1101.9  764.0
1111.3  881.5  1111.0  771.6
1088.9  879.4  1090.4  771.3
1095.8  872.1  1096.8  764.7
1121.7  844.5  1120.6  739.0
1203.3  882.9  1192.4  745.7
1232.1  885.2  1218.1  746.5
1326.2  894.1  1299.1  739.1
1636.7 1031.7  1535.4  770.0
 378.4  969.1   503.5  729.9
 610.7  865.2   665.4  720.7
 662.9  846.8   712.7  701.2
 716.6  851.7   756.4  718.4
 718.2  834.0   757.4  703.5
 719.7  834.4   758.9  703.9
 883.6  833.4   901.0  733.1
 890.6  800.8   907.7  701.2
 904.8  818.0   920.5  719.5
 872.2  824.0   890.5  724.5
 870.8  805.0   889.1  707.0
 950.9  821.4   963.0  723.1
 921.4  820.9   935.8  722.6
 940.8  828.6   953.7  730.3
 979.1  795.2   989.2  696.6
1025.5  814.5  1032.0  715.4
1036.4  816.1  1042.0  717.1
1041.3  794.1  1046.6  694.3
1082.4  800.3  1084.5  700.6
1098.7  813.8  1099.5  714.0
1110.4  807.2  1110.3  705.5
1084.0  794.1  1085.9  694.5
1237.3  835.5  1222.7  701.9
1215.9  831.6  1204.1  702.2
1293.1  887.2  1269.9  733.5
1294.6  841.2  1271.7  694.7
1551.6  980.7  1463.5  722.0
1600.9  995.9  1500.3  726.3
 413.8  897.0   538.5  659.1
 423.5  923.6   543.2  687.0
 679.5  814.5   726.0  676.5
 669.1  799.4   716.9  662.4
 799.2  754.2   824.0  656.0
 801.5  759.9   826.1  661.6
 880.3  750.0   898.7  651.6
 857.8  748.5   878.0  650.0
 863.6  755.2   883.3  656.3
 964.6  747.2   976.2  647.7
 964.5  752.9   976.2  652.5
 955.7  754.2   968.0  654.8
 995.7  765.1  1004.7  664.8
 989.7  781.2   999.1  682.0
1146.8  758.5  1143.4  657.5
1119.8  769.3  1118.8  668.9
1128.5  752.5  1126.7  652.4
1073.2  764.6  1075.9  664.4
1075.4  777.9  1078.0  677.7
1308.3  807.6  1284.0  666.3
1333.2  827.8  1304.5  677.4
1293.3  822.7  1271.0  680.6
1249.1  785.4  1232.6  653.2
1279.7  808.3  1259.5  671.0
1282.0  813.4  1261.6  676.2
1258.7  796.2  1240.9  661.0
1360.4  832.5  1327.6  678.1
 321.0  861.1   472.5  614.4
 659.8  766.9   709.3  631.5
 691.2  749.0   735.6  620.0
 661.8  755.7   710.7  622.7
 681.6  763.0   727.4  631.8
 663.4  775.9   712.3  640.1
 681.4  751.8   726.8  622.6
 686.5  756.4   731.6  626.1
 795.5  724.7   821.3  626.0
 788.7  709.8   815.4  611.2
 877.4  735.6   896.3  636.7
 958.9  738.7   971.0  639.3
 972.9  732.3   984.0  632.3
 964.8  730.7   976.5  630.9
 981.1  731.1   991.4  631.3
 952.2  743.1   964.9  643.5
 996.5  743.2  1005.5  643.5
1030.6  725.7  1036.9  625.1
1097.1  739.1  1097.8  638.2
1142.7  747.2  1139.8  647.3
1113.4  740.8  1112.7  639.8
1082.9  707.4  1084.7  605.1
1104.7  738.9  1104.7  637.9
1173.1  735.6  1167.4  634.6
1169.6  709.9  1163.6  605.2
1256.9  770.9  1239.4  639.2
1258.8  772.4  1240.9  639.3
1267.4  780.9  1248.4  646.0
1376.9  768.0  1339.6  612.4
1600.1  887.0  1502.6  644.9
 333.1  847.9   485.6  598.2
 558.0  725.9   616.5  600.7
 714.7  708.7   755.5  586.8
 812.9  667.1   838.7  566.9
 884.3  667.8   903.6  567.8
 870.0  668.6   890.7  568.1
 867.0  663.5   887.9  564.0
 988.3  681.5   998.4  579.4
 907.9  669.0   925.2  568.7
 964.4  680.0   976.7  578.2
1050.8  677.1  1055.4  574.8
1012.3  682.8  1020.3  580.7
1098.9  678.3  1099.2  576.6
1151.8  679.8  1147.3  577.7
1099.7  686.9  1099.9  583.6
1234.4  696.2  1221.0  582.3
1234.2  689.9  1220.8  576.8
1190.1  685.9  1182.2  582.6
1235.8  703.0  1222.2  588.5
1236.9  674.5  1223.3  563.2
1200.7  669.3  1191.9  568.2
1237.7  679.0  1224.0  567.3
1512.9  722.8  1463.9  586.6
1489.1  731.4  1444.0  597.4
1689.8  877.9  1548.5  585.4
1534.9  704.7  1482.2  568.3
1520.9  708.2  1470.1  571.9
  -6.4  902.8   317.7  524.5
 298.1  792.4   473.0  531.4
 307.0  789.9   479.6  529.9
 461.9  660.1   534.6  535.7
 492.9  670.2   561.2  546.0
 667.8  657.2   718.1  529.2
 772.8  622.2   803.0  522.8
 835.9  616.0   860.1  517.9
 887.8  617.9   907.4  518.9
 849.8  631.1   872.4  533.4
 877.9  633.6   898.0  535.2
 902.0  635.3   919.9  536.9
 986.3  620.8   996.8  522.0
 916.4  646.0   933.0  547.3
1070.5  639.3  1073.3  540.2
1077.3  621.2  1079.4  521.9
1097.6  623.7  1097.8  523.0
1211.0  624.3  1200.5  521.7
1227.1  639.6  1215.1  535.8
1226.4  646.3  1214.6  542.1
1224.6  624.4  1212.9  522.6
1187.3  621.9  1179.5  523.1
1490.8  650.7  1442.1  517.8
  69.5  804.4   354.6  473.6
  90.2  804.7   367.3  476.2
 482.3  625.7   554.2  502.6
 459.0  603.1   535.0  480.4
 536.1  616.1   612.9  473.7
 630.9  614.6   688.9  484.4
 768.4  604.0   799.1  506.1
 766.9  581.6   798.0  484.8
 755.4  610.2   787.9  509.8
 755.4  611.3   788.5  509.2
 812.4  594.6   838.9  497.9
 845.3  597.7   869.2  498.8
 842.4  586.7   866.6  488.7
 892.5  615.1   911.6  516.4
 961.1  596.3   974.0  498.0
 984.6  614.7   995.2  516.0
 955.1  595.7   968.6  497.7
 962.9  583.3   975.7  485.5
 970.6  595.9   982.7  497.3
 947.7  599.5   961.8  501.6
 990.0  613.2  1000.2  513.8
1041.5  593.5  1047.0  495.3
1057.2  613.0  1061.2  513.5
1091.5  594.7  1092.3  496.1
1092.1  600.3  1092.8  501.0
1089.4  579.8  1090.4  481.0
1118.5  582.2  1116.6  482.3
1093.5  581.9  1094.0  480.0
1221.3  582.6  1209.8  483.7
1221.7  591.5  1210.1  491.5
1673.9  751.1  1541.4  496.6
1761.6  813.6  1589.6  512.5
 278.2  682.3   469.4  430.0
 333.6  704.9   496.6  468.5
 334.8  698.8   497.7  463.6
 541.8  606.7   619.7  462.0
 648.1  560.9   704.4  436.1
 721.4  567.2   758.6  467.0
 769.1  570.0   800.3  473.3
 759.6  569.2   791.8  472.2
 811.1  527.0   838.9  431.9
 800.1  530.9   828.9  436.0
 893.1  557.6   912.6  461.6
 981.1  558.5   992.3  461.0
 947.2  551.9   961.8  454.8
1052.4  569.1  1056.8  470.8
1048.8  562.2  1053.5  464.5
1056.4  563.5  1060.4  465.5
1061.0  562.8  1064.6  464.8
1099.2  540.1  1099.0  442.5
1100.0  548.8  1099.8  450.9
1098.8  528.0  1098.6  431.4
1157.2  532.1  1151.2  433.9
1163.8  537.2  1157.4  439.7
1160.9  545.9  1154.8  448.2
1161.7  556.7  1155.3  455.4
1172.2  541.6  1165.0  443.9
1168.0  552.5  1161.2  454.4
1298.6  554.1  1273.8  434.9
1394.5  617.2  1351.7  471.7
1829.5  742.4  1632.4  447.6
1810.2  714.3  1621.3  431.3
1837.6  736.2  1637.5  441.7
 157.5  712.6   399.3  428.4
 391.7  615.3   530.3  414.5
 601.8  526.3   668.4  397.5
 526.9  530.5   611.6  388.7
 633.8  524.9   695.2  397.8
 675.4  548.2   726.9  427.8
 691.4  540.9   739.0  425.7
 689.7  530.8   737.5  416.8
 725.1  489.9   763.4  393.1
 773.5  493.7   805.6  399.9
 772.8  484.2   805.0  391.3
 790.0  515.7   819.7  422.4
 768.0  518.5   799.4  426.0
 897.3  522.7   916.8  427.3
 887.7  520.8   908.1  425.8
 896.5  496.6   916.4  402.2
 926.1  507.9   943.0  412.8
 943.1  507.2   958.3  411.9
 912.8  511.6   930.9  416.5
 906.8  500.5   925.7  405.4
1070.3  482.9  1072.9  387.6
 990.9  508.4  1001.5  411.7
1084.8  509.1  1086.0  412.3
1098.6  517.7  1098.5  421.1
1077.8  492.1  1079.7  396.6
1086.2  519.1  1087.3  422.2
1102.1  509.8  1101.5  412.4
1224.5  494.4  1211.9  399.5
1192.2  487.3  1182.3  389.7
1281.1  493.7  1260.7  390.6
1275.8  509.3  1255.8  403.5
1310.1  545.7  1283.8  427.0
1516.8  561.9  1455.5  420.8
1802.5  659.3  1618.0  393.5
1769.1  646.6  1598.1  390.9
1773.4  688.1  1601.3  422.3
 281.5  573.0   468.4  350.3
 304.3  579.0   487.3  353.3
 605.0  507.5   671.5  380.5
 699.3  481.3   744.5  376.1
 792.1  444.5   823.1  353.1
 774.8  446.1   808.3  352.7
 827.4  442.7   854.9  350.9
 827.8  454.2   855.0  362.2
 819.3  467.1   847.2  374.3
 931.9  469.7   948.4  376.8
 929.0  472.2   945.9  378.4
 934.2  448.3   950.2  359.1
1066.1  479.3  1069.1  384.1
1061.8  472.4  1065.3  379.4
1070.6  481.9  1073.2  387.1
 989.4  480.6  1000.2  386.3
 989.4  475.7  1000.1  381.5
 997.4  476.3  1007.4  382.2
1005.4  458.4  1014.4  368.8
 996.7  456.6  1006.4  368.2
1011.5  458.9  1019.9  369.3
1172.9  459.1  1164.9  364.4
1321.8  498.9  1293.7  384.4
1279.6  485.6  1259.2  382.6
1790.2  640.9  1610.4  381.8
1862.9  649.5  1652.4  372.9
  11.8  564.7   301.8  310.6
  70.1  576.3   343.8  319.3
  31.4  580.1   316.5  321.5
  30.2  590.7   315.9  329.0
 180.0  552.8   413.0  312.7
 274.7  523.7   466.2  309.2
 269.3  557.1   461.6  335.4
 256.6  558.6   453.4  334.9
 718.1  430.6   758.9  335.8
 767.8  415.6   802.3  324.4
 783.3  423.8   815.6  333.2
 784.4  401.3   817.1  311.4
 937.1  421.2   952.9  333.8
1062.8  428.8  1066.1  341.6
1198.9  422.3  1187.8  328.7
1348.0  445.0  1304.6  303.7
1543.7  507.2  1454.4  331.4
1564.1  488.3  1469.5  313.8
1882.1  547.4  1662.0  293.1
1892.7  563.7  1668.2  303.3
  20.3  526.0   311.3  279.5
 460.5  426.5   579.8  269.3
 567.0  401.7   653.2  267.4
 570.9  427.9   656.1  289.9
 555.0  401.4   644.0  266.1
 654.9  387.7   726.0  256.3
 628.4  396.1   704.1  263.1
 912.2  398.9   938.4  275.3
1257.3  377.5  1231.1  256.3
1347.6  412.8  1303.9  275.7
1318.7  420.3  1280.8  285.3
1393.1  434.7  1340.5  291.0
1590.7  447.5  1483.4  269.7
1588.6  442.2  1488.2  275.2
1869.4  494.6  1655.7  257.5
1904.1  501.8  1675.8  257.5
1909.5  487.5  1680.5  247.9
 187.7  446.9   417.3  235.0
 467.4  367.2   579.3  228.3
 429.8  386.7   557.5  234.3
 521.1  368.8   619.9  233.6
 673.3  379.0   740.2  251.0
 788.3  338.5   833.6  223.5
 786.6  328.4   831.9  215.2
 792.0  329.7   836.7  215.8
 794.9  338.1   839.4  222.6
 708.6  378.6   767.5  255.1
 717.2  339.5   774.4  222.6
 803.1  329.3   846.3  215.1
 868.1  331.3   901.2  217.0
 886.2  332.1   916.6  217.4
 905.5  333.0   932.9  218.1
1028.8  337.7  1037.4  220.0
1009.7  343.4  1021.2  226.5
1025.7  330.3  1034.8  213.2
1138.2  345.7  1129.8  227.2
1145.6  346.2  1136.2  228.0
1080.9  341.7  1081.5  224.7
1223.6  351.1  1202.1  232.1
1214.6  349.7  1194.5  230.8
1234.9  351.0  1211.6  231.5
1184.6  348.5  1169.1  229.9
1262.8  353.5  1235.4  234.1
1314.2  380.5  1277.5  253.2
1362.9  378.0  1314.2  240.7
1392.0  371.5  1337.5  233.8
1522.9  392.7  1443.2  247.6
1527.1  380.7  1446.7  237.8
1517.8  359.5  1436.5  216.4
1547.3  381.4  1461.3  235.4
1474.6  359.0  1405.7  223.6
1848.0  432.7  1646.6  218.5
1847.6  439.1  1647.9  224.8
  42.7  398.7   347.5  172.3
  33.0  406.8   340.4  178.3
  50.8  433.2   348.6  200.3
  82.9  420.4   370.3  191.9
 198.7  378.7   423.6  185.7
 485.3  315.4   593.7  185.8
 500.9  337.1   603.5  207.1
 514.9  306.2   613.6  183.2
 508.2  334.6   609.6  205.0
 523.2  300.6   620.0  179.0
 515.7  299.6   614.6  177.3
 702.5  295.6   765.4  179.3
 648.0  318.4   723.1  193.6
 744.2  305.1   798.1  191.5
 743.9  311.5   798.0  196.6
 710.0  277.1   770.2  166.1
 841.7  295.3   880.5  181.6
 977.2  328.4   994.2  210.0
 971.8  326.6   989.4  210.1
 987.9  328.5  1003.2  210.0
1011.2  283.3  1022.9  170.0
1010.8  291.1  1022.4  177.6
1229.5  287.9  1205.8  173.6
1238.7  309.5  1213.6  192.2
1303.7  286.6  1268.5  173.7
1419.6  325.1  1361.9  198.3
1429.3  333.9  1369.7  205.2
1435.6  335.7  1374.9  206.8
1531.1  321.9  1450.2  189.6
1504.9  325.0  1431.7  196.7
1523.6  329.7  1445.7  198.5
1536.7  310.9  1454.5  180.3
1550.6  326.9  1464.7  191.6
1703.7  318.4  1583.2  177.7
 198.3  314.3   423.4  137.4
 198.3  291.9   426.4  118.4
 251.7  332.5   459.4  153.9
 248.1  329.8   454.1  154.0
 238.2  315.3   450.0  140.5
 384.3  235.8   513.7  118.3
 502.2  235.2   605.7  121.5
 414.3  287.9   543.1  156.2
 708.2  277.4   767.8  168.1
 692.5  247.8   755.8  141.0
 635.8  241.0   708.6  135.2
 683.9  245.2   748.6  138.9
 796.9  265.7   842.9  156.6
 736.3  251.9   792.2  144.9
 757.2  246.4   810.3  139.2
 742.8  246.2   797.9  139.7
 706.6  232.7   768.0  127.8
 733.3  262.2   789.5  154.1
 798.6  270.7   844.3  161.1
 809.6  251.1   854.0  143.4
1016.3  276.6  1027.2  163.8
 984.9  272.9  1000.9  160.8
1233.4  271.6  1208.8  158.8
1211.5  272.8  1190.3  159.4
1205.4  273.7  1185.4  160.7
1320.9  272.1  1282.1  159.4
1326.7  265.2  1286.9  153.3
1335.0  266.0  1293.5  153.2
1338.7  235.9  1295.8  126.4
1343.6  248.7  1300.3  137.9
1424.8  253.3  1367.7  140.9
1386.9  269.3  1336.9  156.0
1474.4  240.3  1408.7  129.6
1544.0  285.2  1459.3  157.6
1534.0  280.9  1452.8  156.2
1550.4  249.8  1462.8  126.4
1618.5  248.2  1513.3  119.9
1659.4  264.5  1546.4  133.1
1626.1  276.6  1520.2  143.6
1731.1  268.5  1606.8  138.5
1727.2  282.6  1611.7  157.4
 439.4  191.0   561.3   79.1
 542.4  198.0   633.2   96.2
 539.7  188.9   629.9   89.7
 576.7  199.4   659.9   99.4
 567.6  196.6   652.5   96.8
 647.4  219.5   718.7  116.4
 637.3  189.5   712.2   88.9
 637.5  203.0   710.4  102.5
 627.0  219.7   702.0  116.3
 709.5  199.5   772.8   96.1
 783.3  211.8   832.0  110.3
 875.0  201.4   907.2  105.7
 839.6  161.4   873.9   79.0
 900.0  202.6   928.6  105.7
1053.7  170.3  1058.1   88.3
1423.3  220.3  1365.2  111.5
1416.9  214.1  1359.9  106.4
1426.2  206.4  1367.4   99.7
1410.2  206.5  1354.2   99.8
1417.8  225.3  1361.0  116.3
1432.3  220.3  1372.4  111.1
1473.0  220.0  1406.9  111.7
1566.0  180.9  1474.5   69.0
1620.9  218.8  1513.3   94.1
1614.5  213.8  1508.7   90.7
1609.5  194.3  1502.0   72.4
1617.5  237.3  1513.2  111.7
1595.9  204.4  1495.1   84.5
1595.9  236.1  1494.2  109.1
1729.9  214.8  1600.2   90.3
1723.2  217.8  1595.7   93.4
1810.2  179.3  1682.8   74.0
1820.4  173.5  1692.3   69.9
  54.3  239.0   351.5   61.4
  93.1  197.1   370.8   36.0
 340.2  164.5   482.1   57.1
 455.1  144.6   578.5   37.8
 457.2  150.6   578.4   44.1
 440.9  135.0   565.8   31.1
 599.7  144.9   682.3   50.2
 595.4  154.9   678.4   58.9
 602.3  151.2   683.8   56.1
 593.4  138.6   677.1   45.0
 526.4  165.5   620.7   68.3
 614.6  136.1   694.7   42.8
 614.8  170.9   693.7   73.1
 801.6  159.4   841.1   77.6
 808.0  154.2   846.2   73.8
 815.1  148.2   851.7   69.6
 862.0  152.9   892.3   73.7
1052.1  148.2  1056.6   71.3
1133.0  155.9  1126.8   76.3
1152.1  108.4  1143.6   36.5
1234.0  138.3  1214.3   60.7
1199.4  151.3  1184.0   71.0
1323.0  167.1  1284.7   72.8
1428.3  161.6  1369.4   62.7
1424.0  136.9  1363.3   38.7
1429.7  137.2  1368.1   39.2
1415.6  135.7  1356.3   37.7
1483.3  173.9  1413.4   70.7
1558.8  131.3  1470.0   29.9
1484.8  159.6  1413.9   58.1
1493.9  154.8  1421.4   54.0
1539.1  150.6  1458.1   49.9
1624.7  151.7  1514.0   38.1
1623.3  181.5  1513.7   62.7
1626.3  167.3  1515.7   51.0
1631.0  140.3  1519.2   29.1
1744.1  182.0  1608.7   61.8
 339.0  105.5   487.0    5.5
 468.3  116.3   594.1   11.2
 444.7  125.3   569.7   22.6
 442.2  118.1   568.1   16.5
 442.1   85.5   568.9  -10.4
 529.2   87.1   626.3    0.3
 531.4   92.2   628.0    4.6
 566.6  105.1   655.8   16.3
 565.1   99.6   655.7   10.8
 637.3  118.3   714.4   27.0
 617.9  104.6   698.7   15.3
 625.7  104.4   704.7   15.5
 635.4  104.3   713.2   14.9
 638.5   95.6   715.7    7.7
1318.0   96.8  1286.3   23.0
1421.3  109.1  1360.2   14.8
1461.5   76.4  1391.9  -13.6
1536.9  119.1  1455.8   23.4
1548.4  107.3  1464.1   12.6
1548.2  113.8  1464.1   18.0
1542.7   80.3  1457.9  -10.9
1526.9   96.2  1445.3    2.5
1641.4  107.0  1526.3    1.5
1681.6  133.8  1557.7   22.4
1758.2  129.6  1618.0   18.5
1088.5  737.6  1089.9  636.6
1005.1  506.6  1014.2  410.2
1192.8  475.2  1182.8  379.5
 699.7  248.1   761.8  141.4
1393.0  255.8  1341.6  143.9
1408.0  263.2  1353.9  149.7
 683.9 1041.2   725.3  896.4
 292.2  983.3   400.1  797.6
1738.0 1014.5  1646.3  811.9
 785.8 1046.8   815.0  911.5
 742.9 1048.8   775.9  913.8
 843.7 1048.2   867.0  915.9
 973.2 1011.2   984.6  888.3
1075.1 1044.6  1077.9  913.9
1714.0  968.9  1631.4  784.2
 921.0  970.9   936.6  852.2
1017.1  977.0  1024.7  857.1
1133.3  986.3  1130.8  860.0
1300.2  855.3  1276.3  706.0
 598.8  486.2   667.1  360.5
 890.0  876.1   907.4  770.0
 921.3  834.7   935.7  735.1
1237.4 1017.9  1223.6  871.7
 957.0  809.0   968.8  710.5
 958.3  746.8   970.4  647.5
1001.8  751.5  1010.4  651.6
1916.9  946.3  1682.0  576.1
 983.6  736.2   993.8  636.1
1017.8  731.7  1025.1  632.0
1006.6  746.3  1014.8  646.1
1293.7  779.0  1271.1  640.9
 248.7  493.7   452.0  280.6
 430.2  408.1   559.7  249.3
1104.3  677.5  1104.1  575.8
 754.2  634.2   786.5  533.2
1221.9  628.2  1210.3  525.1
 832.8  610.5   857.4  512.7
 846.0  575.3   869.9  478.1
 928.1  572.0   944.3  474.9
 935.2  568.4   950.7  470.8
 779.7  518.0   810.7  423.4
 882.1  539.7   902.9  444.1
1523.9  464.5  1442.4  303.9
  85.0  509.5   355.4  269.7
 675.2  503.8   725.9  390.2
 868.7  348.7   901.4  233.2
1266.0  502.8  1247.3  399.0
1215.1  507.3  1203.1  409.7
1891.7  487.0  1669.2  249.1
  90.5  467.9   368.2  232.0
  78.9  471.5   362.8  232.2
 708.8  470.1   752.3  367.5
1186.3  453.2  1176.8  358.6
  46.8  410.7   349.3  181.7
 227.9  359.2   435.1  179.5
1726.4  328.0  1606.1  190.0
  51.8  624.1   330.3  354.5
 664.4  382.8   733.4  253.0
1410.3  285.7  1357.4  171.3
1412.6  322.1  1356.5  196.7
 492.2  221.2   600.4  107.2
 497.3  229.8   603.0  115.8
 635.5  231.8   704.1  132.9
 920.1  201.5   944.3  109.2
 199.2  306.9   424.4  131.6
 625.4  168.4   702.3   71.2
 642.6  168.5   716.7   71.1
1460.5  196.7  1395.4   90.8
 793.8  987.9   821.5  861.2
1357.2  826.7  1324.5  671.8
1248.8 1044.7  1234.0  895.6
1345.8  913.6  1317.0  758.8
1340.4  919.1  1312.5  765.3
 739.3 1007.4   774.2  869.5
1042.4  973.8  1047.8  853.8
1619.4  999.1  1515.0  728.2
 590.7 1077.5   658.0  879.6
 931.0  919.1   945.3  808.8
 883.7  880.6   901.7  773.6
1030.8  820.6  1036.9  721.6
1538.4  497.2  1451.2  325.3
 609.7  870.2   663.9  726.5
1284.4  805.5  1263.6  668.1
 115.8  795.9   378.5  478.4
  61.1  825.2   354.3  481.9
 796.2  712.5   822.2  613.6
 784.2  727.2   812.7  621.5
 869.2  724.0   888.8  625.2
 953.6  733.1   966.2  633.7
 797.3  686.3   824.5  584.5
1080.4  676.2  1082.4  574.6
 770.0  564.4   801.0  468.6
1003.5  512.3  1012.8  415.9
1181.8  463.4  1172.9  368.4
1215.1  428.4  1202.5  335.6
 713.3  373.4   770.6  252.3
 334.8  153.1   478.9   47.1
 509.2  345.8   610.4  214.2
 996.7  289.2  1010.7  175.3
 430.2 1086.3   518.9  888.0
 573.7 1063.2   644.5  863.7
 586.2 1086.9   654.3  887.3
 658.3 1069.5   703.2  918.6
 750.2 1084.0   782.9  944.6
 844.8 1062.4   868.3  927.2
 875.0 1068.8   895.6  934.8
 947.8 1064.8   961.7  933.2
 953.1 1058.7   966.5  927.7
 937.8 1063.6   952.6  931.7
1041.4 1065.7  1047.1  932.6
1040.8 1059.7  1046.6  926.9
1220.6 1089.0  1209.5  944.0
1242.0 1071.7  1228.4  924.2
1800.7 1076.4  1697.8  860.6
 424.2 1016.1   533.0  786.1
 840.2 1037.7   863.9  905.9
 968.2 1006.1   980.0  882.8
1112.1 1009.4  1111.6  883.5
1224.2 1032.1  1212.2  888.2
1723.5 1025.9  1632.3  818.6
1739.2 1020.0  1647.9  817.9
 749.6  977.4   782.5  846.0
 791.2  981.0   819.1  855.1
 845.3  963.0   867.9  841.5
 872.0  975.6   892.1  853.9
 931.4  976.4   946.2  856.4
 965.3  974.3   977.1  855.7
 999.4  975.6  1008.5  856.5
1100.6  995.0  1101.1  870.3
1112.9  981.9  1112.3  856.0
1228.7  977.0  1216.5  839.7
1540.3  979.3  1455.4  723.9
1606.8  998.8  1505.2  729.2
 326.9  945.1   427.0  769.5
 778.1  927.5   807.3  805.0
 797.7  920.4   825.1  798.8
 899.9  909.8   916.8  799.2
 856.5  936.2   877.6  819.7
 913.5  915.4   929.3  804.2
1051.1  916.5  1055.7  804.7
1091.7  951.6  1093.0  832.1
1393.5  933.2  1360.5  781.4
1828.1  952.7  1646.5  628.8
 223.5  889.6   339.2  718.2
 376.2  911.0   508.8  668.9
 407.3  900.3   533.9  660.4
 604.2  882.7   658.5  739.3
 723.0  870.5   760.5  741.2
 785.5  893.4   813.6  775.6
 898.1  876.9   915.0  770.0
 925.3  904.7   939.9  795.6
 928.4  888.6   942.7  782.0
 972.1  876.2   982.8  772.3
1020.1  904.6  1027.2  795.7
1037.8  905.9  1043.5  796.6
1064.1  879.0  1067.7  772.3
1120.8  904.7  1119.6  789.8
1530.3  898.9  1444.3  650.4
  -2.7  881.1   342.1  484.3
  31.7  857.5   337.3  500.6
  88.7  871.5   368.7  521.6
 597.1  830.8   657.4  679.5
 734.3  858.0   771.9  725.2
 786.3  855.2   813.5  744.4
1027.1  847.1  1033.5  746.4
1210.8  846.2  1199.4  714.9
1752.3  836.8  1583.3  531.0
 602.8  822.1   661.7  673.8
 876.5  807.1   894.2  710.1
 957.8  818.7   969.4  720.6
 923.8  797.1   938.2  699.1
1047.3  805.6  1052.3  696.9
1354.1  812.7  1321.4  657.7
  45.0  745.2   332.1  436.2
 267.6  755.3   431.4  527.0
 290.5  766.1   470.0  506.6
 782.0  740.0   808.7  640.9
 869.8  734.1   889.3  635.0
 990.9  763.7  1000.3  664.2
1046.5  745.5  1051.4  645.4
1033.2  744.8  1039.2  644.6
1233.6  768.2  1219.3  641.1
1252.2  749.0  1235.4  620.6
1291.8  772.2  1269.6  635.7
1425.6  779.0  1389.5  645.2
1894.4  746.3  1666.4  432.2
 549.6  711.4   609.1  587.5
 728.7  708.9   767.1  589.7
 794.1  720.0   820.0  621.8
1030.1  727.6  1036.4  627.3
1094.6  712.4  1095.3  608.1
1194.7  696.2  1186.4  591.9
1248.3  695.9  1233.2  580.6
1464.2  707.8  1420.6  572.8
 506.5  651.5   574.7  526.8
 789.3  664.6   817.3  564.3
 788.3  674.5   816.4  573.4
 917.6  677.6   934.1  576.4
 956.3  680.0   969.4  577.8
1024.8  679.3  1031.8  576.9
1074.6  677.7  1077.1  576.2
1127.3  678.8  1125.1  576.9
1226.0  653.0  1214.3  548.9
1256.4  654.3  1240.0  540.5
1310.5  676.2  1283.6  539.8
1459.8  654.0  1401.7  487.8
1535.3  668.6  1481.5  534.0
1639.9  673.0  1523.5  450.7
1839.0  657.3  1638.5  383.3
  73.7  616.3   346.3  348.8
 173.3  645.2   407.4  382.3
 465.3  642.7   538.3  519.1
 467.3  614.3   541.8  491.1
 536.0  628.8   615.1  480.4
 688.0  615.3   737.4  488.2
 753.6  617.7   786.0  517.7
 787.9  611.9   816.6  513.8
 989.5  607.5   999.7  509.0
1040.0  604.2  1045.6  504.8
1102.5  615.1  1102.3  515.4
1181.7  625.9  1174.3  526.2
1241.4  614.5  1227.5  510.1
1286.8  642.9  1262.6  509.9
1323.6  641.9  1294.4  506.8
1341.2  648.9  1310.5  515.6
1544.5  611.3  1486.9  478.3
1846.8  634.4  1643.1  364.9
1858.6  627.7  1650.9  358.9
 602.4  572.5   665.4  444.6
 952.0  580.5   965.8  483.2
1062.3  568.7  1065.7  471.1
1100.0  583.7  1099.9  484.8
1208.8  595.0  1198.6  495.7
1206.9  569.3  1196.6  471.0
1299.5  569.6  1274.9  450.0
1245.2  596.5  1231.1  494.2
1505.6  567.2  1436.4  406.1
1738.8  567.6  1582.6  341.1
 180.7  536.5   412.4  301.7
 272.4  531.6   464.7  314.9
 271.9  559.7   459.7  341.7
 547.8  553.0   627.6  410.9
 797.3  541.5   826.0  446.4
 883.8  545.0   904.3  449.4
 900.6  541.7   919.7  445.1
1151.1  547.4  1145.8  447.4
1189.4  542.5  1180.5  444.8
1307.7  552.4  1281.8  433.3
1242.3  527.1  1227.9  428.8
1236.5  541.4  1222.5  440.6
1390.6  523.1  1350.9  397.2
1555.7  539.0  1460.8  351.4
1795.5  556.8  1613.6  317.7
 587.5  485.8   657.6  359.8
 688.6  511.7   736.3  400.3
 697.9  486.4   742.9  381.4
 834.0  501.5   859.4  409.2
 833.6  488.3   859.7  395.0
 931.9  506.9   948.3  411.3
1036.9  511.5  1042.9  415.5
1077.0  497.6  1079.0  401.8
1080.8  514.9  1082.4  419.0
1076.2  513.2  1078.3  416.9
1277.3  501.7  1257.6  398.7
1445.2  494.5  1383.9  340.9
1577.5  504.9  1478.7  324.8
1599.9  514.5  1486.9  317.0
 640.2  442.8   713.5  303.1
 728.7  456.8   767.1  362.2
 791.9  437.5   822.9  346.7
 850.3  470.3   876.6  371.7
1224.4  453.0  1211.5  360.9
1304.3  438.4  1270.6  306.5
1350.6  434.7  1305.4  291.4
1358.7  439.0  1313.4  298.5
1374.2  457.5  1326.2  313.2
1443.8  463.9  1383.5  317.0
1535.4  432.8  1448.6  272.6
1878.5  463.0  1663.6  235.4
1886.0  466.8  1669.0  238.2
 190.3  400.7   420.5  199.6
 446.9  402.6   571.0  247.3
 568.9  414.4   652.8  281.1
 579.7  413.9   664.1  277.3
 616.7  396.2   694.7  262.5
 682.5  404.0   747.2  273.5
 710.7  400.4   775.1  261.4
 784.6  418.0   817.0  327.4
 930.6  429.2   947.1  340.4
1280.2  399.9  1250.5  274.8
1323.4  413.2  1285.2  280.5
1394.9  393.4  1340.0  252.0
1590.4  423.0  1490.4  260.7
 514.7  378.4   613.8  242.7
 522.3  382.2   620.6  245.2
 607.4  380.6   689.3  245.9
 596.8  381.4   680.8  246.1
 693.3  367.6   756.1  242.9
 979.8  344.8   995.9  227.4
 940.7  386.1   962.0  268.0
 917.6  384.5   943.3  261.5
1067.5  346.8  1070.1  229.3
1125.5  344.7  1119.2  227.0
1319.9  374.1  1279.8  240.9
1509.0  345.2  1434.3  212.4
1566.0  383.6  1475.5  235.7
1720.3  362.6  1583.5  199.7
1643.5  346.2  1535.0  200.8
1649.0  346.4  1540.3  201.9
 504.8  301.7   606.8  177.7
 561.4  307.1   650.5  185.7
 561.2  314.2   651.1  190.6
 681.4  333.7   749.2  209.0
 749.6  303.0   803.0  188.8
 758.7  328.3   811.5  208.4
 805.5  342.1   848.2  226.4
 828.6  330.3   867.8  216.1
 916.2  333.9   942.8  215.6
1082.5  334.2  1082.7  214.4
1080.7  302.1  1081.2  187.2
1297.7  329.1  1263.6  209.9
1333.6  333.8  1291.0  206.8
1359.6  319.5  1313.5  196.9
1528.9  337.8  1449.6  204.4
1642.9  328.1  1534.7  186.4
 -20.5  265.0   321.6   67.5
 132.5  281.4   389.8  102.8
 406.0  270.9   532.1  146.3
 406.0  276.9   531.8  151.5
 509.5  278.2   610.2  158.7
 602.8  295.0   683.7  177.0
 603.1  276.2   683.4  161.9
 649.8  282.8   721.5  168.5
 792.8  277.3   839.3  167.0
 802.7  294.2   847.6  181.3
1012.6  267.6  1024.1  155.8
1009.8  290.4  1021.8  175.1
1021.0  288.5  1031.1  174.5
1266.5  292.0  1236.6  176.4
1527.7  268.2  1448.6  146.9
1653.0  265.0  1541.9  134.1
 496.6  229.8   602.4  115.8
 568.1  209.6   648.6  112.5
 736.2  250.7   792.4  143.4
 713.0  227.0   773.6  122.5
 820.9  253.4   863.4  145.4
 798.1  248.6   844.5  141.0
 974.0  224.9   991.2  124.2
1102.5  232.3  1099.3  126.2
1086.5  212.8  1086.1  114.4
1386.8  236.5  1335.8  126.7
1396.3  227.5  1343.4  118.5
1733.4  225.5  1602.3   98.3
 532.1  186.9   625.3   86.3
 650.2  208.3   721.7  106.1
 639.0  174.1   713.5   76.0
 701.1  204.9   764.1  103.2
 888.3  188.6   917.2   98.4
 983.0  181.1   997.3   95.7
1003.8  209.1  1016.1  112.2
1314.0  171.0  1277.5   76.7
1485.3  182.8  1415.3   78.4
1523.5  192.4  1446.5   85.9
1605.2  198.3  1498.6   75.6
1757.0  163.7  1618.7   46.8
  65.5  150.6   357.2   -0.4
 525.5  143.5   620.5   49.5
 606.4  158.3   687.3   61.9
 591.2  149.6   674.8   54.6
 627.5  157.8   704.9   61.3
 627.5  146.2   705.0   51.5
 732.6  159.8   787.6   69.4
 841.6  147.8   874.3   69.9
1110.0  142.4  1107.0   66.7
1117.0  145.4  1113.0   68.1
1219.8  145.2  1201.4   65.1
1351.4  142.1  1308.9   52.1
1552.1  121.1  1467.1   23.9
1632.2  134.6  1519.3   23.9
1785.5  130.6  1638.3   18.4
1759.6  151.0  1619.1   35.5
1788.5  125.1  1638.7   12.8
 570.8  105.8   661.5   14.9
 547.6  103.8   640.3   15.2
 583.2  113.7   669.0   23.8
 611.2  118.4   692.5   27.4
 847.5  112.9   878.7   41.1
 971.6   84.6   986.8   15.1
 961.8  113.8   978.1   41.5
1080.9   97.6  1081.7   27.6
1556.7  110.0  1470.6   14.6
1575.3   88.2  1483.6   -5.3
1599.7  106.6  1499.2    6.3
1593.1  993.6  1494.2  725.0
 909.0  912.4   925.2  801.3
1228.0  887.1  1217.3  769.6
 733.5  865.7   771.3  731.8
1059.5  845.4  1063.4  746.6
1059.2  846.6  1063.1  744.8
1211.8  806.5  1200.6  681.9
 846.4  668.0   869.1  567.9
1069.2  384.0  1071.6  262.1
1156.3  345.7  1145.2  227.6
1626.5  337.8  1520.8  193.5
 786.9  151.6   829.7   68.7
 446.9  103.8   570.9    5.6
1536.7   79.8  1453.5  -11.0
 718.5  880.2   758.8  741.5
 848.3  610.3   871.5  512.1
 977.5  334.6   994.2  217.0
1824.7  567.4  1630.2  319.4
 381.7  620.0   522.5  418.0
 645.3  195.2   717.6   95.1
 328.5 1056.1   430.4  862.8
 671.6  787.6   719.4  651.2
 869.7  813.7   888.1  715.4
 727.0  733.5   765.8  611.4
 839.8  570.8   864.2  474.2
1086.3 1047.7  1088.1  915.7
1011.3  769.4  1019.0  669.8
 640.9  320.5   717.6  194.8
 859.0  670.8   880.7  570.1
 906.8  673.7   924.2  572.6
1003.8  682.6  1012.6  579.9
 979.8  681.1   990.7  578.6
 979.3  672.8   990.3  571.0
1093.7  677.1  1094.5  575.6
 738.9  306.2   793.3  192.9
1313.4  277.6  1275.8  164.0
1312.1  272.5  1274.7  159.4
 547.4  223.0   636.7  117.9
1440.7  213.3  1379.4  105.3
1468.0  195.3  1401.5   89.6
1249.9  365.6  1224.7  245.8
1165.9  113.9  1155.7   41.6
1478.2  182.0  1409.6   78.0
 864.3  920.8   884.5  806.7
 932.5  455.0   948.7  365.2
1180.3  213.6  1165.2  114.0
1618.1  954.2  1511.0  685.0
 757.6  625.9   789.6  525.3
 936.2  412.9   952.1  326.0
1616.1  194.8  1507.5   73.0
1350.3  857.0  1319.9  704.3
1089.2  885.7  1090.7  777.2
 749.6  853.7   785.9  720.4
 875.2  736.5   894.4  636.8
1396.5   77.9  1344.2   -5.6
 680.9 1049.6   722.5  903.9
1054.0  776.0  1058.3  676.1
  91.2  797.4   367.2  472.0
 249.7  721.1   452.5  453.7
  78.4  713.2   349.8  419.7
 872.5  833.5   890.8  733.1
1062.1  273.3  1065.6  161.1
1402.0  269.9  1349.4  156.2
1568.4   89.3  1477.7   -4.6
 360.6 1061.4   457.5  868.9
 403.8  990.1   518.5  759.1
1194.6  890.2  1184.6  752.0
 346.9  156.2   488.1   50.0
 748.4  866.7   784.7  732.5
 737.6  448.0   775.1  354.1
1087.6  268.0  1086.9  156.9
  99.8  468.4   373.7  233.4
 301.4  813.5   463.9  565.5
1367.5  442.2  1320.4  300.1
 836.0  668.5   859.8  568.0
1260.9  726.4  1242.9  599.0
1775.7  731.5  1608.3  463.0
 702.5  979.1   742.2  839.1
1295.6  871.5  1272.4  720.9
1342.4  439.0  1300.4  300.1
 960.3  795.8   971.9  697.1
 744.8  662.5   779.3  554.6
 441.4  499.5   546.3  352.9
 505.4  253.4   607.4  137.5
1390.4  218.4  1338.2  110.7
 338.2  125.6   484.4   23.0
 834.9  508.5   860.7  414.0
 925.4  476.2   942.5  382.7
 997.5  512.0  1007.4  415.4
1373.2  427.5  1324.5  286.4
1008.8  158.7  1019.2   78.8
1223.7 1074.3  1212.5  932.7
 603.5  872.1   661.4  720.7
1564.5  542.5  1468.0  354.4
 457.9  483.2   578.6  314.3
1640.6  992.5  1531.7  722.0
 425.7  394.5   555.1  239.5
 190.5  296.9   419.6  122.9
 728.3  184.9   786.4   87.2
 933.8  205.1   956.9  108.8
1300.8  165.0  1268.8   76.9
 116.5  294.2   381.2  110.2
