 890.2  836.3   871.4 1087.1
 880.6  801.1   861.2 1037.1
 892.5  820.3   874.9 1063.3
 870.8  802.2   848.7 1043.1
 855.1  819.5   829.2 1067.0
1033.1  806.8  1044.5 1048.3
1028.2  819.9  1038.5 1062.0
1022.8  821.3  1032.0 1061.1
1087.0  816.6  1109.8 1069.5
1096.5  825.1  1121.5 1083.5
1075.1  824.0  1095.2 1076.8
1081.7  817.1  1103.3 1068.2
1106.5  790.4  1133.6 1037.1
 878.0  782.4   858.5 1012.1
 909.7  759.5   897.0  982.9
 942.6  771.4   936.4  995.8
 969.8  744.9   968.7  971.8
1024.8  765.5  1034.8  993.0
1029.5  743.1  1040.6  974.0
1095.7  755.1  1120.7  991.9
 678.1  728.9   573.2 1085.0
 768.1  738.3   719.7  988.6
 875.1  699.9   853.4  927.9
 853.5  698.4   827.1  926.6
 956.0  696.4   951.3  928.5
 915.8  714.6   903.0  943.1
1060.0  713.3  1077.9  947.0
1230.3  715.1  1305.9 1063.6
1225.0  716.8  1297.8 1060.0
1233.9  726.0  1310.8 1079.4
 689.6  695.5   590.9 1034.6
 672.9  706.0   564.5 1060.6
 793.9  674.4   753.4  904.2
 787.5  659.6   744.7  890.0
 870.5  690.1   847.5  919.0
 964.0  681.2   960.7  915.7
 986.5  692.3   988.5  925.4
1098.4  689.0  1125.3  927.2
1090.0  687.2  1115.1  925.4
1155.3  683.8  1195.4  922.5
 617.9  636.1   468.0 1023.4
 619.0  638.6   476.9 1009.3
 811.2  615.9   769.9  854.5
 865.9  617.2   837.8  856.6
 978.8  629.2   978.0  873.8
 956.0  627.8   949.6  871.2
1021.0  622.0  1030.7  865.0
1084.3  626.2  1109.5  869.9
1134.6  627.4  1172.3  872.4
1062.2  633.1  1082.0  881.1
1085.0  633.9  1110.5  882.6
1171.0  632.9  1218.1  882.0
1213.5  644.0  1277.2  930.5
1214.6  617.1  1278.6  894.6
1181.2  617.4  1230.5  860.4
1215.3  621.4  1279.5  900.1
 745.7  614.4   677.0  890.5
 833.5  565.7   796.2  800.3
1063.6  570.3  1084.4  809.7
1082.8  572.0  1108.8  815.8
1092.8  586.8  1121.0  829.5
1112.7  584.0  1146.1  827.4
1190.5  571.6  1245.7  822.5
1205.7  586.3  1264.8  840.5
1205.2  592.8  1263.8  847.4
1168.3  571.2  1215.8  809.4
 564.4  546.6   365.1  954.5
 645.0  546.9   505.5  901.7
 769.1  553.8   714.7  788.6
 756.9  558.7   697.3  801.5
 757.2  558.9   696.0  807.4
 837.1  526.6   799.1  759.7
 839.9  536.3   802.4  772.9
 887.5  564.5   863.4  801.7
 952.9  545.9   945.3  782.8
 947.3  545.5   938.2  781.8
1029.5  543.2  1041.8  780.6
1044.5  562.0  1060.5  802.5
1077.6  549.4  1102.5  790.1
1084.3  539.6  1111.3  782.8
1078.8  529.5  1104.9  780.5
1189.9  555.4  1244.9  800.5
 661.3  495.8   526.0  836.9
 770.0  520.3   714.1  753.5
 783.7  512.9   731.8  742.8
 810.3  478.1   763.0  708.9
 972.0  508.4   968.9  745.6
1039.8  518.6  1055.0  758.0
1036.3  512.0  1050.7  750.3
1043.6  513.2  1059.9  752.1
1047.9  512.5  1065.4  751.5
1084.1  489.9  1112.0  729.1
1084.9  498.5  1112.8  738.1
1142.7  495.7  1186.8  735.0
1186.3  484.7  1243.9  728.4
1153.4  491.5  1200.7  731.2
1149.4  502.2  1195.2  742.4
1325.3  538.8  1460.6  914.5
1355.2  541.0  1520.3  965.5
 698.7  471.5   591.2  772.5
 883.2  471.9   855.5  703.2
 834.5  467.4   792.1  702.4
 919.9  459.0   901.7  691.7
 936.0  458.1   922.3  691.7
 907.2  462.6   885.6  695.1
1459.9  425.9  1740.4  914.2
 624.5  380.6   415.1  782.7
 506.5  341.3    92.0  905.5
 675.8  317.5   468.8  734.2
 678.2  345.1   479.2  765.5
1041.5  311.8  1060.5  657.5
1307.3  340.6  1494.7  779.8
1296.3  352.5  1472.5  788.1
1281.7  349.2  1445.8  773.9
1280.0  331.2  1431.8  713.8
 480.3  303.7    25.5  860.3
 799.4  269.4   687.4  609.5
 802.2  276.8   691.0  622.9
 851.4  270.4   767.8  610.9
 869.5  270.8   795.4  612.4
 886.2  271.4   821.0  614.5
 903.9  272.3   848.3  616.2
1223.3  289.5  1344.7  651.9
1213.8  289.6  1329.5  650.2
1160.1  286.2  1245.8  644.7
1345.4  298.7  1580.2  759.1
1341.2  290.9  1604.6  811.5
1461.8  315.9  1795.0  813.8
1465.6  305.1  1801.4  794.6
1455.7  283.6  1803.9  786.4
1419.8  287.6  1706.8  739.5
 525.5  245.1   169.1  683.4
 538.0  266.9   209.9  697.2
 625.5  222.7   378.6  594.4
 756.3  244.6   612.0  590.9
1001.2  223.3   997.2  574.2
1200.3  227.9  1317.3  582.7
1208.8  247.9  1329.9  612.1
1470.4  226.3  1810.7  657.5
 723.2  219.0   559.9  551.2
 657.5  184.2   447.1  509.7
 701.5  188.3   518.6  514.7
 657.9  178.6   446.1  503.1
 804.9  207.6   685.2  541.9
 749.4  194.7   596.5  522.3
 755.5  189.3   604.9  516.1
 722.5  176.5   550.0  499.6
 746.6  204.4   593.3  534.9
 977.2  213.5   958.5  561.4
1183.7  213.1  1293.0  567.9
1178.2  214.2  1283.4  566.6
1288.6  206.6  1462.6  555.2
1296.0  206.9  1476.6  560.2
1376.9  194.6  1614.9  550.3
1343.1  210.1  1553.2  565.2
1421.6  182.6  1690.9  533.8
1463.4  215.9  1779.1  614.1
 668.4  164.0   461.8  481.6
 662.6  168.5   453.9  486.8
 899.1  151.2   839.4  438.9
1351.0  170.7  1575.6  516.2
1420.0  163.6  1692.4  507.8
 622.4  102.8   369.6  403.8
 620.8   87.7   364.4  381.7
 639.7  118.0   402.4  423.9
 760.2  103.9   637.0  341.2
 806.4  116.0   716.6  339.5
 862.1  111.1   801.8  323.4
 813.2   77.6   744.9  248.7
 946.1   99.7   925.6  297.7
1047.0  104.8  1069.5  301.1
1119.8  113.0  1174.4  321.1
1132.0   71.4  1191.4  257.3
1142.0   99.0  1205.5  296.5
1379.1   86.2  1644.7  403.8
1428.0  120.2  1721.0  453.3
 493.8   68.4    44.7  433.2
 491.7   61.8    37.5  423.6
 563.4   39.3   253.8  314.6
 596.8   56.5   319.0  335.4
1370.9   60.1  1637.5  367.1
1478.7   33.3  1841.3  334.3
 872.3  825.4   849.5 1076.5
1069.1  829.2  1087.9 1082.6
 837.5  803.4   807.6 1049.8
1020.8  783.8  1030.0 1013.4
1151.6  747.2  1190.4 1000.6
 713.0  694.4   623.4 1027.9
 859.0  693.9   833.7  922.0
1224.2  704.5  1296.5 1041.5
1155.8  691.7  1196.4  936.3
1166.6  684.1  1213.4  955.8
 789.6  641.8   741.6  891.6
1075.7  562.7  1100.0  805.8
1197.7  549.4  1256.5  802.2
1359.8  544.7  1526.9  970.6
 611.5  475.5   432.6  854.8
 918.3  514.5   901.2  749.0
 778.0  465.2   721.3  694.3
 920.2  464.7   902.3  697.2
 994.8  457.0   997.6  694.8
 582.0  354.6   308.9  805.8
 823.2  305.3   726.4  656.6
 941.0  302.1   906.0  656.8
1226.0  308.5  1344.8  667.3
1253.9  328.6  1390.2  706.3
1310.8  300.1  1514.2  745.3
1474.4  259.9  1818.1  717.1
 804.0  240.9   690.9  575.9
 652.7  179.0   439.4  501.5
 670.8  173.9   464.7  498.6
 709.8  180.9   530.1  505.6
 729.7  176.0   561.4  499.2
 716.0  190.9   541.8  518.7
1295.9  191.8  1478.8  540.2
1348.4  197.4  1564.7  549.4
 990.0  123.3   986.8  344.1
1067.4   47.0  1098.4  211.0
 995.0   31.9   996.9  192.5
1115.7  154.3  1178.2  442.0
 880.7  790.4   861.5 1023.1
 948.5  758.8   943.3  984.5
 949.9  696.1   943.9  927.5
1089.4  625.3  1115.9  869.5
1200.8  575.2  1258.8  827.4
 878.3  826.2   857.3 1074.0
1019.4  770.1  1028.4  997.1
1150.2  791.3  1188.5 1057.1
 746.6  730.1   678.8 1032.3
 786.2  703.6   743.9  939.1
 794.7  662.1   753.5  893.1
 796.3  634.3   751.4  876.4
 801.3  639.6   758.0  881.5
1066.6  624.1  1087.5  867.5
 545.6  274.8   222.2  711.0
 988.0  228.9   976.1  581.5
1490.0   66.2  1850.9  383.5
 572.9  478.1   353.1  899.8
 632.3  106.0   386.6  408.4
 838.9  812.8   808.9 1062.9
 832.8  796.3   802.3 1039.5
 793.5  805.2   751.2 1066.4
 855.6  797.6   830.6 1035.9
1046.7  794.5  1061.0 1029.4
1054.1  730.4  1070.5  962.3
 471.8  699.2   302.7 1039.9
 507.0  674.5   357.6  991.7
1055.0  724.9  1071.6  956.9
 905.4  678.0   889.2  911.3
1059.3  628.5  1078.3  874.8
 581.5  498.9   373.3  917.2
1408.4  394.3  1667.9  884.6
 501.6  318.3    85.1  861.7
1205.4  289.0  1316.2  648.7
 541.2  244.5   216.3  658.5
 524.4  235.2   167.6  666.1
 685.0  257.1   468.5  663.8
1298.6  273.7  1487.7  686.1
1473.4  260.4  1815.4  716.7
 727.9  229.5   563.2  574.9
 893.6  236.9   826.5  587.2
 904.5  236.8   843.6  587.6
 981.1  218.4   964.9  566.5
 960.5  205.6   931.9  547.4
1007.6  208.9  1007.4  557.6
1186.3  219.6  1297.2  578.3
1150.0  228.0  1235.5  578.0
1358.5  199.5  1582.5  555.0
 658.4  187.2   449.4  513.2
 652.1  183.7   439.6  507.4
1013.2  197.8  1016.3  547.4
1097.8  175.2  1151.1  482.1
 542.9  132.0   206.5  482.3
 671.0  123.0   454.4  431.4
1301.4  136.8  1486.1  446.4
1401.9  144.5  1668.9  484.5
 486.6   63.2    26.5  427.3
 995.7  123.1   995.1  343.4
1301.8  105.6  1475.1  375.7
1393.1   85.5  1671.8  406.3
 546.5   28.7   221.9  299.2
 613.8   68.4   346.0  356.7
 661.8   41.2   417.0  321.5
 861.6   44.7   805.9  217.8
 966.5   55.8   955.5  232.3
1008.6   49.3  1016.0  214.8
1407.3   28.9  1711.0  322.8
1410.9   41.2  1712.3  339.5
1402.7   34.1  1701.1  330.2
1485.1   48.3  1846.9  355.8
 658.8   24.5   411.9  293.2
 867.1   30.9   812.8  200.5
 978.0   17.8   973.4  171.1
1035.0   28.4  1053.2  189.1
1293.1    3.4  1434.5  176.8
1362.3   23.4  1598.9  276.3
1362.9    8.9  1601.7  254.0
1437.0   29.2  1741.6  303.1
 953.4  831.4   948.4 1074.8
 784.5  778.3   739.9 1036.1
 794.6  799.9   752.8 1059.2
 971.6  824.8   970.5 1065.2
 812.6  776.3   777.2 1019.2
1227.2  701.0  1301.5 1042.7
 775.2  651.3   722.9  905.8
1209.7  574.4  1271.1  831.2
 899.7  555.9   878.8  790.9
1335.0  404.3  1539.4  884.0
 540.5  252.0   214.7  671.6
1005.8  218.4  1004.6  569.6
 554.7  168.5   251.8  517.5
 815.5  211.5   702.3  547.3
 809.7  205.5   692.3  539.7
 505.9   69.5    68.5  434.3
1174.4  128.7  1256.8  356.8
1341.3   43.6  1554.2  298.0
1472.6   -7.7  1841.2  269.8
1011.0   44.1  1019.8  201.7
 983.6   -7.1   980.6  142.0
 871.4  819.1   849.2 1063.6
 680.6  717.4   575.5 1073.1
 691.6  700.6   595.5 1035.1
 864.6  763.8   842.8  988.2
 848.5  697.5   821.1  925.7
 920.6  685.8   908.6  913.0
 972.0  549.5   969.9  779.4
1176.3  548.9  1227.3  790.1
1185.8  548.8  1240.4  795.9
 837.3  521.2   799.3  754.1
1035.4  518.2  1049.4  758.0
1335.1  370.7  1541.1  832.0
1413.8  380.4  1679.8  867.2
 998.1  464.9  1001.8  703.3
1460.8  331.9  1791.3  838.8
 536.8  259.3   206.6  686.0
 686.6  275.9   473.1  691.3
 714.3  312.3   545.8  695.9
 527.6  245.2   173.9  682.2
 655.9  250.8   417.2  658.1
 877.4  270.2   806.7  615.2
 972.3  222.5   951.1  571.4
1279.4  243.2  1443.2  604.3
1322.1  217.7  1518.1  576.1
1367.7  220.9  1590.7  578.8
 831.3  199.2   725.0  534.9
 960.0  211.7   931.2  555.4
1003.7  208.6  1001.0  558.2
1033.6  211.9  1049.3  559.5
1001.3  191.5   997.0  534.7
1400.8  181.0  1654.6  528.4
 671.6  146.2   461.8  460.2
 846.1  158.8   753.7  458.1
 960.2  143.6   938.8  403.6
1098.8  155.4  1151.8  442.6
1191.7  148.6  1298.3  437.1
1295.5  121.6  1466.0  402.7
 916.4  115.3   880.8  328.6
1428.8   92.8  1729.5  414.5
 695.4   61.6   508.5  314.7
 693.3   16.2   504.4  243.3
1048.8   59.8  1072.6  239.7
1302.0   57.7  1450.5  261.8
1350.8   23.3  1572.8  268.2
 567.4   -5.7   243.6  251.1
1143.3   16.1  1208.6  180.2
1191.7   13.8  1280.1  181.7
1354.2  301.3  1596.9  767.1
 788.4  688.9   747.9  916.0
 865.5  678.2   840.5  910.4
 962.1  690.4   958.7  922.8
 964.4  693.7   961.4  927.8
 664.8  252.9   430.6  663.9
 703.8  509.5   599.7  819.2
 734.5  598.0   665.9  859.6
 855.3  619.3   824.7  859.1
 901.0  622.0   881.3  863.5
 878.8  619.9   853.5  861.5
 855.0  628.6   824.0  871.6
 993.6  629.9   996.4  876.4
 970.7  628.6   967.8  874.4
 968.7  626.8   965.5  870.3
 970.2  620.6   967.3  864.6
1036.7  627.8  1050.2  873.5
1107.7  635.3  1138.8  884.2
1079.3  625.1  1103.3  868.1
1275.3  340.5  1429.1  741.3
 858.5  561.8   827.0  798.8
1246.0  215.2  1393.2  568.3
1276.5  218.1  1442.3  572.5
1275.3  213.3  1441.1  566.2
1321.0  204.5  1517.4  556.3
1307.8  207.7  1495.5  560.9
 577.5  166.1   307.1  494.4
 705.0  192.9   524.6  521.0
1283.3  198.5  1457.0  548.7
1390.4  157.0  1647.5  502.8
1414.7  140.3  1692.1  479.6
1012.1  551.9  1019.8  788.8
 667.0   43.1   425.9  324.8
 700.3   52.1   522.9  291.8
1097.2  105.2  1140.9  301.8
1144.8   76.7  1209.5  263.9
1144.7   67.0  1210.6  254.3
1196.6   82.8  1285.3  277.9
1222.3   68.9  1323.2  259.6
 831.5   51.9   762.5  228.9
 859.6   36.1   802.5  207.1
1020.5   29.0  1032.7  192.2
 575.2  487.6   359.5  908.8
1457.0  276.3  1773.8  725.5
1020.1  530.3  1029.9  774.4
 455.6  207.3    20.8  644.6
1098.5  282.5  1149.7  638.4
1025.3  230.1  1035.9  581.3
 868.0  825.8   844.8 1073.5
1075.3  830.1  1095.5 1084.0
 863.9  706.1   840.1  933.3
 870.3  685.6   846.5  918.5
1024.5  631.1  1034.9  876.0
 838.0  565.4   801.5  802.0
1111.2  594.4  1144.3  841.9
 628.7  546.3   485.6  894.9
1115.7  555.5  1151.3  805.2
1382.8  553.0  1573.2 1015.1
 714.2  515.5   605.7  848.7
 717.7  471.1   634.8  726.6
 720.4  436.3   629.3  703.9
1281.4  344.0  1442.2  757.0
 709.2  139.7   521.3  452.2
 534.8   76.9   182.3  397.1
 639.8   51.3   389.3  328.6
 957.0   53.2   942.1  228.4
 550.4  -10.3   222.0  237.9
1018.0  724.0  1026.8  955.3
 924.6  511.3   908.9  746.7
1149.9  299.1  1227.8  653.7
1210.3  202.7  1337.3  554.0
1351.4   34.9  1574.4  288.1
1041.6  724.9  1055.4  957.2
1283.2  221.2  1454.6  581.3
 677.8  723.2   572.7 1078.0
 843.7  802.8   815.6 1046.0
 867.3  782.5   845.7 1012.1
 874.5  771.7   855.3  993.3
1001.6  625.4  1006.5  868.4
 987.1  220.1   974.5  572.1
1047.7  214.0  1072.1  562.1
1356.7  210.5  1576.4  567.6
1500.9   40.9  1890.0  355.4
 812.3   57.3   735.1  236.4
 989.8   26.9   989.7  185.4
1178.1  660.5  1227.8  924.7
 933.6  626.6   921.8  869.6
 719.0  676.9   632.0 1003.3
 833.4  617.1   797.3  856.6
1441.6  257.0  1735.9  675.3
 922.9  623.1   908.5  866.0
 580.4  507.8   372.4  928.8
 288.7  785.3   123.2 1057.9
 962.1  817.8   959.1 1056.3
 959.6  795.7   956.8 1022.5
1143.9  802.3  1180.4 1068.2
 718.5  762.8   639.8 1084.0
 951.7  745.4   946.9  972.5
 961.8  742.1   959.0  969.8
 708.8  688.5   618.8 1017.4
 747.4  607.1   682.1  871.6
 911.8  626.0   894.9  866.9
1216.5  608.3  1281.4  885.2
 760.9  532.6   703.5  765.6
 854.5  538.9   821.0  775.0
1006.8  527.8  1013.1  765.3
1020.8  554.2  1030.7  796.5
 714.1  481.0   626.1  749.5
1242.5  479.1  1322.0  743.9
1518.7  473.3  1795.0  922.4
 779.8  468.9   724.0  697.8
1295.9  363.5  1469.9  800.6
1321.6  349.6  1520.5  800.7
1414.5  369.5  1686.2  858.5
1389.2  382.4  1636.7  865.9
1460.2  255.5  1793.3  709.5
1191.4  222.5  1303.3  575.2
 540.6  184.8   212.4  561.5
1025.6  209.2  1036.6  557.2
1163.9  167.7  1255.4  470.5
 992.7  157.2   986.4  443.8
1345.2  162.1  1567.7  504.5
1465.8  129.0  1792.5  476.3
 538.9   76.8   209.4  379.9
 970.8  116.0   959.8  327.6
1194.2  104.6  1283.1  313.3
1268.3  117.8  1434.9  420.6
 594.9   63.8   315.8  347.6
 972.9   45.4   965.2  214.1
1107.1   43.4  1156.2  217.4
 537.9   14.6   201.4  279.7
1191.5    8.7  1280.5  175.6
1198.3   22.1  1289.7  193.8
1352.0    2.8  1565.7  224.3
 998.6  117.0   999.8  330.8
 566.0  444.4   333.3  865.7
 601.2  106.4   336.0  408.2
1449.2  432.6  1722.0  923.2
1081.9   43.2  1120.1  216.7
1031.2  231.0  1045.3  581.6
