 853.6  867.5   857.8  947.4
 900.4  870.6   907.7  951.5
1013.2  868.2  1028.2  949.9
 755.6  827.9   750.4  918.5
 845.7  830.6   849.8  906.7
 866.1  839.1   871.5  916.0
 877.3  833.5   883.5  909.8
 895.7  849.1   903.1  926.8
 904.5  837.7   912.5  915.0
 950.1  852.7   960.9  931.3
1001.0  862.1  1015.2  942.2
1122.5  866.2  1145.1  948.7
1108.8  849.1  1130.7  930.1
1266.9  796.3  1309.0  913.2
1252.1  586.6  1291.1  668.9
 682.6  729.2   665.5  833.6
 759.1  797.6   755.9  879.8
 838.9  829.1   842.7  904.7
 839.1  823.9   842.9  899.5
 826.3  824.9   829.3  900.2
 905.4  800.1   913.9  872.9
 956.2  819.3   967.9  893.5
 958.3  813.9   970.2  887.4
1044.4  806.9  1062.0  881.5
1037.5  829.9  1054.5  907.2
1068.0  818.7  1087.2  895.6
1077.3  804.8  1097.3  880.7
 754.2  763.1   752.4  836.5
 752.8  772.9   750.0  850.4
 796.1  756.2   797.2  829.6
 884.2  781.0   891.6  851.6
 875.2  775.1   882.0  845.9
 881.0  789.5   888.0  861.6
 880.2  773.0   887.5  842.9
1017.6  760.1  1033.8  829.4
1047.9  782.9  1065.9  854.1
 583.3  681.8   563.7  765.4
 694.7  647.6   678.3  747.4
 692.4  656.1   675.9  756.0
 761.1  722.3   758.8  798.4
 787.1  723.7   788.1  793.2
 806.2  724.3   808.5  794.3
 879.4  736.7   886.9  804.0
 923.3  750.9   933.6  818.7
 933.7  753.8   944.6  821.7
 943.8  756.3   955.4  824.2
1030.0  747.7  1047.1  815.6
1000.1  730.1  1015.4  794.7
1010.1  736.1  1026.0  802.1
 919.4  687.8   930.3  748.0
 865.9  694.1   873.2  757.1
 883.6  694.5   892.0  757.0
 875.3  697.4   883.1  760.7
 948.8  701.2   961.3  762.4
1029.0  696.4  1046.5  758.0
1052.8  705.6  1071.6  769.9
1030.7  700.9  1048.2  763.1
 997.4  719.6  1012.7  783.6
1091.2  685.8  1112.6  748.6
1105.2  695.2  1127.7  761.0
1070.4  695.3  1090.5  758.5
1081.4  700.7  1102.2  765.6
 910.8  660.6   921.6  717.7
 921.2  676.1   932.4  734.7
1038.9  677.3  1057.0  736.8
1034.2  679.7  1052.0  738.8
1097.8  675.4  1119.8  738.0
1079.3  676.6  1100.1  738.2
1085.1  666.2  1106.3  727.1
1164.4  627.4  1193.5  703.3
1193.8  625.1  1225.5  701.7
1202.8  624.6  1235.3  701.4
1199.2  634.8  1231.5  713.0
 709.2  592.7   701.8  666.3
 730.3  569.1   723.7  644.1
 702.9  582.5   694.7  656.1
 786.4  588.1   786.5  656.4
 792.6  610.5   793.1  680.3
 813.5  607.2   815.5  677.3
 897.7  622.1   908.1  676.3
 935.9  626.8   948.4  681.3
 964.4  638.0   978.5  693.1
 939.7  637.4   952.5  692.3
 955.9  645.2   969.5  700.3
1026.9  629.8  1044.7  685.8
1087.8  628.0  1109.4  684.9
1197.5  609.6  1229.6  685.0
1162.3  598.6  1191.3  671.1
1177.5  589.6  1207.7  660.8
1233.1  568.2  1270.1  646.8
1238.7  571.0  1276.3  650.7
 615.6  468.2   581.3  571.5
 613.1  458.4   578.0  561.6
 888.6  565.3   898.5  619.1
 902.3  576.5   913.0  630.7
 976.9  562.5   992.2  617.5
 969.5  569.5   984.3  624.4
 969.9  574.4   984.7  629.5
1002.5  578.7  1019.2  634.5
1104.9  583.0  1128.1  639.8
1112.0  567.2  1135.8  623.6
1068.3  591.7  1089.1  648.2
1140.8  561.4  1166.7  618.6
1233.0  557.9  1269.7  634.6
1205.0  536.1  1238.9  608.3
1201.0  539.5  1234.4  611.2
1223.7  552.6  1259.3  627.0
 607.1  435.9   570.2  538.4
 767.2  526.1   764.7  595.3
 749.2  507.2   745.4  574.7
 766.4  512.8   764.4  579.5
 838.2  541.2   845.0  594.4
 870.4  543.4   879.2  597.2
 903.4  557.3   914.2  611.1
 905.3  551.7   916.2  605.8
 972.3  554.4   987.3  609.2
 977.3  545.7   992.7  600.6
 990.7  546.0  1006.9  601.1
 966.8  558.2   981.4  613.1
1031.4  539.4  1050.4  595.1
1123.7  562.4  1148.3  618.8
1099.3  553.8  1122.5  610.4
1092.1  551.9  1114.9  608.4
1140.8  543.0  1167.0  600.1
1148.2  548.9  1174.8  605.9
1144.0  516.6  1171.0  574.8
 511.3  321.7   428.4  451.7
 657.6  460.2   647.2  523.0
 666.0  491.9   656.9  555.2
 786.4  481.7   786.8  544.4
 901.7  483.0   912.3  536.9
 899.1  479.8   909.6  533.1
 997.3  493.0  1014.3  548.5
1129.6  492.2  1155.8  548.6
1125.0  492.5  1150.9  548.9
1160.4  495.9  1188.9  553.2
1508.6  325.1  1632.2  460.3
 516.2  288.9   436.3  410.1
 758.1  420.7   754.6  484.5
 875.1  436.0   884.1  487.8
 961.8  463.6   976.6  517.1
 968.9  463.3   984.2  517.1
 946.4  463.0   960.2  516.3
1085.4  439.8  1109.1  494.3
1175.7  437.2  1206.4  493.2
1188.2  455.8  1219.6  513.0
1233.9  445.0  1272.7  515.2
1376.1  409.0  1429.8  478.9
1498.5  303.5  1617.9  431.4
 821.4  424.3   826.7  475.5
 820.7  404.5   826.1  454.9
 812.0  425.5   816.4  477.9
 812.9  423.5   817.2  476.6
 848.7  423.1   856.0  474.3
 856.5  417.5   864.4  468.3
 830.3  428.3   836.4  479.4
 879.0  399.6   888.3  450.3
 883.7  416.5   893.2  468.5
 881.4  407.5   890.8  458.9
 976.1  417.0   992.1  469.3
 994.8  434.3  1012.0  487.1
 971.3  416.8   987.0  469.0
 977.7  405.2   993.9  457.0
 983.8  415.9  1000.4  468.4
 965.3  420.7   980.6  472.8
1053.1  431.3  1074.5  485.0
1081.7  409.6  1105.4  462.9
1081.0  419.5  1104.5  473.0
1078.7  400.5  1102.4  453.4
1101.8  400.9  1127.2  454.5
1164.3  424.1  1194.1  478.5
1183.9  403.4  1215.4  457.2
1184.1  410.1  1215.7  464.5
1230.4  375.0  1270.0  440.4
1369.8  402.0  1423.3  471.9
1403.0  302.9  1483.2  399.3
 815.7  392.0   820.6  442.2
 857.9  354.7   865.7  403.8
 848.9  358.7   856.1  407.7
 903.7  362.3   914.7  412.8
 965.7  375.9   981.2  426.8
 986.6  377.8  1003.6  428.9
1052.4  385.9  1074.2  438.0
1056.0  385.2  1078.1  437.3
1086.9  372.1  1111.5  424.1
1072.7  358.9  1096.4  410.2
1131.8  355.4  1160.2  407.5
1137.3  361.7  1166.0  413.6
1453.2  248.2  1552.7  350.4
1517.7  242.0  1638.5  353.6
 793.6  315.2   796.2  364.0
 996.0  339.2  1013.9  389.4
 963.0  335.6   978.5  385.1
 938.9  340.1   952.6  389.4
 934.6  329.3   948.0  378.4
1088.2  335.2  1113.4  386.2
1179.7  346.1  1212.1  398.2
1225.0  310.0  1262.7  363.7
1241.8  332.3  1282.6  393.3
1547.1  201.0  1674.6  304.8
 726.1  278.7   717.2  338.3
 771.4  277.8   770.0  330.2
 845.5  281.5   852.4  327.5
 873.4  279.1   882.3  325.4
 873.3  289.8   882.2  336.4
 866.3  300.8   874.7  347.9
 954.6  303.7   969.7  351.4
 952.5  304.4   967.3  352.5
1056.6  306.8  1079.6  355.1
 999.8  312.0  1018.2  360.7
1253.8  287.6  1296.6  345.5
1457.7  196.4  1559.4  290.3
1451.9  190.9  1552.1  283.3
1520.5  165.2  1644.5  263.3
1537.7  160.9  1665.1  258.0
 500.0  145.3   427.9  229.5
 836.7  236.3   842.8  280.5
 958.6  267.0   974.3  311.5
1166.4  238.9  1199.5  285.9
1346.4  187.1  1413.4  257.4
1501.1  153.6  1621.3  249.5
1521.0  147.6  1644.6  241.6
 800.2  176.0   796.8  231.6
 780.4  159.1   773.2  216.2
 780.7  181.9   773.9  240.7
 960.0  267.1   975.8  311.7
1050.2  169.8  1075.0  223.9
1177.0  167.5  1216.5  223.3
1190.7  168.2  1231.7  224.2
1230.1  179.4  1276.0  237.6
 663.0  120.8   636.0  181.1
 865.1  139.7   869.4  191.1
 863.7  133.2   867.9  183.7
 870.0  138.6   874.8  190.1
 875.7  132.5   881.1  183.3
1032.0  135.8  1055.1  188.5
1005.5  134.1  1025.5  186.5
1160.2  145.7  1198.2  199.8
1187.1  147.3  1228.2  201.8
1174.1  146.2  1213.8  200.5
1193.6  148.7  1235.5  203.2
1353.0  146.1  1420.2  209.3
1365.8  134.5  1435.8  197.3
 546.9   52.7   478.8  124.3
 698.0   92.9   680.3  143.8
 694.1   90.9   675.7  142.0
 837.4  110.6   838.2  160.2
 815.5   88.5   813.6  136.4
 967.8  124.6   983.4  176.5
 992.9  127.1  1011.5  178.9
1004.2  125.6  1024.1  178.1
1044.5  128.6  1069.1  181.1
1019.9   98.9  1041.9  148.7
1291.5  111.4  1348.7  167.0
1358.6  100.5  1426.9  157.4
1361.9   93.0  1430.8  149.0
1361.9   82.4  1434.9  141.6
1497.2   52.9  1612.2  124.2
 582.0   26.6   529.1   86.6
 784.6   86.8   778.9  134.7
 812.5   67.6   810.3  113.3
 883.7   69.9   889.8  116.1
1233.4   78.7  1282.1  127.8
1363.0   68.5  1433.0  121.9
1397.1   51.6  1474.9  105.5
 761.4   46.6   753.1   90.2
1285.3   32.8  1342.3   78.2
1387.6   11.9  1464.5   60.2
1386.3   30.3  1463.2   81.7
 748.9   -3.9   738.6   34.8
 896.8   21.1   907.5   53.9
1111.9   27.6  1143.7   62.8
1180.1   15.1  1219.4   49.7
1393.3   -7.3  1473.8   40.4
1400.7  -16.3  1481.5   29.2
 743.2  816.2   737.3  905.3
 767.3  856.7   765.7  935.9
 892.1  878.2   899.0  957.2
1392.9  775.4  1448.3  889.1
 783.4  840.0   783.1  918.1
 687.3  655.3   670.6  754.4
 786.1  742.5   786.2  816.2
 950.4  749.3   962.5  816.2
 978.0  748.2   991.8  815.2
 574.1  622.2   555.7  697.9
1009.9  732.2  1025.9  795.1
1108.0  729.2  1130.5  799.2
 904.2  676.9   914.2  736.8
1024.4  689.4  1041.6  750.6
 717.7  591.6   710.5  666.6
 817.5  609.2   819.6  679.8
 511.4  309.3   429.6  435.6
1289.4  534.6  1333.7  616.4
1438.0  417.2  1523.3  532.4
 781.3  518.5   780.6  585.1
 766.4  531.0   764.4  598.6
 893.5  561.2   903.7  614.9
1191.2  524.7  1223.5  592.9
1386.9  303.2  1465.1  400.8
 712.2    4.8   698.1   43.8
 750.3  497.6   746.7  564.2
1078.8  550.7  1100.8  607.1
1073.1  553.8  1094.6  610.0
1148.3  553.9  1175.0  611.9
1198.1  505.3  1231.5  574.0
1146.7  513.9  1174.0  571.9
1599.5  597.3  1772.3  841.2
1110.4  490.9  1135.3  547.1
 756.4  414.4   752.8  477.9
1188.1  461.8  1219.4  519.3
 570.6  226.3   514.1  320.6
 784.0  381.5   785.0  436.3
1041.7  408.2  1062.6  461.0
1458.5  235.6  1560.2  337.0
 717.2  304.8   707.1  367.2
 727.5  311.9   719.6  372.2
 825.1  394.3   830.9  443.4
1283.5  329.8  1331.1  397.3
1384.7  248.2  1462.4  336.0
1389.8  257.4  1468.3  346.9
1401.1  259.2  1481.5  349.1
 677.2  249.5   659.3  313.5
 726.9  284.4   718.2  344.3
 729.4  303.2   721.2  363.9
 780.4  326.3   779.5  382.3
1012.0  333.3  1031.2  383.5
1063.7  312.8  1087.1  362.2
1292.4  293.1  1341.6  357.4
 462.2  343.8   357.5  492.2
 994.1  307.2  1012.2  355.6
1158.9  305.0  1190.2  355.1
1154.3  281.0  1185.7  330.0
 563.0  104.1   499.8  183.3
 580.9  104.2   525.4  179.3
 683.4  173.1   659.6  239.1
 712.8  184.0   697.1  244.5
 852.6  244.2   860.1  288.3
1180.6  266.5  1214.5  315.0
1251.2  179.3  1301.8  242.0
1398.1  169.9  1478.1  245.0
 671.0  144.6   646.3  206.2
1190.1  164.5  1231.0  219.8
1183.6  166.6  1223.8  222.3
1156.2  165.4  1193.3  220.8
1225.4  171.2  1271.1  229.0
1210.6  178.1  1254.2  235.8
1233.1  166.4  1280.8  226.0
1252.1  144.4  1304.5  205.4
1246.7  140.9  1297.9  200.4
1371.3  152.8  1442.4  218.8
1356.1  121.2  1424.8  182.0
 545.5   46.1   476.5  116.9
 520.6   24.3   445.5   92.0
 876.3  138.5   881.8  189.7
 880.7  133.8   886.7  184.5
 872.2  109.8   877.2  158.8
 934.4  121.6   946.7  170.1
 959.3  106.0   974.1  156.0
1009.3  104.0  1030.0  154.4
 762.6   58.9   754.6  103.4
 767.0   59.2   759.6  103.6
 819.7   56.3   818.3  100.9
 809.0   68.1   806.4  113.8
1030.7   76.6  1054.1  123.7
1020.0   69.5  1042.3  116.7
1286.5   74.7  1342.5  124.3
1404.0   31.1  1483.3   82.3
1413.4   44.1  1493.8   97.1
 747.7   -6.9   737.5   31.2
 861.0   17.9   867.0   53.3
1174.9   16.4  1213.6   51.0
 779.2  982.8   775.9 1078.8
 808.3  979.1   807.2 1074.8
 901.7  967.3   907.6 1061.9
 917.1  972.6   924.1 1068.1
 993.9  965.4  1006.6 1061.2
 926.3  956.7   934.2 1049.3
 952.7  974.6   962.2 1070.5
 947.7  983.1   956.8 1080.5
 965.5  959.5   976.1 1053.2
 991.7  972.4  1004.2 1068.6
1040.8  966.5  1057.1 1063.8
1041.5  982.4  1057.8 1082.9
1002.1  973.7  1015.4 1070.2
1035.5  971.5  1051.3 1068.9
1000.6  963.3  1013.9 1057.6
1119.0  972.2  1141.6 1075.8
1119.8  973.7  1142.4 1077.0
1119.8  966.7  1142.5 1069.8
1138.8  955.6  1163.5 1061.7
 763.1  923.0   758.0 1019.8
 784.8  925.6   781.5 1021.8
 772.9  925.5   768.9 1020.9
 813.8  948.1   813.1 1042.9
 810.0  939.8   809.3 1033.1
 778.5  930.3   774.6 1026.9
 909.5  922.3   916.6 1010.6
 920.9  913.5   929.0 1000.9
 916.2  918.5   923.9 1006.5
 855.3  925.9   858.2 1016.4
 849.6  937.2   852.0 1028.7
 847.7  928.2   850.0 1019.3
 853.9  943.3   856.5 1035.7
 844.0  940.9   845.7 1034.6
 932.5  921.1   941.3 1009.3
 994.2  945.0  1007.1 1037.9
 952.0  917.1   962.3 1003.5
 967.5  951.2   978.4 1044.7
 929.8  911.2   938.6  997.6
 954.8  917.6   965.2 1005.0
 989.0  936.3  1001.6 1026.9
 942.7  911.5   952.3  998.7
1004.8  929.0  1018.7 1019.9
1005.1  910.6  1019.2  997.2
1024.8  929.7  1040.1 1021.1
1006.8  910.4  1021.0  998.1
1070.8  946.8  1089.5 1042.6
1027.5  931.0  1043.0 1022.1
1007.6  940.0  1021.6 1032.3
1095.4  953.2  1116.0 1051.7
1082.3  934.1  1101.9 1027.6
1079.7  942.6  1099.2 1038.9
1116.9  946.2  1139.4 1045.6
1085.5  927.3  1105.5 1022.6
 718.9  898.9   709.1  999.4
 715.2  887.7   704.5  990.2
 728.3  887.4   719.4  986.8
 727.5  880.8   718.7  979.1
 816.8  865.5   818.7  944.6
 770.6  877.7   766.8  969.1
 777.6  877.4   774.7  967.4
 825.8  892.1   827.1  978.5
 799.8  891.1   798.6  980.7
 879.0  888.1   884.3  974.0
 877.2  868.4   883.0  947.8
 890.2  889.8   896.5  973.8
 960.3  893.8   971.5  977.2
 982.4  895.7   995.0  980.1
 994.6  887.1  1008.1  970.4
 929.8  885.2   938.9  967.8
 979.5  885.5   992.0  968.5
1043.6  866.8  1060.8  949.4
1052.0  888.1  1069.7  974.7
1056.8  880.6  1074.8  965.0
1120.4  908.0  1143.2 1000.2
1127.6  884.1  1150.6  968.9
1192.6  880.0  1222.4  979.4
1175.0  904.7  1203.2 1006.5
1176.9  910.6  1205.2 1012.7
 742.6  836.4   737.7  921.9
 744.0  826.6   738.1  916.4
 779.0  853.9   778.4  932.1
 769.2  866.1   766.2  952.9
 838.8  837.4   842.5  913.2
 864.4  831.4   869.8  907.2
 882.9  821.5   889.6  897.2
 958.5  853.4   970.0  931.7
 972.6  841.8   985.1  919.3
 955.4  849.7   966.6  928.3
1005.6  858.3  1020.2  938.7
1055.7  824.1  1074.0  901.3
1123.6  847.4  1146.6  928.7
1122.0  860.9  1144.8  944.2
1101.7  852.9  1123.0  934.1
1091.3  841.0  1112.1  922.0
1208.6  851.4  1240.2  950.3
 747.5  815.3   742.0  903.9
 739.3  808.9   732.9  898.4
 832.9  788.6   836.5  862.3
 798.0  791.2   799.4  864.3
 822.4  789.9   825.3  863.4
 873.0  789.0   879.6  860.5
 861.0  779.3   866.8  850.8
 878.9  795.9   885.7  868.7
 975.2  804.8   988.3  877.6
 993.4  800.2  1007.7  872.9
 983.8  777.9   997.7  847.1
1044.8  811.4  1062.4  887.0
1067.3  796.3  1086.6  870.4
1047.4  779.0  1065.4  850.3
1115.6  799.8  1138.5  879.0
1105.3  790.5  1127.4  867.7
1200.9  820.1  1230.5  905.8
1261.4  796.2  1302.9  913.0
 661.6  737.5   643.4  839.6
 696.8  751.6   681.7  855.9
 793.8  757.0   794.7  830.1
 826.5  769.2   829.3  844.9
 846.6  739.0   852.1  806.3
 853.5  758.1   859.1  827.4
 940.8  745.9   952.3  812.2
 951.4  755.1   963.4  823.6
1019.9  749.8  1036.3  817.7
1098.6  767.8  1120.3  840.7
1080.6  769.2  1100.9  840.9
1083.4  776.6  1103.9  849.7
1109.2  758.3  1131.6  830.8
1108.9  742.9  1131.7  816.7
1273.2  751.4  1317.5  868.2
1276.7  758.4  1320.6  873.3
1312.1  777.3  1359.7  894.1
1382.5  752.5  1437.0  864.4
1389.2  753.0  1444.2  864.0
 448.8  731.3   371.4  903.8
 486.6  715.7   411.0  894.4
 492.1  716.7   417.5  895.5
 479.5  729.9   404.3  907.6
 753.0  727.5   749.5  805.9
 784.6  723.7   785.0  795.4
 875.6  716.3   883.2  781.2
 891.4  697.1   900.3  759.6
1022.2  698.8  1039.2  761.0
1085.5  724.7  1106.4  792.8
1181.8  712.4  1211.0  791.1
1192.0  728.0  1221.8  807.2
1427.1  715.4  1483.3  814.7
1422.6  718.6  1478.9  819.8
1671.7  713.2  1890.6 1031.9
 279.1  657.5    62.8  965.1
 239.3  658.3    -3.8  984.0
 274.2  671.9    15.3 1038.4
 480.6  689.4   401.8  868.3
 473.2  672.0   390.4  852.9
 564.2  657.2   544.6  735.9
 565.6  652.1   546.0  730.8
 540.9  689.1   517.2  774.5
 774.1  671.3   772.5  746.2
 809.6  674.0   812.5  740.5
 914.2  676.6   925.0  735.6
 911.0  652.8   921.9  709.0
 910.8  652.0   921.6  708.4
 901.4  680.1   911.2  739.8
 902.8  660.9   913.0  718.9
 922.1  676.6   933.4  735.3
 939.6  648.6   952.3  704.2
 945.4  652.8   958.3  708.8
1059.9  668.1  1079.4  728.0
1055.0  672.6  1074.2  732.5
1084.2  674.7  1105.3  736.6
1109.4  684.5  1132.2  749.2
1204.5  679.8  1237.5  765.5
1453.5  668.2  1512.5  762.6
 256.9  620.2    21.4  931.6
 251.0  604.9    12.2  913.0
 247.4  638.3     3.1  962.5
 514.6  618.1   488.7  698.4
 572.1  647.4   553.6  724.4
 561.3  610.1   542.0  684.7
 535.3  610.3   513.2  686.2
 543.7  640.4   522.4  718.1
 676.7  619.2   657.2  719.9
 725.0  604.5   718.5  679.9
 798.8  608.0   800.1  676.0
 807.4  631.0   809.2  700.5
 885.2  606.1   894.9  660.0
 969.7  625.4   984.2  680.5
 924.6  623.6   936.5  678.0
1074.6  615.3  1095.5  671.8
1033.8  644.1  1051.9  700.3
1054.3  630.2  1073.8  686.8
1097.5  621.1  1119.8  678.3
1164.5  606.6  1193.7  680.0
1455.6  623.2  1516.4  716.1
1433.9  625.0  1490.5  713.3
1683.4  641.3  1919.4  956.1
1687.7  647.8  1925.1  964.7
1699.8  637.1  1925.8  928.8
 286.0  564.1    76.2  838.2
 279.5  567.6    66.8  843.9
 270.4  604.4    43.4  905.7
 326.9  579.6   143.1  841.3
 344.5  592.4   174.8  845.3
 529.6  582.6   505.2  660.2
 714.3  570.6   706.9  644.0
 711.6  563.7   703.6  637.8
 690.9  564.8   681.6  637.9
 830.7  582.2   836.8  637.3
 905.8  565.3   916.8  619.2
 971.7  562.4   986.6  617.3
 981.1  577.1   996.5  632.2
1007.6  566.0  1024.8  621.5
1112.5  576.4  1136.3  633.3
1240.0  592.9  1277.7  674.7
1235.9  589.1  1273.3  671.2
1567.5  578.1  1721.7  800.2
1662.4  585.9  1879.1  864.5
1653.7  569.4  1864.8  838.3
 230.5  549.6     7.2  815.4
 292.4  553.8    88.8  819.9
 348.4  541.7   183.4  776.7
 292.7  548.8    89.2  813.3
 595.4  527.6   562.1  630.1
 641.0  538.1   613.4  641.6
 762.2  555.1   759.5  625.2
 719.8  556.5   712.4  630.6
 789.1  519.9   789.4  584.9
 799.6  528.6   800.9  593.6
 933.2  543.2   945.8  597.6
 962.1  552.2   976.5  607.0
 992.8  550.5  1009.1  605.8
1020.8  547.0  1039.0  602.3
1011.6  560.5  1029.0  616.1
1085.9  551.6  1108.3  608.3
1243.2  541.5  1281.0  616.6
1232.9  522.9  1270.1  596.9
1377.0  540.2  1444.2  657.3
1478.1  543.8  1543.7  632.4
1604.5  555.6  1783.7  795.2
1594.4  520.9  1762.9  739.0
1636.3  519.4  1838.8  768.0
1665.6  545.3  1879.9  806.2
1653.5  523.8  1863.3  776.9
 353.0  505.8   191.8  728.1
 361.2  479.6   197.8  700.5
 298.7  489.4   125.2  705.0
 436.8  512.0   327.0  694.9
 418.9  514.9   303.0  701.4
 403.2  484.1   271.6  679.9
 515.9  474.1   491.4  542.1
 586.0  504.8   550.5  607.2
 596.6  515.4   563.5  616.7
 663.4  485.6   653.9  548.9
 677.2  478.6   669.1  540.8
 659.5  478.9   650.2  540.8
 692.0  507.7   683.9  574.3
 769.2  507.9   767.5  574.1
 798.2  507.7   799.6  571.1
 785.7  494.8   784.8  562.1
 863.3  481.6   871.5  534.8
 954.2  506.2   968.2  561.4
 987.9  508.4  1004.1  564.3
1048.0  493.5  1068.5  549.8
1035.2  494.3  1054.8  550.3
1147.1  513.7  1174.4  572.1
1091.2  490.3  1114.7  546.2
1507.4  478.3  1563.3  538.6
1601.3  495.1  1779.0  716.4
1623.4  472.2  1811.5  692.6
1637.7  482.4  1835.9  713.5
1633.1  472.4  1828.9  699.2
1642.8  515.1  1845.6  760.3
1642.2  485.4  1842.4  718.5
1639.6  473.4  1839.1  702.8
1648.8  475.4  1841.1  693.0
 211.4  446.3     0.9  663.8
 310.5  435.9   131.9  646.6
 392.8  439.4   253.1  631.7
 386.4  443.7   243.9  638.4
 413.5  429.6   288.5  607.8
 714.3  434.0   704.4  505.1
 707.0  471.5   696.3  545.6
 810.2  447.8   814.6  500.7
 989.7  434.4  1006.5  487.0
1070.1  440.3  1092.6  494.0
1146.4  435.3  1174.6  489.6
1148.0  442.8  1176.3  497.5
1189.1  448.9  1220.8  506.6
1184.4  440.1  1215.7  496.5
1254.4  430.1  1297.2  505.3
1314.3  445.9  1364.4  526.1
1348.0  433.0  1399.6  506.9
1314.1  467.3  1363.8  549.3
1391.1  449.0  1465.4  562.6
1595.8  430.3  1765.3  624.4
1615.1  463.2  1795.7  674.2
1623.5  458.2  1810.5  673.1
1562.8  436.1  1713.9  618.3
 274.3  397.6    88.3  595.4
 272.3  407.9    83.3  610.8
 264.1  421.6    73.6  627.5
 302.6  415.9   122.8  620.2
 301.7  423.6   122.4  629.1
 309.2  419.9   131.3  625.1
 394.9  400.5   256.9  582.0
 429.7  403.2   310.1  573.5
 411.3  405.1   283.2  580.8
 430.5  428.0   310.3  604.9
 685.0  393.7   672.9  460.8
 686.6  417.7   677.1  480.9
 705.8  421.2   694.9  491.8
 708.6  419.8   702.1  480.6
 840.0  428.9   846.6  480.5
 830.5  413.9   836.5  464.6
 872.7  431.0   881.6  482.7
 914.6  422.9   926.2  475.3
 879.9  389.4   889.1  440.3
 884.4  397.9   894.1  448.8
 950.0  395.3   964.3  446.5
 955.8  391.0   970.5  442.4
 983.3  408.9   999.9  461.4
 978.2  428.9   994.3  481.3
 979.6  400.1   996.0  451.8
1159.3  414.9  1188.8  468.9
1263.0  399.5  1306.9  471.5
1370.7  392.5  1424.8  462.3
1338.0  427.6  1389.6  503.3
1356.9  421.4  1409.0  493.1
1457.8  406.8  1567.2  554.9
1626.6  391.2  1816.7  589.5
1594.8  425.9  1763.8  618.5
1551.2  421.5  1697.6  597.4
1596.7  412.8  1767.5  603.5
1637.5  402.3  1835.1  608.8
1645.2  418.9  1848.8  634.8
1647.0  424.7  1850.1  641.1
1653.9  424.5  1861.9  644.2
1645.8  409.8  1844.1  616.5
 255.7  356.4    61.6  545.8
 222.6  361.0    16.3  554.2
 256.6  359.5    64.4  548.4
 320.6  362.2   143.7  554.1
 320.5  368.3   144.4  561.2
 462.1  349.8   362.8  492.9
 474.8  367.5   377.8  514.6
 452.6  358.0   345.0  510.2
 523.0  354.4   434.3  501.8
 792.5  358.1   794.5  410.4
 833.3  346.8   839.4  395.3
 913.9  366.4   925.8  416.2
 956.9  387.7   971.7  438.1
 967.7  386.6   983.3  438.3
 986.6  352.0  1003.8  402.4
 957.9  350.1   972.9  400.4
 995.7  347.7  1013.6  398.3
1056.0  350.8  1078.4  400.9
1066.9  385.1  1089.9  437.9
1230.3  369.7  1269.9  434.7
1201.0  349.3  1235.5  403.3
1278.9  346.0  1325.6  414.8
1368.0  381.7  1422.1  450.9
1374.3  361.4  1430.1  430.1
1351.9  375.4  1407.7  450.7
1549.4  352.1  1693.8  508.6
1578.8  354.9  1745.7  530.8
1590.7  382.5  1757.2  561.6
1595.5  373.8  1764.4  551.9
1690.7  337.7  1922.8  543.7
 283.4  328.5    95.3  512.0
 355.1  309.4   188.3  486.5
 360.5  309.4   202.8  479.3
 362.8  314.6   200.7  490.8
 400.4  322.5   262.6  486.4
 514.8  306.4   434.5  431.2
 518.1  313.2   439.1  438.4
 527.2  325.8   451.4  451.4
 586.1  306.5   529.8  417.0
 703.5  303.0   692.1  365.0
 710.0  332.3   700.4  394.2
 766.7  298.5   764.3  353.7
 776.3  342.9   774.6  401.2
 788.1  303.1   788.9  354.9
 900.4  327.8   911.2  376.8
 943.7  336.8   957.8  386.3
 994.3  312.5  1012.3  361.0
 994.1  314.9  1012.1  363.5
1213.5  317.4  1250.1  371.6
1176.8  332.8  1209.2  384.4
1435.3  340.0  1533.4  462.9
1393.6  306.9  1471.4  402.6
1458.9  318.1  1568.2  446.5
1487.8  329.0  1603.6  460.5
1621.2  295.8  1759.7  415.5
1703.0  297.7  1934.6  486.7
 369.8  275.4   210.2  440.5
 407.1  264.9   273.6  412.1
 389.3  268.2   248.2  419.1
 375.8  272.7   222.2  433.1
 510.8  293.0   428.5  416.7
 526.3  281.9   451.3  398.4
 492.4  267.9   413.8  378.5
 553.1  269.5   488.0  377.7
 597.4  270.3   548.6  367.2
 643.1  266.6   625.2  326.3
 655.6  268.1   621.1  357.0
 799.5  281.0   802.5  327.9
 786.9  285.5   787.6  336.1
 783.8  264.7   784.9  312.7
 788.3  259.7   790.1  306.5
 892.7  297.7   903.1  345.1
 974.9  278.2   991.8  323.1
 994.1  297.7  1012.3  344.3
1056.8  271.3  1079.9  316.1
1153.4  285.9  1184.6  335.0
1146.4  285.3  1177.0  334.4
1168.6  295.6  1200.9  345.3
1177.9  299.6  1210.9  349.2
1237.5  295.3  1278.4  353.3
1262.7  275.5  1305.9  330.7
1301.4  261.6  1353.1  325.3
1388.0  285.3  1462.4  373.3
1383.6  261.1  1472.3  368.8
1395.1  265.6  1472.6  353.4
1395.0  297.5  1471.8  389.8
1408.1  281.8  1489.6  375.6
1470.0  255.3  1576.3  363.5
 308.0  245.2   109.9  419.3
 390.7  221.6   248.5  362.4
 577.1  234.7   522.9  328.7
 771.0  247.9   769.7  297.9
 795.2  250.7   797.2  297.6
 828.6  254.6   834.8  297.5
 836.9  236.1   843.0  280.2
 847.0  244.7   853.8  289.5
 871.1  217.8   879.8  261.2
 849.5  216.5   856.7  259.3
 862.7  216.9   870.8  260.4
 961.7  236.1   977.8  279.0
1113.2  234.0  1141.8  280.6
1170.3  233.4  1203.9  280.2
1158.3  244.3  1190.6  291.6
1158.5  228.5  1191.1  275.0
1308.9  214.2  1366.6  281.4
1283.4  252.7  1332.5  314.1
1365.5  224.6  1437.7  304.5
1371.2  219.5  1444.4  298.9
1448.2  247.4  1546.2  348.8
1446.1  239.9  1543.3  339.1
1424.6  234.1  1511.9  324.2
1453.2  236.6  1554.3  338.5
1539.8  249.7  1664.6  362.4
1551.7  239.7  1679.8  351.3
1549.2  244.1  1677.8  357.7
1624.3  214.9  1759.9  315.0
1607.2  215.3  1748.6  323.8
1627.4  224.9  1759.7  323.6
 393.4  180.1   251.0  311.1
 389.0  174.5   244.3  305.1
 404.7  172.3   263.2  303.0
 385.2  167.5   239.9  295.9
 520.0  177.5   451.2  267.3
 498.1  186.4   425.8  277.4
 601.2  190.4   554.3  273.6
 607.7  186.2   561.3  269.4
 605.6  200.0   560.1  283.8
 707.8  202.2   692.2  263.4
 725.7  198.5   713.1  257.9
 791.5  178.3   786.1  236.4
 872.8  171.8   878.4  224.4
 845.3  199.2   852.0  241.4
 964.7  172.7   979.9  227.1
1060.9  176.9  1086.8  232.4
1063.5  172.4  1089.9  228.4
1028.2  176.8  1050.4  232.6
1097.2  177.3  1127.1  232.5
1197.3  167.9  1239.1  223.8
1248.0  192.5  1297.8  256.0
1265.3  200.0  1317.3  264.9
1332.3  178.2  1394.8  243.2
1415.7  172.7  1502.5  253.2
1452.1  197.9  1552.2  291.4
1484.5  197.4  1597.7  298.6
1544.7  170.2  1673.2  269.1
 335.5  156.4   156.0  296.8
 352.4  140.1   182.3  272.7
 342.3  153.6   164.8  293.0
 330.2  147.7   163.6  275.7
 471.2  162.0   391.3  251.2
 670.9  125.0   647.2  183.1
 655.4  134.1   623.6  200.8
 626.1  136.1   584.4  209.6
 627.6  159.1   590.1  231.2
 739.5  163.3   732.4  212.4
 723.4  165.5   708.9  224.3
 744.8  151.9   732.1  210.5
 786.1  157.0   779.8  213.6
 796.1  153.7   791.2  209.4
 769.0  161.7   760.0  220.0
 797.7  166.8   795.5  218.4
 859.5  139.2   863.2  190.2
 996.3  126.1  1015.3  178.6
 970.1  141.2   986.0  193.3
 970.7  134.8   986.8  186.2
 978.0  134.0   994.9  185.0
1153.0  146.5  1189.9  200.1
1149.7  166.2  1186.0  221.4
1201.1  148.3  1244.0  202.9
1265.3  153.0  1318.1  212.8
1266.9  148.3  1321.1  209.7
1315.9  159.7  1375.9  221.7
1362.7  140.5  1431.7  203.3
1417.2  141.3  1507.8  220.4
1500.3  129.7  1623.0  222.9
1618.7  115.5  1770.3  208.6
 449.4   76.3   366.5  149.6
 541.4  106.1   476.6  183.6
 746.8   88.2   735.6  137.9
 741.4   88.1   729.6  137.7
 879.8   84.4   885.4  131.8
 861.1  107.9   864.7  157.2
 872.0   95.5   876.7  144.0
 891.3  116.7   898.2  167.2
1217.5   95.2  1263.2  144.6
1170.5   82.5  1210.9  131.2
1236.2  109.7  1284.7  162.1
1270.2   99.6  1322.8  150.6
1277.5   80.7  1332.0  130.6
1290.6   94.1  1346.2  144.9
1303.8  118.7  1362.7  175.5
1287.5  110.6  1344.0  165.7
1354.7   77.8  1421.6  130.3
1462.2   76.1  1565.0  147.4
1472.1  112.2  1580.4  193.7
1521.8   72.2  1651.3  154.8
1522.5   91.6  1652.4  178.7
1622.1   86.9  1777.9  175.9
1630.1  103.3  1784.0  193.6
 585.5   31.0   533.1   91.8
 686.8   31.2   666.0   77.0
 687.7   39.2   667.6   85.3
 759.5   65.2   752.9  107.9
 833.7   71.8   833.8  118.3
 769.8   50.2   762.5   94.0
 767.7   36.9   760.0   79.7
 824.9   75.5   823.9  122.4
1056.5   73.3  1083.0  120.1
1051.7   73.4  1077.7  120.6
1038.7   59.8  1063.2  103.3
1012.7   67.0  1034.1  113.9
1089.9   52.6  1120.9   98.4
1126.4   33.9  1161.4   75.0
1181.0   56.5  1223.6  103.4
1183.4   44.4  1225.3   87.4
1191.3   42.0  1233.7   83.8
1227.2   62.8  1275.2  109.9
1275.8   70.4  1330.2  119.1
1244.0   65.5  1294.1  113.0
1286.6   41.6  1343.1   87.2
1502.7   38.7  1622.0  109.5
1482.2   53.1  1594.1  124.3
1621.3   31.8  1781.7  111.1
 598.3   18.3   552.0   73.8
 583.0   22.2   530.2   81.5
 756.2   11.4   746.9   51.7
 745.1    0.3   734.3   39.5
 763.2    8.8   754.7   48.8
 779.0   15.3   772.4   55.9
 774.8    8.7   767.7   48.8
1199.2   30.5  1241.7   69.2
1155.5   30.8  1193.3   70.0
1224.3   27.0  1271.3   68.2
1391.3   14.1  1469.5   63.4
1317.7   25.2  1379.4   70.1
1469.1   20.5  1559.0   70.7
1403.9    0.6  1484.4   48.1
1010.4  956.3  1024.4 1050.6
 868.5  896.1   873.0  981.8
1197.3  794.5  1226.7  877.9
1107.9  774.4  1130.0  846.8
1035.9  700.2  1053.7  762.5
1272.4  686.2  1316.7  794.4
1031.3  636.2  1049.3  692.3
1587.1  529.0  1771.3  775.4
 576.7  487.6   540.0  588.3
 842.6  497.6   849.3  551.8
1071.9  489.2  1094.0  544.9
1285.3  484.6  1331.1  566.0
 208.2  438.2     0.7  649.9
1258.6  203.8  1309.6  268.9
 473.1  696.2   391.4  879.0
 795.8  486.9   797.2  548.6
 693.1  296.6   678.7  361.9
1254.5  195.4  1305.0  259.2
1055.0  656.4  1074.3  714.3
1061.4  596.0  1081.6  652.3
1394.7  523.6  1466.3  642.6
 386.2  448.3   241.1  647.1
1270.9  207.8  1323.8  274.3
1238.9  124.2  1288.7  180.5
 940.2  103.5   952.7  153.4
1003.1   94.5  1023.1  143.8
1294.5   43.0  1352.4   89.4
1596.0  542.1  1744.0  734.7
 788.2  618.3   787.8  690.6
1075.2  689.2  1095.5  748.8
 885.3  430.2   895.0  482.1
 692.0  103.9   673.4  156.3
 996.8  132.7  1015.8  185.2
1023.8   87.7  1046.3  136.9
 555.6   68.2   488.8  142.9
1060.8  673.5  1080.3  733.8
 756.5  531.9   753.1  601.5
 800.3  472.6   803.2  529.7
 884.4  564.5   894.0  618.3
1181.3  423.0  1212.4  477.9
 879.4  394.7   888.7  445.2
1352.5  158.0  1419.4  222.6
 998.1  578.4  1014.5  633.8
1020.5   66.3  1042.9  113.4
1076.4  796.8  1096.3  871.7
1015.3  584.2  1032.8  639.9
 899.6  544.3   910.1  598.4
 982.3  556.5   997.9  611.5
1204.0  746.9  1234.5  827.0
1009.9  493.0  1027.8  548.9
 990.5  491.9  1007.0  547.5
 833.4  112.1   833.7  161.7
 709.5   46.7   694.8   90.6
1228.9   71.5  1277.3  120.1
1305.4   37.3  1365.1   83.3
1474.0  518.9  1539.4  604.8
 961.4  756.6   974.0  824.6
1047.5   24.5  1072.7   58.9
 865.3  279.8   873.7  326.0
1328.7   14.7  1392.2   58.4
 733.2  871.6   725.0  969.3
 874.9  782.1   881.7  853.4
 894.0  705.1   903.0  768.2
 745.3  537.6   740.2  609.8
 386.4  410.8   242.6  599.0
 954.7  295.1   969.9  341.2
1180.8   98.1  1222.4  148.8
 813.0  440.5   817.6  493.1
 866.7   45.0   871.0   88.0
1394.4    0.5  1474.1   48.6
1079.6  682.1  1100.3  743.9
 811.4  602.2   813.1  672.2
 903.7  551.1   914.4  605.5
1341.7  108.4  1405.2  163.1
 810.8  103.2   808.5  151.9
 952.8  384.9   967.3  435.9
 755.0  841.0   750.4  929.6
 766.2  823.2   765.0  899.4
 824.5  556.2   828.6  617.9
 681.2  435.6   671.5  499.6
1229.6  310.0  1268.0  364.3
 899.1  645.6   909.4  701.3
 905.0  639.1   915.8  693.3
 984.4  546.7  1000.2  601.8
 969.5  488.6   984.6  543.7
1016.7  490.2  1035.1  545.6
 896.1  432.6   906.5  484.9
1283.3   80.6  1338.6  130.5
1286.8   72.7  1343.0  122.2
 756.6   49.5   747.9   93.2
 750.2  783.5   746.7  863.5
1198.4  829.2  1228.4  920.2
1202.0  781.3  1232.2  865.7
 519.0  377.3   447.4  504.2
 810.2  613.4   811.9  683.9
 749.4  845.9   744.8  932.7
 556.5   86.4   492.5  162.2
1508.8  112.7  1635.0  203.8
 786.1  504.8   785.9  570.1
1209.7  491.1  1244.4  559.6
1342.4  109.5  1406.7  165.4
 771.1  712.7   769.8  786.9
 950.1  487.6   963.9  542.4
1244.6  197.8  1293.4  261.1
 991.8  132.8  1010.2  184.6
 972.6  611.9   987.4  667.0
1196.3  461.8  1228.9  522.3
1227.5  575.5  1264.2  655.8
 877.4  337.9   886.6  386.5
1262.6  183.8  1314.7  247.3
 677.9  188.0   653.1  256.4
1037.5  573.7  1056.5  629.6
 707.7  586.9   699.1  663.3
1365.6  219.5  1438.1  299.0
 580.5   15.1   526.8   73.7
 989.2  883.2  1002.4  966.5
