 913.1  783.2   871.4 1087.1
 903.7  750.6   861.2 1037.1
 915.1  768.6   874.9 1063.3
 894.4  751.0   848.7 1043.1
 879.5  767.0   829.2 1067.0
1050.1  755.9  1044.5 1048.3
1045.4  768.8  1038.5 1062.0
1040.2  770.5  1032.0 1061.1
1101.9  764.0  1109.8 1069.5
1111.0  771.6  1121.5 1083.5
1090.4  771.3  1095.2 1076.8
1096.8  764.7  1103.3 1068.2
1120.6  739.0  1133.6 1037.1
 901.0  733.1   858.5 1012.1
 931.4  711.4   897.0  982.9
 963.0  723.1   936.4  995.8
 989.2  696.6   968.7  971.8
1042.0  717.1  1034.8  993.0
1046.6  694.3  1040.6  974.0
1110.3  705.5  1120.7  991.9
 716.9  662.4   573.2 1085.0
 824.0  656.0   759.2  930.9
 898.7  651.6   853.4  927.9
 878.0  650.0   827.1  926.6
 976.2  647.7   951.3  928.5
 937.6  666.1   903.0  943.1
1075.9  664.4  1077.9  947.0
1237.5  650.8  1305.9 1063.6
1232.6  653.2  1297.8 1060.0
1240.9  661.0  1310.8 1079.4
 727.4  631.8   590.9 1034.6
 712.3  640.1   564.5 1060.6
 821.3  626.0   753.4  904.2
 815.4  611.2   744.7  890.0
 894.4  641.8   847.5  919.0
 868.3  634.5   814.2  910.7
 984.0  632.3   960.7  915.7
1005.5  643.5   988.5  925.4
1112.7  639.8  1125.3  927.2
1104.7  637.9  1115.1  925.4
1167.4  634.6  1195.4  922.5
 663.7  568.0   468.0 1023.4
 663.8  572.3   476.9 1009.3
 838.7  566.9   769.9  854.5
 890.7  568.1   837.8  856.6
 998.4  579.4   978.0  873.8
 976.7  578.2   949.6  871.2
1038.8  572.5  1030.7  865.0
1099.2  576.6  1109.5  869.9
1147.3  577.7  1172.3  872.4
1078.1  582.9  1082.0  881.1
1099.9  583.6  1110.5  882.6
1182.2  582.6  1218.1  882.0
1222.2  588.5  1277.2  930.5
1223.3  563.2  1278.6  894.6
1191.9  568.2  1230.5  860.4
1224.0  567.3  1279.5  900.1
 778.3  560.2   677.0  890.5
 860.1  517.9   796.2  800.3
1079.4  521.9  1084.4  809.7
1097.8  523.0  1108.8  815.8
1107.4  537.8  1121.0  829.5
1126.4  535.0  1146.1  827.4
1200.5  521.7  1245.7  822.5
1215.1  535.8  1264.8  840.5
1214.6  542.1  1263.8  847.4
1179.5  523.1  1215.8  809.4
 617.2  478.6   365.1  954.5
 688.9  484.4   505.5  901.7
 799.1  506.1   714.7  788.6
 787.9  509.8   697.3  801.5
 788.5  509.2   696.0  807.4
 863.9  479.5   799.1  759.7
 866.6  488.7   802.4  772.9
 911.6  516.4   863.4  801.7
 974.0  498.0   945.3  782.8
 968.6  497.7   938.2  781.8
1047.0  495.3  1041.8  780.6
1061.2  513.5  1060.5  802.5
1092.8  501.0  1102.5  790.1
1099.2  491.0  1111.3  782.8
1094.0  480.0  1104.9  780.5
1200.0  506.4  1244.9  800.5
 704.4  436.1   526.0  836.9
 800.3  473.3   714.1  753.5
 813.2  466.4   731.8  742.8
 838.9  431.9   763.0  708.9
 992.3  461.0   968.9  745.6
1056.8  470.8  1055.0  758.0
1053.5  464.5  1050.7  750.3
1060.4  465.5  1059.9  752.1
1064.6  464.8  1065.4  751.5
1099.0  442.5  1112.0  729.1
1099.8  450.9  1112.8  738.1
1154.8  448.2  1186.8  735.0
1196.2  436.8  1243.9  728.4
1165.0  443.9  1200.7  731.2
1161.2  454.4  1195.2  742.4
1351.7  471.7  1520.3  965.5
 539.6  417.1   198.6  924.2
 737.5  416.8   591.2  772.5
 908.1  425.8   855.5  703.2
 862.1  420.9   792.1  702.4
 943.0  412.8   901.7  691.7
 958.3  411.9   922.3  691.7
 930.9  416.5   885.6  695.1
1444.6  354.3  1740.4  914.2
 676.5  318.3   415.1  782.7
 579.8  269.3    92.0  905.5
 754.1  269.3   545.3  703.6
 726.0  256.3   468.8  734.2
 727.6  282.5   479.2  765.5
1059.6  256.1  1060.5  657.5
1303.9  275.7  1494.7  779.8
1294.0  287.5  1472.5  788.1
1280.8  285.3  1445.8  773.9
1279.9  271.3  1431.8  713.8
 557.5  234.3    25.5  860.3
 836.7  215.8   687.4  609.5
 839.4  222.6   691.0  622.9
 884.6  216.7   767.8  610.9
 901.2  217.0   795.4  612.4
 916.6  217.4   821.0  614.5
 932.9  218.1   848.3  616.2
1227.4  232.6  1344.7  651.9
1218.8  232.9  1329.5  650.2
1169.1  229.9  1245.8  644.7
1337.5  233.8  1580.2  759.1
1332.0  222.5  1604.6  811.5
1443.2  247.6  1795.0  813.8
1446.7  237.8  1801.4  794.6
1436.5  216.4  1803.9  786.4
1405.7  223.6  1706.8  739.5
 593.7  185.8   169.1  683.4
 603.5  207.1   209.9  697.2
 680.8  168.8   378.6  594.4
 798.1  191.5   612.0  590.9
1022.9  170.0   997.2  574.2
1205.8  173.6  1317.3  582.7
1213.6  192.2  1329.9  612.1
1431.7  196.7  1748.7  679.7
1451.1  165.9  1810.7  657.5
 767.8  168.1   559.9  551.2
 708.6  135.2   447.1  509.7
 748.6  138.9   518.6  514.7
 709.0  129.9   446.1  503.1
 842.9  156.6   685.2  541.9
 792.2  144.9   596.5  522.3
 797.9  139.7   604.9  516.1
 768.0  127.8   550.0  499.6
 789.5  154.1   593.3  534.9
1000.9  160.8   958.5  561.4
1190.3  159.4  1293.0  567.9
1185.4  160.7  1283.4  566.6
1286.9  153.3  1462.6  555.2
1293.5  153.2  1476.6  560.2
1367.7  140.9  1614.9  550.3
1336.9  156.0  1553.2  565.2
1408.7  129.6  1690.9  533.8
1445.9  158.2  1779.1  614.1
 718.7  116.4   461.8  481.6
 713.3  120.6   453.9  486.8
 928.6  105.7   839.4  438.9
1343.6  118.7  1575.6  516.2
1406.9  111.7  1692.4  507.8
1474.5   69.0  1892.9  510.5
 678.4   58.9   369.6  403.8
 677.1   45.0   364.4  381.7
 693.7   73.1   402.4  423.9
 799.7   64.7   637.0  341.2
 841.1   77.6   716.6  339.5
 892.3   73.7   801.8  323.4
 845.1   45.4   744.9  248.7
 970.1   63.6   925.6  297.7
1064.2   68.4  1069.5  301.1
1132.2   75.1  1174.4  321.1
1143.6   36.5  1191.4  257.3
1153.1   62.3  1205.5  296.5
1368.1   39.2  1644.7  403.8
1413.4   70.7  1721.0  453.3
 569.7   22.6    44.7  433.2
 568.1   16.5    37.5  423.6
 626.3    0.3   253.8  314.6
 655.8   16.3   319.0  335.4
1360.2   14.8  1637.5  367.1
1457.9  -10.9  1841.3  334.3
1177.9  630.2  1213.4  955.8
1014.2  410.2   997.6  694.8
 761.8  141.4   541.8  518.7
1341.6  143.9  1564.7  549.4
1128.0  108.0  1178.2  442.0
 907.4  770.0   864.7 1067.6
 903.7  740.6   861.5 1023.1
 968.8  710.5   943.3  984.5
1039.7  729.7  1031.9 1005.1
 412.2  553.0   192.9  861.2
 970.4  647.5   943.9  927.5
1025.1  632.0  1013.3  914.6
 559.7  249.3    13.4  910.9
 847.7  566.3   782.0  852.5
1104.1  575.8  1115.9  869.5
1210.3  525.1  1258.8  827.4
 864.4  469.6   798.5  753.0
 869.9  478.1   806.6  760.2
 944.3  474.9   905.4  757.0
 950.7  470.8   913.6  754.9
1332.5  247.3  1569.2  781.0
 849.6  160.3   697.2  547.2
1342.1  156.4  1563.5  567.8
 702.3   71.2   419.4  418.9
 901.7  773.6   857.3 1074.0
1036.9  721.6  1028.4  997.1
 822.2  613.6   753.5  893.1
 824.5  584.5   751.4  876.4
1082.4  574.6  1087.5  867.5
 610.4  214.2   222.2  711.0
1010.7  175.3   976.1  581.5
 982.8  772.3   960.2 1062.3
1067.7  772.3  1066.5 1072.9
 813.5  744.4   741.1 1059.6
 808.7  640.9   738.0  919.8
1051.4  645.4  1046.9  929.0
1039.2  644.6  1031.4  928.2
1036.4  627.3  1027.8  912.3
1186.4  591.9  1223.5  894.4
 817.3  564.3   741.7  852.2
 816.4  573.4   740.6  863.7
 969.4  577.8   940.0  872.3
1031.8  576.9  1021.4  872.4
1077.1  576.2  1080.6  868.8
1214.3  548.9  1262.9  853.5
 737.4  488.2   584.2  891.4
 816.6  513.8   738.5  796.5
1174.3  526.2  1209.2  815.6
 749.7  499.1   623.2  850.3
1099.9  484.8  1112.2  773.5
 627.6  410.9   353.1  899.8
1180.5  444.8  1221.5  732.1
1313.4  298.5  1509.0  814.1
1448.6  272.6  1845.5  927.0
 747.2  273.5   518.5  740.4
1250.5  274.8  1379.9  711.9
1119.2  227.0  1161.3  637.8
 650.5  185.7   317.4  632.7
 803.0  188.8   617.5  592.7
1081.2  187.2  1098.7  595.2
1263.6  209.9  1413.7  634.5
 839.3  167.0   680.4  555.7
1031.1  174.5  1011.6  581.4
 773.6  122.5   558.0  493.7
 863.4  145.4   718.6  528.7
 625.3   86.3   277.2  448.2
1016.1  112.2   988.8  443.3
 620.5   49.5   263.4  386.9
 687.3   61.9   386.6  408.4
 674.8   54.6   363.1  396.0
 787.6   69.4   597.9  378.5
1107.0   66.7  1134.9  300.4
1467.1   23.9  1846.2  390.4
 669.0   23.8   346.4  346.5
 692.5   27.4   387.5  355.4
 878.7   41.1   786.1  261.4
1470.6   14.6  1855.1  374.4
1483.6   -5.3  1899.7  352.5
1063.1  744.8  1061.0 1029.4
 869.1  567.9   809.8  854.8
 941.9  659.2   908.2  937.3
1214.9  529.0  1265.1  834.2
 871.5  512.1   810.6  795.5
 988.8  496.2   964.9  780.4
1030.1  482.0  1019.4  767.8
1042.5  495.8  1035.9  781.0
1083.4  468.7  1090.5  753.8
 963.7  412.6   929.7  691.8
 953.6  411.2   915.9  690.8
 605.8  193.6   214.7  671.6
1027.2  165.2  1004.6  569.6
1196.9  175.0  1301.4  583.6
 635.8  103.0   304.0  469.7
 729.7  100.0   474.7  462.1
1335.1    2.7  1554.2  298.0
1480.2  372.1  1776.5  899.8
 895.0  767.1   849.2 1063.6
1069.7  766.1  1069.0 1064.3
 719.4  651.2   575.5 1073.1
 888.1  715.4   842.8  988.2
1419.0  578.8  1611.8 1098.9
1612.5  700.0  1811.0 1098.9
1228.9  594.0  1295.3  989.5
1212.3  550.4  1260.3  855.8
1196.0  499.6  1240.4  795.9
 784.7  483.1   692.2  769.4
 864.2  474.2   799.3  754.1
1052.6  470.3  1049.4  758.0
1329.3  303.1  1541.1  832.0
1017.3  417.9  1001.8  703.3
1442.3  262.3  1791.3  838.8
 595.5  185.9   173.9  682.2
1174.0  229.5  1253.6  642.0
 996.4  169.4   951.1  571.4
1044.4  176.3  1035.0  581.4
1222.5  172.7  1346.5  581.0
 539.8  117.9    31.0  585.4
 867.3  148.3   725.0  534.9
 985.1  159.5   931.2  555.4
1226.2  155.3  1356.5  560.9
1413.7   45.0  1729.5  414.5
 780.0   18.4   629.8  233.2
1019.0  669.8  1005.8  950.2
 815.8  640.8   747.9  916.0
 889.8  629.6   840.5  910.4
 982.1  641.7   958.7  922.8
 717.6  194.8   430.6  663.9
 827.6  564.4   755.7  850.1
 880.7  570.1   824.7  859.1
 924.2  572.6   881.3  863.5
 903.1  570.5   853.5  861.5
1012.6  579.9   996.4  876.4
 990.7  578.6   967.8  874.4
1012.0  572.6   995.6  866.7
 990.3  571.0   967.3  864.6
1094.5  575.6  1103.3  868.1
1168.6  578.8  1200.0  874.1
1270.2  209.6  1426.3  637.7
 793.3  192.9   605.3  590.2
1275.8  164.0  1442.3  572.5
1274.7  159.4  1441.1  566.2
 636.7  117.9   307.1  494.4
1379.4  105.3  1647.5  502.8
1401.5   89.6  1692.1  479.6
1030.3  504.0  1019.8  788.8
1059.3   67.9  1062.1  300.3
1155.7   41.6  1209.5  263.9
1155.5   32.0  1210.6  254.3
 629.5  420.2   359.5  908.8
1071.9  554.1  1074.1  842.9
1090.7  777.2  1095.5 1084.0
 894.4  636.8   846.5  918.5
1035.6  675.3  1026.8  955.3
 947.2  464.1   908.9  746.7
1344.2   -5.6  1574.4  288.1
1058.3  676.1  1055.4  957.2
1089.3  554.6  1096.9  844.5
 799.5  484.0   713.7  765.0
 989.2  467.1   964.8  752.0
 624.6  305.4   296.4  807.4
 852.6  257.8   718.0  666.8
 902.7  203.2   794.2  603.6
 610.4    0.4   207.4  327.5
1243.5  646.4  1315.2 1062.6
 890.8  733.1   845.7 1012.1
 897.5  723.7   855.3  993.3
 967.1  574.8   937.0  868.5
1349.1  294.6  1584.6  835.5
1331.8  289.3  1551.0  820.3
1065.6  161.1  1072.1  562.1
1349.4  156.2  1576.4  567.6
1354.6  147.5  1591.1  561.4
1477.7   -4.6  1890.0  355.4
 859.8  568.0   797.3  856.6
1426.2  196.5  1735.9  675.3
 945.2  573.6   908.5  866.0
 633.7  439.7   372.4  928.8
 971.9  697.1   946.9  972.5
 779.3  554.6   682.1  871.6
1195.6  504.8  1238.4  794.4
1338.2  110.7  1567.7  504.5
1019.2   78.8   999.8  330.8
 555.1  239.5    12.8  879.9
1204.0  166.7  1315.1  573.8
 659.0   62.4   336.0  408.2
1058.2  748.9  1054.8 1033.7
 903.0  582.6   853.8  874.3
 978.8  553.5   949.8  869.1
 879.1  111.6   752.4  454.9
1169.6  106.1  1249.2  441.4
 647.5   11.8   302.3  328.4
