 870.7  968.9   861.2 1037.1
 859.1  973.1   848.7 1043.1
 840.9  994.9   829.2 1067.0
1038.6  991.1  1038.5 1062.0
1032.5  991.0  1032.0 1061.1
1105.9  994.3  1109.8 1069.5
1116.9 1006.3  1121.5 1083.5
1092.2 1001.8  1095.2 1076.8
1099.8  993.6  1103.3 1068.2
1128.2  963.8  1133.6 1037.1
 867.9  946.0   858.5 1012.1
 904.1  918.7   897.0  982.9
 941.5  931.2   936.4  995.8
1034.7  926.8  1034.8  993.0
1115.7  921.8  1120.7  991.9
 613.1  970.6   573.2 1085.0
 738.6  914.9   719.7  988.6
 774.4  865.4   759.2  930.9
 863.3  861.5   853.4  927.9
 838.5  860.2   827.1  926.6
 955.6  860.2   951.3  928.5
 910.0  876.5   903.0  943.1
1287.9  963.1  1310.8 1079.4
1399.9  195.0  1456.2  264.3
 420.2  725.7   327.7  877.0
 628.4  926.2   590.9 1034.6
 605.7  946.2   564.5 1060.6
 769.3  837.3   753.4  904.2
 826.4  844.3   814.2  910.7
 964.6  846.3   960.7  915.7
 990.7  856.5   988.5  925.4
1185.1  850.6  1195.4  922.5
 786.2  783.5   769.9  854.5
 849.7  785.1   837.8  856.6
 980.9  799.9   978.0  873.8
1030.1  791.4  1030.7  865.0
1162.4  797.6  1172.3  872.4
1078.1  805.6  1082.0  881.1
1205.1  805.4  1218.1  882.0
1258.6  839.4  1277.2  930.5
1259.7  806.6  1278.6  894.6
1216.7  786.0  1230.5  860.4
1260.6  811.7  1279.5  900.1
1255.7  831.5  1274.2  922.0
1681.9  765.3  1833.3 1021.9
 811.0  730.2   796.2  800.3
1079.8  736.6  1084.4  809.7
1102.5  740.9  1108.8  815.8
1229.6  744.3  1245.7  822.5
1247.5  761.2  1264.8  840.5
1246.7  768.0  1263.8  847.4
 442.1  813.8   365.1  954.5
 558.7  783.6   505.5  901.7
 735.3  718.5   714.7  788.6
 719.8  728.5   697.3  801.5
 873.9  730.2   863.4  801.7
 950.1  710.9   945.3  782.8
 943.5  710.1   938.2  781.8
1039.9  708.1  1041.8  780.6
1057.5  728.9  1060.5  802.5
1096.4  716.1  1102.5  790.1
1098.3  702.3  1104.9  780.5
1228.7  724.4  1244.9  800.5
 577.7  723.2   526.0  836.9
 735.2  683.6   714.1  753.5
 751.5  674.0   731.8  742.8
 781.1  639.2   763.0  708.9
 972.1  672.9   968.9  745.6
1052.0  684.3  1055.0  758.0
1048.0  677.0  1050.7  750.3
1061.6  677.8  1065.4  751.5
1104.6  654.9  1112.0  729.1
1105.5  663.8  1112.8  738.1
1173.9  660.5  1186.8  735.0
1186.7  656.4  1200.7  731.2
1414.5  783.6  1460.6  914.5
 631.9  675.0   591.2  772.5
 808.6  630.8   792.1  702.4
 909.9  620.4   901.7  691.7
 894.9  624.0   885.6  695.1
 271.7  677.5    92.0  905.5
 611.2  568.2   545.3  703.6
 553.9  578.9   468.8  734.2
1422.7  611.0  1494.7  779.8
 224.5  633.2    25.5  860.3
 732.8  487.8   687.4  609.5
 736.2  498.7   691.0  622.9
 826.1  489.7   795.4  612.4
1299.6  518.1  1344.7  651.9
1214.6  513.0  1245.8  644.7
1486.7  576.8  1580.2  759.1
1659.8  612.6  1795.0  813.8
1665.0  596.9  1801.4  794.6
1591.9  560.2  1706.8  739.5
 346.9  533.0   209.9  697.2
 480.2  456.2   378.6  594.4
 670.7  465.4   612.0  590.9
1000.7  443.9   997.2  574.2
1272.9  449.5  1317.3  582.7
1628.3  513.4  1748.7  679.7
1671.6  484.0  1810.7  657.5
 532.5  391.8   447.1  509.7
 593.0  396.3   518.6  514.7
 532.1  385.5   446.1  503.1
 734.4  420.0   685.2  541.9
 658.8  403.4   596.5  522.3
 655.7  415.1   593.3  534.9
 967.9  432.2   958.5  561.4
1251.3  434.1  1293.0  567.9
1243.4  434.1  1283.4  566.6
1406.2  426.1  1476.6  560.2
1520.9  413.7  1614.9  550.3
1471.0  430.1  1553.2  565.2
1584.0  398.5  1690.9  533.8
 545.9  366.5   461.8  481.6
 538.7  371.6   453.9  486.8
1583.7  374.8  1692.4  507.8
1726.3  351.1  1892.9  510.5
 473.7  293.8   369.6  403.8
 470.2  274.3   364.4  381.7
 499.9  312.1   402.4  423.9
 825.2  254.1   801.8  323.4
1061.7  237.6  1069.5  301.1
1154.7  252.2  1174.4  321.1
1169.7  197.0  1191.4  257.3
1405.5  548.6  1477.2  711.4
1391.3  287.2  1456.5  389.1
1536.0  279.5  1644.7  403.8
1602.0  323.1  1721.0  453.3
 241.8  288.2    44.7  433.2
 237.2  279.6    37.5  423.6
 382.7  214.0   253.8  314.6
 434.0  233.9   319.0  335.4
1527.5  246.4  1637.5  367.1
1689.3  214.0  1841.3  334.3
1085.4 1007.4  1087.9 1082.6
 820.6  978.0   807.6 1049.8
1030.2  946.6  1030.0 1013.4
1275.1  931.4  1296.5 1041.5
1186.0  862.3  1196.4  936.3
1200.8  871.4  1213.4  955.8
 760.3  816.9   741.6  891.6
1468.1  817.4  1526.9  970.6
 909.1  677.8   901.2  749.0
1739.6  857.5  1823.5  998.0
 910.4  626.0   902.3  697.2
 998.6  621.1   997.6  694.8
 599.0   51.5   542.7   96.1
 921.7  528.9   906.0  656.8
1339.8  566.9  1390.2  706.3
 737.0  455.3   690.9  575.9
 525.9  384.9   439.4  501.5
 603.3  387.6   530.1  505.6
 630.1  381.6   561.4  499.2
 612.7  399.7   541.8  518.7
1479.7  415.0  1564.7  549.4
1706.0  411.4  1861.9  579.1
 996.3  143.1   996.9  192.5
 347.3  907.3   284.6 1011.5
1079.8 1005.7  1082.0 1080.1
1155.1  338.0  1178.2  442.0
 874.4  996.2   864.7 1067.6
 948.0  919.2   943.3  984.5
1032.0  939.3  1031.9 1005.1
 948.7  859.4   943.9  927.5
1136.4  876.9  1143.1  947.1
 246.3  601.9    60.2  812.8
1014.0  845.2  1013.3  914.6
 797.4  781.9   782.0  852.5
1109.8  795.2  1115.9  869.5
1249.3  766.0  1267.1  847.5
 813.9  681.6   798.5  753.0
 821.2  689.4   806.6  760.2
 913.1  685.8   905.4  757.0
 920.8  682.9   913.6  754.9
1009.7  445.8  1007.7  577.6
1478.2  595.9  1569.2  781.0
1682.7  606.7  1825.0  809.6
 744.5  424.8   697.2  547.2
1479.4  431.7  1563.5  567.8
 513.8  308.4   419.4  418.9
 373.4  915.3   314.0 1018.8
1051.7  133.0  1059.0  182.3
 409.9  787.2   326.8  928.0
 867.5 1001.8   857.3 1074.0
1138.8  346.3  1159.0  450.7
1028.6  931.1  1028.4  997.1
1543.1  193.7  1659.8  305.9
 760.6  870.5   743.9  939.1
 769.7  825.6   753.5  893.1
 769.0  804.4   751.4  876.4
 775.0  809.6   758.0  881.5
 773.5  801.8   756.3  873.7
1083.2  793.5  1087.5  867.5
1085.5  826.1  1089.7  902.2
1212.9  719.0  1228.3  796.9
 357.3  544.2   222.2  711.0
 982.8  450.8   976.1  581.5
1701.0  257.2  1850.9  383.5
 905.0  287.4   891.0  365.9
 964.5  992.8   960.2 1062.3
1065.1  999.6  1066.5 1072.9
1485.1  537.8  1575.4  705.8
1045.7  859.3  1046.9  929.0
1031.1  858.6  1031.4  928.2
1027.6  842.0  1027.8  912.3
 758.9  792.1   740.6  863.7
1021.5  797.9  1021.4  872.4
1246.0  774.4  1262.9  853.5
1439.6  495.2  1516.6  644.8
 627.8  778.5   584.2  891.4
 657.3  756.6   623.2  850.3
 439.6  750.3   353.1  899.8
1206.0  657.2  1221.5  732.1
1435.8  641.8  1509.0  814.1
1689.0  685.2  1845.5  927.0
 480.8  165.6   368.0  260.4
1141.9  507.9  1161.3  637.8
 221.6  250.0     7.9  393.4
 676.3  465.0   617.5  592.7
1087.3  464.2  1098.7  595.2
1356.4  496.7  1413.7  634.5
 729.9  433.0   680.4  555.7
1013.0  450.2  1011.6  581.4
 627.7  376.1   558.0  493.7
 763.5  406.8   718.6  528.7
 395.0  332.8   277.2  448.2
 384.8  279.8   263.4  386.9
 487.8  297.8   386.6  408.4
 468.3  287.2   363.1  396.0
 494.1  269.6   392.1  377.2
1119.8  236.3  1134.9  300.4
1697.6  263.3  1846.2  390.4
 809.7  202.6   786.1  261.4
1704.2  249.5  1855.1  374.4
1734.4  226.5  1899.7  352.5
1793.3  974.9  1855.8 1082.8
1836.1  982.9  1904.8 1096.1
 724.5  275.1   683.5  354.6
 821.9  989.9   808.9 1062.9
 893.3 1004.5   884.8 1075.7
 944.4 1006.7   938.8 1078.3
1098.8 1001.1  1102.1 1076.2
 764.5  980.1   747.1 1056.8
 815.4  968.8   802.3 1039.5
 768.3  989.4   751.2 1066.4
 870.1  956.1   860.7 1023.1
 869.0  970.8   859.4 1039.1
 841.9  966.9   830.6 1035.9
 847.2  950.9   836.5 1017.8
1059.6  960.7  1061.0 1029.4
 257.6  866.9   197.5  951.0
 356.1  950.9   293.1 1060.7
 396.5  973.6   339.6 1080.8
 624.3  976.3   586.3 1088.5
 749.8  943.2   731.7 1017.7
1068.1  894.0  1070.5  962.3
1279.2  956.3  1301.0 1070.4
 366.9  935.3   308.3 1037.6
 364.6  932.1   302.7 1039.9
 412.1  892.6   357.6  991.7
 676.1  896.5   645.0  996.1
 857.5  871.5   847.4  937.3
1069.2  888.5  1071.6  956.9
1076.4  888.2  1079.2  956.9
1190.4  891.0  1200.6  964.6
1676.6  947.5  1750.5 1094.9
 687.3  855.8   658.4  948.5
 831.0  811.4   817.9  883.1
 897.3  842.6   889.2  911.3
 837.8  811.6   825.2  883.6
 943.2  846.2   938.0  914.9
1274.3  877.8  1295.9  982.7
1662.1  884.9  1734.1 1023.5
 603.7  810.1   560.2  919.0
 700.0  796.3   674.6  877.5
 823.5  783.9   809.8  854.8
1051.8  804.4  1053.9  879.5
1074.7  799.8  1078.3  874.8
 436.5  804.8   357.1  947.6
 976.2  717.0   973.5  785.3
1211.8  729.0  1226.6  804.6
1682.0  688.5  1829.0  918.7
 447.8  767.1   364.7  914.8
 454.9  770.0   373.3  917.2
 899.7  702.5   891.3  772.0
 989.8  714.8   987.9  787.3
1050.9  689.8  1053.8  763.9
 761.2  635.5   741.7  704.2
1348.7  707.6  1383.6  815.8
1548.7  784.0  1630.8  960.0
 737.1  623.6   715.3  692.5
 975.1  628.8   972.2  702.0
1566.9  693.1  1667.9  884.6
 225.6  723.6    20.5  980.4
 265.4  642.8    85.1  861.7
1665.1  651.0  1801.1  860.4
1647.3  643.7  1777.9  848.8
 228.0  627.9    26.8  857.2
 239.6  621.9    45.1  845.3
 414.5  544.8   292.3  710.1
 627.2  540.8   563.0  674.0
 634.7  545.7   571.8  679.3
 928.0  527.9   913.4  655.6
1155.8  509.4  1177.6  640.8
1237.8  514.6  1272.6  646.6
1230.2  531.4  1262.7  661.1
1262.0  516.3  1300.9  648.9
1275.3  516.2  1316.2  648.7
1422.5  535.0  1498.9  698.7
1495.3  589.7  1590.2  774.3
1647.7  561.8  1781.2  752.5
 351.8  501.0   216.3  658.5
 318.3  499.4   167.6  666.1
 558.7  509.9   468.5  663.8
 539.6  502.9   446.1  654.9
 536.4  495.8   442.0  646.9
 859.4  491.4   833.6  616.1
 825.7  490.8   794.7  614.5
1214.7  507.7  1246.1  639.7
1413.8  526.6  1487.7  686.1
1507.4  504.1  1599.5  660.4
1675.9  532.8  1815.4  716.7
1693.5  543.2  1842.7  737.8
 476.6  463.2   371.3  607.1
 466.4  435.0   368.6  560.8
 549.7  431.3   466.9  556.5
 572.8  441.0   493.3  569.2
 630.2  449.2   563.2  574.9
 855.0  458.6   826.5  587.2
 869.6  458.7   843.6  587.6
 973.3  437.4   964.9  566.5
 945.2  420.9   931.9  547.4
1009.4  427.6  1007.4  557.6
1254.8  442.9  1297.2  578.3
1200.5  435.6  1232.8  567.9
1203.6  447.5  1235.5  578.0
1413.1  427.8  1484.8  562.5
1395.6  432.8  1463.4  566.9
1512.1  414.5  1604.4  551.0
1494.3  418.9  1582.5  555.0
1747.4  145.5  1924.9  258.4
 201.8  429.5     9.7  595.7
 534.1  395.2   449.4  513.2
 525.7  390.4   439.6  507.4
 548.1  359.6   465.2  472.5
1017.0  416.3  1016.3  547.4
1046.0  367.5  1051.0  479.3
1035.1  360.1  1038.3  468.9
1131.7  370.0  1151.1  482.1
1332.1  308.9  1382.6  404.7
1459.5  397.5  1541.5  529.6
1520.8  375.8  1617.7  509.0
1646.7  395.0  1773.2  539.2
 247.6  335.8    61.4  484.7
 249.7  362.7    66.1  516.3
 382.6  359.5   258.1  484.3
 347.9  349.7   206.5  482.3
 358.9  357.3   220.7  490.7
 343.5  328.1   200.7  456.7
 409.4  350.2   300.1  462.7
 543.5  318.5   454.4  431.4
 633.7  337.5   562.9  452.3
 762.8  331.1   721.1  433.0
1419.1  339.1  1494.4  460.4
1413.5  329.8  1486.1  446.4
1561.5  352.5  1668.9  484.5
1594.8  331.7  1711.2  462.4
1610.2  312.9  1732.6  443.0
 228.9  282.3    26.5  427.3
 616.8  250.6   550.3  339.7
 613.0  245.7   544.9  335.2
 646.7  259.4   587.4  346.8
 996.1  270.1   995.1  343.4
1154.9  251.9  1174.7  321.0
1222.2  264.6  1251.7  339.5
1407.8  276.8  1475.1  375.7
1557.4  280.2  1671.8  406.3
1516.6  278.4  1621.3  402.6
1680.0  272.2  1824.0  400.6
1615.5  289.0  1740.8  415.8
 376.5  197.4   246.0  294.8
 357.3  200.5   221.9  299.2
 233.8  225.4    25.8  360.8
 445.0  241.8   333.1  344.1
 457.1  251.0   346.0  356.7
 515.0  235.5   414.5  339.6
 519.5  217.8   417.0  321.5
 520.7  234.2   418.8  340.8
 685.3  192.2   644.2  251.8
 826.9  164.0   805.9  217.8
 913.0  167.3   902.9  221.1
 959.9  176.7   955.5  232.3
1013.5  163.6  1016.0  214.8
1047.9  171.1  1054.5  224.6
1173.3  201.5  1195.3  261.8
1179.3  204.7  1202.1  265.5
1454.7  203.7  1537.8  299.5
1455.5  202.4  1537.3  296.1
1584.2  206.4  1711.0  322.8
1544.4  200.7  1659.2  312.3
1587.1  221.7  1712.3  339.5
1576.8  213.1  1701.1  330.2
1696.0  233.2  1846.9  355.8
 355.0  193.3   218.2  291.2
 474.3  152.8   359.1  245.8
 515.2  194.4   411.9  293.2
 513.2  150.7   408.6  241.4
 504.7  188.8   398.4  287.1
 507.3  194.0   401.8  293.2
 833.3  147.9   812.8  200.5
 891.1  135.5   878.0  186.7
 975.1  124.6   973.4  171.1
 906.0  134.9   895.2  184.8
 917.1  113.8   908.4  159.1
1022.5  138.4  1026.3  187.3
1046.5  139.3  1053.2  189.1
1253.1  117.9  1287.0  170.8
1193.6  149.2  1218.1  201.5
1380.9  119.1  1434.5  176.8
1424.6  132.7  1484.7  193.0
1503.3  181.0  1598.9  276.3
1504.9  161.7  1601.7  254.0
1687.2  166.6  1843.8  279.6
1688.0  168.0  1845.0  281.5
1680.7  143.6  1837.4  252.3
 542.3  125.2   453.5  201.9
 964.6   90.1   961.5  134.0
1027.1   91.1  1031.7  135.8
1169.1   82.9  1193.1  132.9
1117.6   75.8  1133.6  119.6
1208.8   95.5  1237.8  146.9
1382.1  108.6  1436.6  165.4
1675.3  116.7  1836.0  222.4
 953.4 1003.9   948.4 1074.8
 757.7  960.1   739.9 1036.1
 769.7  982.8   752.8 1059.2
 880.3  972.2   871.3 1040.7
 974.2  995.2   970.5 1065.2
 957.1  999.6   952.4 1069.3
1313.2  960.1  1338.3 1075.7
 526.9  918.1   473.2 1041.8
 616.3  936.3   578.1 1043.9
 791.8  948.5   777.2 1019.2
 812.5  953.8   799.4 1023.2
 867.3  951.6   857.9 1017.2
1279.4  930.7  1301.5 1042.7
1691.5  952.8  1767.8 1102.5
 275.0  898.4   194.6 1019.3
 349.1  900.8   286.4 1004.9
 535.6  904.1   478.1 1037.9
 540.8  901.4   484.2 1034.3
 668.4  905.5   636.9 1004.9
 914.9  870.2   908.2  937.3
 915.7  876.0   908.9  943.0
1118.7  876.3  1124.3  946.1
1268.8  907.7  1289.3 1013.2
 743.1  829.5   722.9  905.8
1211.4  832.2  1224.8  912.3
1255.2  823.2  1273.5  912.0
1382.3  841.1  1422.4  973.3
 538.4  808.4   479.9  935.5
 702.6  790.6   677.6  871.2
 759.1  778.9   740.8  849.8
 889.2  802.4   880.0  875.0
 566.0  759.2   512.7  876.9
1060.4  759.5  1063.4  833.4
1247.6  754.6  1265.1  834.2
1252.9  750.7  1271.1  831.2
1337.3  753.7  1370.5  866.1
 410.3  723.2   316.0  874.8
 508.5  707.2   443.7  828.7
 633.6  705.9   592.8  807.0
 824.6  724.8   810.6  795.5
 784.8  706.6   768.1  775.3
 888.2  720.1   878.8  790.9
 918.3  713.9   911.2  784.5
 968.4  708.5   964.9  780.4
 940.4  694.4   934.8  766.3
1019.0  694.9  1019.4  767.8
1034.5  708.5  1035.9  781.0
1100.1  699.6  1106.6  773.4
1240.5  714.8  1256.8  786.1
1461.2  698.9  1539.4  884.0
 385.6  679.7   283.1  831.7
 626.8  665.8   585.6  762.5
 671.6  650.3   640.8  730.7
 734.1  686.6   713.5  754.6
 875.6  669.7   865.0  740.7
 963.6  675.3   959.7  747.7
 967.8  669.5   964.2  742.2
1084.9  680.7  1090.5  753.8
1673.3  691.5  1817.4  920.7
 243.4  622.5    43.3  853.8
 450.4  624.8   348.5  784.5
 559.4  623.3   477.9  780.9
 935.8  620.3   929.7  691.8
 923.1  619.2   915.9  690.8
1027.1  629.8  1028.4  703.1
1398.0  623.6  1461.8  784.9
1448.9  646.8  1525.4  822.5
1712.0  643.5  1869.8  868.7
 345.4  598.4   189.5  800.1
 602.6  584.3   531.2  730.5
 622.0  545.9   556.4  680.9
 639.2  537.1   577.8  667.9
 796.8  522.8   761.8  648.5
 964.2  523.2   955.2  651.3
1106.8  524.4  1120.1  652.5
1185.4  525.6  1211.1  655.4
1368.3  545.1  1425.9  687.7
1529.5  521.5  1628.1  685.5
1669.4  519.8  1807.0  700.1
 369.4  480.3   240.9  629.7
 350.7  511.8   214.7  671.6
 508.7  504.0   408.1  657.7
 516.5  491.3   419.9  638.9
 641.1  502.6   580.4  627.6
 754.6  488.5   712.3  611.5
 745.2  487.8   701.3  610.8
 770.7  495.5   731.0  619.2
 769.1  489.0   729.1  612.0
 961.7  488.9   951.3  623.4
1033.1  510.7  1035.0  639.3
1309.9  514.1  1356.9  647.9
1406.3  516.6  1481.2  679.9
1508.7  512.8  1602.6  673.6
 241.6  438.6    62.5  603.7
 350.5  436.5   211.5  584.9
 346.0  472.1   208.3  625.0
 341.1  451.2   200.1  602.6
 742.2  460.1   695.1  586.1
 714.9  448.0   663.2  572.1
 748.5  459.8   702.2  586.8
1007.0  438.9  1004.6  569.6
 998.6  438.2   994.7  568.2
1167.8  465.8  1193.1  598.4
1259.4  450.9  1301.4  583.6
1325.3  447.3  1379.7  581.9
1336.8  440.0  1393.3  573.5
1388.0  432.7  1454.3  566.3
1415.8  439.8  1486.9  574.6
1484.1  435.9  1567.4  570.0
1690.8  466.6  1841.1  645.0
 215.0  381.2    25.5  537.0
 340.5  398.3   195.1  543.5
 377.0  387.8   251.8  517.5
 673.3  397.2   612.7  516.5
 616.2  391.9   545.6  510.0
 659.4  392.6   596.3  511.3
 748.9  424.9   702.3  547.3
 740.6  417.8   692.3  539.7
1349.5  420.0  1410.4  554.5
1458.0  426.3  1537.8  560.8
1711.6  410.3  1869.7  578.7
1662.3  396.2  1801.0  551.5
 333.1  342.6   186.3  475.9
 415.2  353.3   304.0  469.7
 445.4  340.9   342.1  452.5
 411.4  372.7   300.0  491.9
 558.7  347.1   474.7  462.1
 903.5  366.3   884.3  477.6
1127.0  362.3  1145.6  472.3
1241.6  364.1  1280.5  479.2
1317.3  359.8  1368.8  473.2
1575.8  365.0  1684.7  498.0
1715.7  362.5  1878.4  523.3
 248.7  315.0    51.2  468.5
 272.4  323.7    93.2  469.1
 347.0  316.2   206.0  441.5
 455.5  335.0   353.3  446.6
 479.1  320.6   379.8  431.3
 618.4  329.4   544.2  443.4
1360.5  336.7  1420.8  448.7
1357.7  332.5  1417.0  442.9
1504.7  321.2  1602.7  448.9
1638.2  323.2  1764.5  453.7
 260.4  289.3    68.5  434.3
 353.3  292.7   214.0  412.7
 349.0  287.0   208.4  406.2
 911.8  287.2   898.7  365.8
 905.1  282.4   891.3  359.5
 917.2  285.9   904.7  364.7
 984.0  278.2   981.2  354.0
1226.6  279.2  1256.8  356.8
1300.8  267.7  1341.7  345.2
1548.5  273.6  1660.9  398.2
1556.4  291.0  1669.9  418.6
 268.0  204.0    89.1  320.1
 364.3  235.6   229.0  342.5
 379.1  224.4   250.6  326.1
 447.0  233.4   334.2  335.3
 520.4  225.8   418.9  330.1
 604.4  252.1   532.9  345.1
 687.9  232.2   645.9  298.8
1259.4  236.9  1293.4  305.9
1464.3  237.9  1546.9  337.5
1536.0  237.6  1648.2  356.8
1490.3  222.5  1585.4  328.8
 512.2  185.8   407.0  284.0
1368.8  188.9  1419.1  254.5
1469.2  203.2  1554.2  298.0
1495.2  175.3  1588.4  268.5
1588.1  203.6  1716.6  320.3
1649.6  183.7  1795.7  299.3
1685.2  158.7  1841.2  269.8
 328.8  158.1   179.1  253.7
 347.0  126.3   202.5  214.3
 295.4  149.8   127.6  250.3
 366.4  119.8   225.8  206.7
 432.2  117.0   304.0  205.1
 474.6  159.8   359.8  253.9
 548.9  141.2   462.5  219.9
 550.6  123.8   465.4  198.4
 909.5  144.5   898.9  196.6
1016.7  153.7  1019.8  201.7
1016.7  157.7  1019.6  208.7
1648.9  152.2  1798.3  262.8
 304.8  101.1   142.2  188.7
 415.0   90.6   281.3  174.0
 407.7   75.3   272.4  155.2
 397.6   71.9   257.5  152.6
 435.2  108.8   306.6  195.9
 735.4   85.1   701.9  130.4
 824.3  106.0   802.5  154.0
 909.7  105.2   900.0  150.2
 963.5   86.1   960.4  129.3
 998.5   85.0   999.6  129.2
 981.6   96.8   980.6  142.0
 992.4   92.3   992.7  136.7
1048.1   82.6  1055.4  126.9
1021.1   95.9  1025.0  140.1
1049.6   92.7  1057.0  136.2
1102.1   99.9  1115.8  145.8
1195.5   82.0  1223.6  133.6
1347.5  100.5  1396.6  155.2
1414.0  117.4  1474.3  177.3
1414.7   81.6  1475.7  136.6
1425.3   76.2  1487.9  130.4
1683.7   84.9  1853.9  187.5
 402.2   67.6   263.0  147.5
 389.5   53.0   245.7  130.5
 390.1   33.2   245.4  106.7
 411.1   62.8   274.2  141.4
 422.2   66.0   286.6  146.1
 676.4   72.9   633.9  117.8
 630.2   51.6   579.1   95.6
 839.9   45.0   819.3   87.5
 906.2   44.1   895.5   84.1
1023.0   52.1  1027.4   93.4
1013.7   52.5  1016.8   93.7
1177.4   75.3  1202.8  125.0
1173.3   55.9  1198.0  102.1
1164.9   64.0  1189.8  115.9
1157.6   58.0  1181.1  107.7
1183.1   56.1  1209.4  103.2
1196.8   68.7  1225.0  118.0
1385.7   62.4  1441.4  113.0
 919.7   31.5   911.4   68.5
1142.6   26.8  1162.2   65.0
 867.9 1001.8   857.9 1073.0
1029.2 1003.1  1028.4 1075.5
1117.6 1006.9  1122.1 1082.1
 826.6  964.8   814.1 1035.4
 879.9  994.9   870.7 1065.2
 859.7  992.5   849.2 1063.6
1067.5  991.6  1069.0 1064.3
1049.5  969.2  1050.2 1038.5
1297.8  963.1  1321.2 1077.7
1269.1  962.9  1289.5 1075.5
1273.5  957.6  1294.4 1070.0
1295.5  960.4  1320.6 1084.5
1570.0  965.1  1620.9 1088.0
1799.7  990.6  1863.8 1101.8
 351.8  961.7   286.3 1076.5
 342.0  961.6   271.3 1084.1
 615.5  958.5   575.5 1073.1
 649.6  919.6   615.6 1022.6
 670.6  928.8   638.7 1031.7
 632.0  928.7   595.5 1035.1
 753.5  920.1   735.3  995.0
 714.6  920.0   689.9 1009.8
 876.8  914.9   868.0  980.2
 851.9  951.6   841.6 1017.9
 852.8  923.9   842.8  988.2
1129.0  940.7  1134.5 1011.1
1217.7  911.5  1231.7 1002.8
1270.6  926.8  1291.2 1034.4
1547.8  940.3  1611.8 1098.9
1700.7  939.4  1780.4 1091.7
1700.7  922.1  1776.0 1063.7
 410.9  901.9   356.7 1000.8
 686.1  869.1   657.0  963.0
 627.1  898.1   589.4 1004.7
 688.5  869.9   659.5  964.5
 991.2  877.0   988.9  944.9
1060.9  885.4  1062.8  954.1
1046.5  869.7  1047.7  938.6
1090.1  866.4  1094.0  935.8
1213.5  870.2  1227.3  956.3
1274.1  905.8  1295.1 1011.3
1267.7  906.6  1288.1 1011.5
1273.0  879.7  1295.3  989.5
1689.7  919.1  1762.6 1057.9
1763.0  881.7  1823.1  980.3
 291.1  832.7   216.1  941.6
 303.0  839.7   230.3  947.5
 295.2  864.6   217.5  981.4
 299.8  871.3   224.0  986.5
 456.9  856.7   384.2  997.8
 626.2  863.6   588.0  968.6
 632.3  854.7   594.0  961.0
 673.6  837.2   642.8  931.4
 615.5  840.1   575.6  945.2
 683.0  833.5   653.8  924.8
 832.9  859.4   821.1  925.7
 915.3  846.6   908.6  913.0
 947.9  851.1   943.1  920.0
1212.7  857.7  1226.2  941.4
1213.6  845.6  1227.2  927.1
1260.6  832.3  1279.4  922.4
1256.6  831.9  1275.1  921.9
1299.6  830.3  1323.4  928.8
1535.0  842.5  1610.1 1017.5
 498.1  785.3   428.1  923.5
 553.2  808.6   500.2  927.4
 593.2  782.2   547.3  891.7
 753.5  790.4   734.7  862.3
 763.3  785.1   744.9  858.3
 754.0  793.6   735.0  866.6
1013.6  800.7  1013.0  874.0
1135.6  801.7  1143.6  877.2
1214.1  788.4  1227.7  862.8
1162.8  803.0  1172.7  878.8
1295.4  818.0  1319.2  917.0
1577.6  787.2  1666.2  968.0
 258.2  765.3    67.8 1023.5
 254.1  757.2   141.0  906.0
 329.3  757.6   185.5  970.1
 483.9  756.6   412.8  889.9
 535.1  776.2   476.5  899.3
 661.5  742.4   629.2  831.2
 729.8  744.7   708.6  817.0
1058.1  775.3  1060.8  847.5
1097.4  735.0  1103.4  809.6
1180.6  735.0  1192.8  809.7
1243.6  776.5  1260.3  855.8
1341.2  748.7  1374.7  860.3
1532.2  779.2  1610.7  952.0
1585.2  765.6  1676.8  945.9
 231.3  728.4    98.3  894.6
 579.3  712.9   527.6  825.8
 671.8  698.5   640.7  783.2
 658.4  702.5   624.9  790.8
 677.8  697.9   647.5  781.8
 660.1  697.0   626.3  785.9
 823.6  711.3   809.4  782.0
 880.9  722.2   871.2  792.0
 948.9  703.3   943.9  775.3
 972.9  710.1   969.9  779.4
1056.7  724.6  1059.7  798.5
1039.9  711.2  1041.7  783.9
1212.4  715.5  1227.3  790.1
1224.3  718.9  1240.4  795.9
1218.3  699.9  1234.0  774.8
1326.2  729.8  1356.7  833.5
1475.4  696.7  1557.0  883.3
1506.9  710.3  1596.2  904.1
1627.9  702.0  1745.4  904.4
1561.9  710.3  1661.2  903.8
 342.1  654.6   228.9  807.6
 715.2  697.7   692.2  769.4
 814.3  684.0   799.3  754.1
 815.1  670.9   798.4  747.7
1046.9  684.2  1049.4  758.0
1001.9  669.0  1001.0  743.5
1230.6  671.0  1247.7  745.3
1297.3  660.5  1322.2  744.2
1364.9  690.6  1403.0  801.0
1461.8  653.9  1541.1  832.0
1465.4  669.4  1544.4  848.5
1448.7  661.5  1524.2  837.9
1475.3  659.7  1557.4  839.9
1575.8  676.6  1679.8  867.2
1584.9  683.8  1690.3  875.1
 234.4  629.6    34.6  859.6
 260.6  617.3    75.6  834.5
 481.8  620.1   385.7  778.6
 468.6  611.9   368.5  771.7
 486.1  614.2   389.8  773.3
 474.2  624.6   377.0  783.5
 537.3  614.4   451.4  771.5
 748.2  641.5   727.3  711.8
 731.6  645.9   709.3  716.6
 781.5  630.4   763.3  699.7
1002.5  629.5  1001.8  703.3
1081.9  632.9  1087.7  706.8
1381.4  610.3  1441.3  765.9
1349.5  634.1  1409.0  810.2
1476.1  635.9  1561.4  818.1
1490.7  641.4  1578.0  823.2
1657.5  634.2  1791.3  838.8
 186.7  569.3   -15.2  774.0
 283.1  603.0   114.2  803.9
 420.9  599.8   308.5  762.8
 596.2  567.9   522.1  714.8
1386.1  581.1  1447.7  733.4
1396.1  589.0  1460.8  746.7
1410.9  598.7  1479.4  761.4
1478.0  583.4  1568.9  765.5
1591.7  566.5  1707.5  748.6
1616.4  569.6  1736.2  751.0
1608.8  579.8  1729.0  766.4
1594.2  575.7  1712.2  762.8
1692.1  567.3  1842.3  769.3
1674.2  603.5  1814.9  806.2
1702.8  581.3  1856.6  788.6
1738.9  561.0  1916.4  783.4
 344.5  523.1   206.6  686.0
 356.2  543.1   222.2  708.1
 439.2  560.9   323.4  727.2
 531.0  539.9   435.7  698.8
 515.6  543.2   414.4  707.3
 562.0  534.2   473.1  691.3
 591.5  517.8   511.0  667.0
 614.2  556.1   545.8  695.9
 626.3  524.4   560.0  659.0
 746.9  527.8   704.8  652.1
 806.2  522.9   772.7  648.5
 801.6  522.8   767.4  648.3
 842.6  525.0   814.6  651.5
 903.9  522.8   885.2  651.4
 898.6  533.6   879.4  661.6
 943.9  531.3   931.7  659.6
 933.3  529.5   919.4  657.8
1084.9  527.6  1094.7  656.1
1223.4  530.3  1255.3  661.9
1294.6  530.5  1337.4  661.7
1271.4  529.0  1310.8  660.4
1237.7  535.9  1271.4  666.8
1416.3  558.5  1492.3  728.8
1392.1  544.1  1451.1  680.2
1484.6  541.3  1575.4  711.4
1468.4  541.0  1556.6  712.2
1566.7  547.3  1674.6  720.4
1626.9  519.2  1745.3  684.2
1580.9  549.9  1692.1  724.6
1563.2  534.3  1668.4  701.2
1691.6  526.0  1839.5  715.2
1645.1  555.5  1772.5  736.5
 362.6  477.3   231.7  627.3
 323.2  513.1   173.9  682.2
 338.5  502.8   195.5  666.3
 375.6  484.3   249.4  633.1
 529.5  506.3   433.3  660.0
 524.5  503.4   423.9  662.1
 516.7  503.7   417.2  658.1
 517.8  511.4   416.4  670.6
 527.0  487.5   433.0  633.4
 584.9  516.6   503.2  665.5
 606.3  491.3   523.9  644.8
 836.2  490.8   806.7  615.2
1031.7  503.3  1033.5  621.9
1148.1  506.4  1168.5  636.9
1189.8  511.3  1217.0  642.8
1221.5  511.2  1253.6  642.0
1292.8  515.7  1336.5  647.8
1269.5  514.4  1309.3  645.9
1465.9  497.0  1548.3  647.9
1445.2  486.0  1523.0  633.2
1436.0  486.5  1512.1  633.6
1399.6  500.6  1470.1  653.0
1512.6  505.0  1605.8  661.5
1536.2  516.1  1634.9  677.1
1469.5  501.6  1552.9  654.2
1555.6  488.1  1654.5  637.4
1550.5  488.6  1647.3  636.2
1560.5  499.6  1660.5  651.4
1669.6  498.2  1808.3  674.9
1715.1  473.6  1875.3  659.1
 194.8  440.7     4.7  606.2
 191.7  427.9    -1.4  592.6
 256.3  435.2    79.4  600.8
 382.9  450.1   239.1  615.0
 418.7  462.9   308.7  598.1
 421.4  438.3   311.4  569.7
 407.1  459.7   295.7  593.3
 477.0  453.6   372.3  594.8
 499.9  458.0   402.8  595.4
 469.9  429.1   371.4  555.7
 550.4  445.1   465.7  575.7
 672.4  458.5   614.0  583.1
 648.4  449.1   585.5  572.8
 722.6  431.9   671.9  554.2
 791.9  473.2   754.1  598.6
 921.5  461.0   904.3  590.9
 875.2  464.6   850.3  593.8
 961.5  442.2   951.1  571.4
1032.9  451.1  1035.0  581.4
1010.1  432.1  1008.2  562.4
1077.7  435.3  1087.9  565.7
1077.7  441.5  1087.8  571.0
1174.1  465.5  1200.8  599.0
1297.7  448.1  1346.5  581.0
1377.3  438.3  1441.5  572.7
1380.3  468.4  1443.2  604.3
1384.8  440.4  1450.1  574.7
1441.8  439.9  1518.1  576.1
1436.0  432.2  1511.3  566.6
1503.7  442.8  1590.7  578.8
1505.5  453.5  1591.4  589.3
1703.1  462.2  1858.0  641.7
1724.5  462.4  1892.1  651.3
 186.7  425.0    -7.1  588.5
 216.4  423.4    31.0  585.4
 223.5  420.8    35.9  585.8
 336.0  404.3   189.7  550.7
 355.4  405.2   219.4  545.2
 403.5  411.4   289.6  538.7
 435.0  423.3   333.4  544.9
 497.5  400.7   407.4  517.9
 489.8  401.2   398.6  518.2
 503.3  401.0   414.8  517.5
 602.4  398.8   529.8  517.5
 607.2  404.3   535.8  523.3
 587.2  388.3   511.4  506.0
 587.7  400.7   512.6  519.4
 614.1  390.7   542.9  509.1
 736.6  426.1   688.1  548.1
 704.2  420.3   649.9  541.7
 769.1  411.8   725.0  534.9
 861.5  421.2   833.6  546.8
 944.5  428.3   931.2  555.4
 950.0  417.8   937.6  544.0
1004.0  427.8  1001.0  558.2
1051.9  430.1  1057.5  560.0
1051.7  425.2  1057.3  554.5
1045.0  430.0  1049.3  559.5
1000.5  406.5   997.0  534.7
1078.8  427.9  1089.3  557.8
1263.5  423.2  1307.7  555.5
1304.9  427.9  1356.5  560.9
1282.6  413.4  1330.5  544.5
1335.6  423.0  1393.0  556.0
1331.1  424.4  1387.7  557.8
1350.7  421.7  1410.9  554.6
1397.6  425.4  1466.1  558.8
1519.9  407.0  1613.6  542.0
1529.1  406.6  1624.5  541.5
1477.5  429.5  1560.7  564.3
1554.1  395.0  1654.6  528.4
1585.9  404.0  1693.0  540.2
1658.7  402.3  1791.6  553.0
1658.1  397.0  1788.8  543.9
1663.7  401.8  1799.1  554.2
1715.3  400.1  1875.7  567.8
 346.4  361.6   204.5  496.9
 335.9  353.6   189.2  489.6
 350.2  365.6   208.5  502.4
 353.8  384.3   216.9  520.6
 341.4  341.8   199.1  472.4
 389.7  347.8   270.1  466.9
 405.6  352.5   290.4  471.0
 522.0  367.9   433.1  483.9
 526.0  363.9   437.2  480.1
 547.6  345.9   461.8  460.2
 551.8  348.4   466.9  463.2
 638.5  357.0   569.6  473.4
 791.6  350.5   753.7  458.1
 890.5  348.4   870.1  453.2
 987.4  380.7   982.2  496.7
 990.2  366.5   985.8  476.9
1073.4  358.8  1083.0  467.4
1113.4  370.0  1129.9  483.1
1222.2  380.1  1257.9  498.8
1222.8  374.5  1258.6  491.9
1217.8  375.7  1252.4  492.2
1258.8  343.2  1299.5  450.3
1321.6  374.1  1376.2  496.2
1331.4  374.9  1388.6  499.5
1323.0  379.2  1378.2  503.1
1319.2  370.0  1372.9  490.1
1314.1  370.5  1366.9  490.8
1323.9  351.8  1377.3  465.3
1500.2  381.7  1592.3  514.7
1529.6  357.6  1630.8  490.7
1505.2  380.0  1598.8  513.6
1552.2  362.5  1656.6  495.1
1614.6  342.9  1733.7  474.6
1670.3  351.2  1808.4  493.5
1712.0  361.8  1871.0  519.4
1727.5  336.3  1894.8  492.4
1743.9  349.6  1924.0  517.9
 343.0  337.3   201.6  466.5
 335.1  325.6   189.4  454.8
 327.8  327.9   178.9  458.9
 288.9  310.0   116.9  449.6
 441.1  329.6   333.9  442.8
 446.8  305.6   338.7  416.4
 396.5  321.9   277.9  436.4
 394.6  300.1   275.9  410.3
 439.4  336.4   333.3  449.1
 454.2  327.9   350.7  439.3
 513.3  331.8   420.1  445.0
 532.1  332.8   442.3  446.3
 536.5  311.6   445.8  423.6
 554.3  312.5   467.6  424.0
 552.0  322.5   465.1  435.3
 549.3  328.2   463.0  440.7
 612.3  324.3   536.3  438.4
 666.3  299.4   608.0  396.7
 674.9  303.7   618.9  400.4
 733.5  307.4   686.6  406.0
 778.9  341.9   738.6  448.7
 810.4  323.9   777.4  422.5
 887.3  326.5   866.8  426.5
 874.6  324.1   853.3  418.8
 895.6  328.9   876.6  427.9
 948.2  313.1   938.8  403.6
1043.0  333.9  1047.8  429.7
1022.8  344.8  1024.2  447.6
1132.4  339.0  1151.8  442.6
1097.8  318.2  1110.8  407.7
1102.9  339.6  1117.5  443.7
1084.8  322.9  1095.8  412.5
1171.0  341.2  1196.2  443.4
1256.5  325.0  1294.1  420.4
1257.8  332.1  1298.3  437.1
1333.8  317.7  1387.3  421.2
1399.8  299.3  1466.0  402.7
1389.7  341.5  1457.0  458.4
1497.4  328.2  1593.5  456.8
1562.1  315.6  1673.1  444.1
1592.8  334.9  1708.6  466.1
1695.4  314.7  1865.7  475.8
1709.8  320.0  1865.9  465.1
1725.6  333.7  1890.5  487.2
 323.9  280.7   173.1  402.6
 395.3  293.7   276.3  403.2
 398.4  290.7   280.3  399.4
 401.9  275.2   285.2  380.2
 471.9  280.3   366.6  388.6
 669.5  268.9   617.1  352.8
 719.0  263.5   678.0  340.0
 782.7  286.2   751.1  365.3
 816.5  269.3   790.7  343.6
 894.9  258.7   880.8  328.6
 887.1  286.1   870.6  364.1
 990.0  277.0   988.1  350.9
1099.8  283.4  1112.7  361.3
1150.7  285.1  1170.6  363.7
1107.1  288.7  1121.7  374.3
1220.0  288.5  1249.1  366.9
1206.0  291.7  1233.6  371.7
1226.8  257.4  1256.8  330.7
1297.1  279.4  1338.5  361.0
1290.1  288.8  1330.5  371.9
1534.5  288.1  1636.0  405.6
1523.6  261.9  1632.7  386.0
1524.0  267.4  1632.9  392.4
1621.5  288.2  1748.9  415.8
1605.2  289.7  1727.3  415.4
1606.4  288.2  1729.5  414.5
1628.5  289.2  1757.4  417.1
1597.2  283.6  1718.3  408.7
1687.5  269.5  1827.9  392.5
 274.2  208.1    97.7  324.6
 376.4  214.8   246.0  315.6
 431.2  235.3   316.2  336.6
 444.5  229.9   329.3  332.9
 412.8  236.1   294.4  337.4
 509.1  245.2   407.8  350.7
 525.1  215.7   423.3  319.5
 541.4  233.0   444.9  338.1
 603.3  223.3   532.3  310.5
 602.1  234.5   532.5  321.5
 584.1  225.6   508.5  314.7
 629.8  250.2   565.2  339.6
 659.4  252.4   612.4  323.3
 609.4  217.8   549.0  292.1
 746.9  246.3   712.2  316.2
 701.3  228.3   660.8  295.0
 802.8  249.9   775.4  321.3
1123.1  251.2  1138.7  319.3
1141.2  220.0  1159.6  285.6
1080.0  251.5  1090.0  317.3
1446.0  251.2  1524.1  351.7
1458.8  244.3  1540.5  345.3
1538.9  230.8  1653.3  350.2
1706.5  237.3  1862.3  363.1
1704.1  219.0  1860.2  341.2
 251.7  167.6    59.1  281.2
 401.6  176.4   273.3  271.9
 501.1  179.4   393.9  276.0
 522.6  187.1   426.9  278.4
 580.7  164.6   504.4  243.3
 578.4  184.7   512.8  254.6
 672.1  176.2   629.8  233.2
 617.1  198.1   564.5  261.3
 671.0  169.6   628.8  225.4
 973.9  179.6   971.3  235.6
 968.1  177.5   964.5  234.3
 938.3  172.2   931.0  228.6
 947.7  179.7   941.8  235.2
1064.0  182.2  1072.6  239.7
1007.4  183.3  1008.9  239.9
1060.3  210.9  1068.2  273.1
1109.7  179.9  1124.0  237.5
1361.8  171.5  1410.5  233.5
1460.3  203.1  1543.3  297.3
1461.2  194.2  1545.0  287.6
1400.7  202.4  1456.2  271.4
1394.3  192.0  1450.5  261.8
1483.7  176.9  1572.8  268.2
1596.4  170.5  1731.1  283.3
1627.8  183.4  1767.3  297.3
1626.7  188.0  1765.3  302.5
1589.0  171.7  1721.7  284.4
1658.2  184.0  1805.7  299.2
1666.8  181.4  1820.4  299.3
 262.5  148.2    76.9  254.3
 251.8  131.1    56.7  237.0
 380.0  157.0   243.6  251.1
 367.5  130.6   228.8  218.8
 521.1  144.0   421.7  230.1
 577.1  154.3   498.4  233.0
 627.9  149.4   579.2  203.4
 689.5  129.8   650.1  180.3
 781.2  133.4   753.4  185.2
 778.7  128.0   750.6  179.1
 908.4  164.9   897.7  218.9
 894.9  150.9   882.4  203.6
1022.0  132.2  1025.7  182.0
1088.2  156.2  1099.8  208.6
1184.2  128.0  1208.6  180.2
1247.0  127.5  1280.1  181.7
1284.5  154.2  1321.7  211.0
1407.3  141.8  1465.4  203.9
1405.5  147.4  1463.1  210.2
1548.6  132.0  1664.1  227.7
1551.9  135.8  1669.2  233.5
1529.1  131.6  1634.8  221.8
1557.3  120.0  1679.5  217.3
1679.2  115.1  1843.7  222.5
1759.5  138.0  1943.0  251.1
 238.5   89.5    38.3  185.6
 325.4   92.3   172.4  175.1
 294.3  107.6   126.1  198.4
 298.9  102.6   140.7  187.1
 287.9  109.1   114.4  202.4
 299.9   70.3   131.6  153.3
 383.2   93.7   243.4  176.9
 410.1   89.4   277.1  171.3
 418.4   97.3   286.0  181.8
 511.2   99.2   407.6  178.1
 508.0  103.9   403.5  183.9
 603.0  111.2   549.0  162.4
 624.6   94.0   573.5  143.0
 627.6  114.8   576.7  166.8
 703.6   90.3   665.9  136.2
 687.1  101.0   646.0  149.5
 710.8   79.3   673.2  124.8
 716.2  104.2   679.0  153.3
 882.4   84.7   867.0  133.6
 867.3   80.0   850.9  125.7
 915.4  112.3   906.3  158.6
 853.3  107.6   835.4  155.8
 873.3  104.2   857.7  152.6
 941.4   95.3   935.6  139.4
1090.4  101.2  1102.9  148.7
1084.2   89.5  1095.9  134.9
1177.4   88.4  1202.6  139.6
1177.2   85.7  1201.9  135.1
1248.2  116.4  1281.7  169.4
1388.9   73.7  1445.9  127.0
1382.2   73.4  1437.5  125.8
1582.5   86.4  1715.4  179.9
1576.2   97.7  1705.2  192.0
1568.3   75.7  1693.9  163.4
1585.4   72.1  1720.2  163.0
1681.1   81.3  1849.8  182.4
1698.6   99.7  1869.2  204.1
 235.6   58.4    26.5  150.5
 260.9   56.9    70.8  142.6
 277.9   32.8    96.8  110.4
 299.3   25.2   129.0   98.4
 335.6   21.1   176.8   92.2
 287.1   37.8   111.4  115.1
 302.3   32.9   134.8  106.9
 341.3   41.3   187.6  115.0
 378.3   32.3   224.6  108.9
 396.5   56.4   256.4  133.5
 491.9   46.2   378.2  118.2
 543.9   42.1   457.0  102.1
 593.6   51.8   536.7   96.2
 644.0   43.6   596.0   85.5
 674.6   39.1   632.0   79.4
 652.8   73.8   606.1  119.8
 674.4   33.5   631.4   73.5
 772.0   72.8   742.6  117.7
 829.3   34.3   808.0   74.1
 841.7   75.7   821.0  122.5
 766.9   72.3   736.6  117.5
 840.3   39.4   819.1   82.2
 867.1   74.3   850.4  119.9
 852.7   59.4   833.9  103.6
 951.7   39.6   946.9   79.6
1051.6   76.3  1059.4  120.5
1149.8   53.6  1170.6   96.7
1139.3   52.3  1158.8   95.8
1109.2   42.4  1124.6   82.9
1195.4   70.6  1223.5  120.3
1191.8   73.7  1219.5  124.3
1328.0   31.4  1376.5   78.2
1390.7   46.7  1447.4   95.1
1405.1   33.5  1466.1   82.3
1630.6   42.5  1789.4  135.0
1685.8   48.6  1861.2  144.4
 342.1   18.3   182.9   89.8
 545.7    9.6   476.8   51.4
 647.1   16.0   599.0   54.8
1028.7   26.0  1033.9   63.8
1151.9   16.7  1173.9   57.5
1598.9   -4.8  1741.5   70.2
1609.8   15.8  1758.4   98.1
 763.9  850.3   747.9  916.0
 772.9  779.8   755.7  850.1
 837.5  787.5   824.7  859.1
 890.4  791.0   881.3  863.5
1371.6  591.3  1429.1  741.3
1408.4  520.3  1481.6  679.3
1431.7  489.1  1507.4  637.4
1507.7  413.1  1598.4  548.1
 455.9  341.7   353.8  454.4
1580.3  347.7  1692.1  479.6
 511.5  313.6   416.2  425.6
1445.9  325.3  1526.7  444.8
 469.7  272.7   362.6  381.0
 762.0  285.2   726.1  366.9
 995.5  276.8   994.4  351.0
1055.1  236.9  1062.1  300.3
1185.8  203.1  1209.5  263.9
1242.3  114.6  1275.8  169.2
1376.0   81.5  1430.0  134.6
 444.2  760.0   359.5  908.8
 705.7   72.9   667.8  117.2
1070.5  770.0  1074.1  842.9
1646.2  546.5  1773.8  725.5
1028.9  699.2  1029.9  774.4
1131.9  508.1  1149.7  638.4
1468.8  195.1  1553.6  288.1
1092.5 1008.6  1095.5 1084.0
 857.1  850.2   846.5  918.5
1135.7  765.7  1144.3  841.9
 539.9  779.6   485.6  894.9
1026.9  887.3  1026.8  955.3
 916.4  675.0   908.9  746.7
1199.8  524.5  1227.8  653.7
1288.3  421.2  1337.3  554.0
1485.0  193.4  1574.4  288.1
 247.9  143.5    52.8  252.0
1053.9  888.7  1055.4  957.2
1091.8  771.2  1096.9  844.5
 968.3  679.4   964.8  752.0
 621.5  175.9   571.0  234.4
 349.2  221.0   207.4  327.5
 612.7  963.9   572.7 1078.0
 827.9  975.4   815.6 1046.0
 855.8  946.1   845.7 1012.1
1007.5  794.9  1006.5  868.4
1490.4  431.4  1576.4  567.6
1726.0  228.4  1890.0  355.4
 311.9  120.7   152.8  211.6
 764.3  180.6   735.1  236.4
 989.8  136.8   989.7  185.4
1408.5  105.9  1468.6  164.6
 555.8  443.1   473.4  571.5
 979.8  435.0   972.6  564.5
 240.8  712.0    42.3  962.4
1214.1  842.7  1227.8  924.7
 317.4  688.8   158.6  905.4
 665.3  899.6   632.0 1003.3
 811.9  785.2   797.3  856.6
1618.4  510.9  1735.9  675.3
 453.8  780.8   372.4  928.8
 706.8  790.9   682.1  871.6
1262.1  797.3  1281.4  885.2
1479.2  372.8  1567.7  504.5
1056.6  987.9  1057.5 1059.9
 451.8  833.4   378.0  972.7
1589.3  385.4  1698.5  519.8
1630.9  400.7  1751.7  543.0
1000.1  260.2   999.8  330.8
1007.4  243.5  1008.4  308.0
 803.7  195.3   779.8  252.3
 688.8   92.2   648.3  139.3
1190.0   80.7  1217.0  131.1
1376.1   96.1  1430.8  152.3
 623.2   42.0   571.1   84.7
 645.1   39.0   597.0   80.6
 425.4  715.1   333.3  865.7
 216.7  646.3    12.8  879.9
1625.4  714.3  1739.5  914.1
 566.2  352.1   483.4  468.3
1043.1  360.0  1047.7  468.4
 445.1  298.1   336.0  408.2
1728.6  832.1  1820.4  984.9
 866.4   52.7   849.2   96.5
1190.2  897.2  1200.4  971.5
1041.7  451.7  1045.3  581.6
