 713.7 1044.1   799.2  754.2
 815.8 1038.0   880.3  750.0
 787.1 1037.9   857.8  748.5
 910.8 1042.7   955.7  754.2
 961.5 1054.8   995.7  765.1
 705.2 1020.1   795.5  724.7
 694.8 1007.1   788.7  709.8
 905.6 1033.8   952.2  743.1
 961.6 1032.6   996.5  743.2
 718.9  976.6   812.9  667.1
 793.6  976.4   870.0  668.6
 916.6  988.2   964.4  680.0
1028.7  984.3  1050.8  677.1
1090.9  980.4  1098.9  678.3
1159.2  980.9  1151.8  679.8
1092.4  995.8  1099.7  686.9
1209.3  990.7  1190.1  685.9
1278.0 1019.1  1236.9  674.5
1221.9  965.6  1200.7  669.3
1279.2 1025.2  1237.7  679.0
1259.0  959.4  1226.4  646.3
 634.0  931.3   755.4  610.2
 493.0  953.0   689.7  530.8
1706.0 1087.5  1392.0  371.5
1346.3  818.4  1229.5  287.9
1769.7  976.2  1435.6  335.7
1912.7  966.0  1504.9  325.0
 391.8  797.5   708.2  277.4
 330.6  764.1   683.9  245.2
 432.7  767.9   736.3  251.9
 430.5  781.5   733.3  262.2
 952.4  816.0  1016.3  276.6
1568.4  771.5  1343.6  248.7
1643.3  795.9  1386.9  269.3
1821.3  762.2  1474.4  240.3
 209.7  735.5   627.0  219.7
1743.6  721.1  1426.2  206.4
 109.4  654.1   595.4  154.9
 158.3  673.9   614.8  170.9
 604.9  485.4   801.6  159.4
 710.0  456.7   862.0  152.9
1873.1  680.4  1483.3  173.9
 161.5  579.7   635.4  104.3
1775.8  588.3  1421.3  109.1
1187.2 1013.7  1172.9  706.2
 226.4  752.4   630.5  235.4
 383.0  746.3   714.4  232.2
 360.8  768.0   699.7  248.1
1659.5  779.8  1393.0  255.8
1690.2  797.1  1408.0  263.2
 939.8  284.0  1005.1   65.4
 913.6 1035.6   958.3  746.8
1097.9  979.9  1104.3  677.5
 956.8  828.1  1018.4  283.7
 919.7  773.4   999.7  249.2
 905.9  771.6   992.6  246.6
 182.0  665.2   625.4  168.4
1011.6  271.9  1052.3   56.0
 704.5 1010.1   796.2  712.5
 699.3 1001.1   797.3  686.3
 603.7 1036.4   731.3  687.4
 917.3  829.9   996.7  289.2
 955.5 1050.0   990.9  763.7
1024.9 1034.6  1046.5  745.5
1215.6 1004.2  1194.7  696.2
1295.8 1057.4  1248.3  695.9
 686.7  988.3   788.3  674.5
 906.0  990.5   956.3  680.0
 995.0  987.8  1024.8  679.3
1127.6  980.4  1127.3  678.8
1258.0  964.8  1226.0  653.0
 681.0  919.3   787.9  611.9
 464.4  852.0   749.6  303.0
1465.2  870.3  1297.7  329.1
 376.9  741.8   713.0  227.0
1872.9  692.8  1485.3  182.8
 133.6  623.2   612.8  134.3
 173.8  658.3   627.5  157.8
1103.8  410.2  1110.0  142.4
 872.0  374.9   961.8  113.8
1051.4 1064.3  1067.0  781.5
 809.8 1046.7   874.9  760.5
1052.4 1059.0  1067.9  776.0
1060.6 1059.1  1074.5  775.4
1191.6 1068.4  1177.9  773.2
 609.3 1021.7   738.8  666.9
 762.9  974.9   846.4  668.0
 885.4  980.6   940.5  673.7
1030.6  994.1  1052.1  685.2
1057.2  988.1  1072.7  681.1
1402.2  973.8  1307.8  557.4
 588.2  884.0   802.8  357.8
1906.4 1092.8  1487.0  367.1
 247.6  995.7   663.5  324.4
 211.6  974.8   645.9  313.3
1713.3  930.7  1412.8  322.9
 296.6  840.0   668.8  279.4
 393.1  833.9   712.9  289.5
 522.0  790.7   784.9  263.0
 903.2  805.8   989.9  272.2
1243.1  812.1  1174.2  287.6
1711.5  784.4  1418.0  254.0
 341.4  757.5   689.7  241.9
 897.5  776.2   987.7  252.3
1008.8  687.4  1047.5  226.0
1133.5  685.2  1116.8  228.8
1249.3  668.0  1181.6  220.0
1631.0  758.1  1376.4  241.0
 228.2  680.6   649.1  176.3
 657.6  645.0   852.5  203.6
 874.2  624.9   971.7  202.7
1156.8  639.6  1131.4  211.5
1257.5  500.3  1200.6  173.5
 958.9  476.4  1017.1  166.7
1243.8  464.4  1195.0  160.4
1817.9  633.5  1445.6  136.7
1750.0  627.5  1414.5  136.2
 149.0  564.5   636.9   89.2
 153.2  589.3   637.6  102.2
 891.9  335.8   974.5   91.8
 963.0  307.9  1019.7   83.6
1007.8  320.3  1049.1   88.9
1172.9  363.6  1155.3  112.7
1180.9  368.0  1160.3  115.3
1180.4  371.5  1159.7  116.0
1614.2  458.2  1374.5   87.0
1865.1  545.8  1457.4   80.9
  56.6  473.9   604.3   36.1
 119.9  521.4   626.0   65.9
 116.4  466.0   627.5   37.1
 125.5  528.8   627.8   70.1
 433.7  297.3   699.7   43.4
 721.6  305.5   867.8   65.9
 806.9  247.1   920.5   35.6
 916.6  289.1   989.9   68.2
 819.5  281.8   928.7   56.4
1005.0  279.3  1047.9   61.7
1454.7  269.8  1327.1   37.0
1700.3  443.4  1409.3   65.9
 896.1  219.2   978.3   19.0
 920.1  212.7   994.1   14.4
 978.0  219.8  1031.4   19.6
 978.1  214.7  1031.8   14.4
 961.9  221.8  1020.9   20.8
1167.7  222.4  1150.6    7.6
1220.7  236.5  1184.0   18.8
1201.6  230.2  1171.1   11.0
1457.5  257.4  1327.8   27.6
1350.8  471.3  1260.2  161.5
1005.3  209.6  1049.3   12.0
1179.3  230.6  1157.5   12.0
 981.3 1055.2  1011.3  769.4
1043.5 1063.0  1060.7  779.8
 810.1 1038.1   876.3  747.7
1001.1 1002.3  1029.2  692.3
1229.0 1044.3  1203.2  717.9
 192.4 1004.9   640.9  320.5
 599.1 1001.6   731.3  652.8
 779.3  979.5   859.0  670.8
 841.4  982.5   906.8  673.7
 967.7  993.2  1003.8  682.6
 936.4  992.1   979.8  681.1
 933.9  986.7   977.7  679.0
 935.6  981.5   979.3  672.8
 999.3  993.7  1028.1  683.9
1026.5  987.6  1049.1  680.3
1123.3  996.2  1123.5  688.3
1084.1  978.4  1093.7  677.1
1116.4  922.5  1105.9  388.1
 452.5  841.8   738.9  306.2
1474.7  869.0  1300.5  321.5
1503.3  805.0  1313.4  277.6
1502.0  798.4  1312.1  272.5
  42.0  762.0   547.4  223.0
 533.3  758.1   794.0  240.0
1702.4  778.4  1415.0  253.8
1772.9  735.4  1440.7  213.3
1831.7  708.2  1468.0  195.3
1189.5  365.9  1165.9  113.9
1323.0  362.1  1249.6  106.2
 714.3  303.8   862.9   65.4
 546.4  276.9   760.1   42.7
1011.9  271.7  1052.5   54.8
 822.3  225.3   929.9   23.9
 859.5  214.9   954.6   16.2
 970.4  219.2  1026.5   19.4
1053.9  226.4  1080.4   22.8
1173.3  218.0  1153.6    2.7
1215.0  232.6  1179.6   13.2
 993.0  825.1  1037.6  290.2
1664.6  452.5  1396.5   77.9
1037.8  805.1  1062.1  273.3
1673.1  799.4  1402.0  269.9
 749.1  978.1   836.0  668.5
 617.5 1014.5   744.8  662.5
1668.1  734.6  1390.4  218.4
 945.9  457.8  1008.8  158.7
 685.7  364.6   842.1  107.5
1196.2  220.7  1167.9    5.2
1191.7 1076.3  1177.7  778.5
 704.4 1071.2   793.0  768.8
 801.7 1053.5   869.0  761.4
 932.2 1003.6   976.1  692.9
1077.4 1003.4  1088.1  693.7
 343.1  998.4   687.4  371.4
 781.2  974.4   860.7  666.5
 875.1  989.6   932.7  678.4
 563.9  929.7   722.9  555.7
 698.1  941.0   797.6  639.0
 545.4  869.1   776.2  354.4
 707.6  874.8   870.5  356.8
 742.5  875.0   890.4  358.0
 725.4  874.8   880.4  358.2
1259.4  845.2  1183.0  307.4
 538.4  785.8   791.2  266.1
 882.5  801.7   979.0  268.0
1120.0  819.3  1106.8  290.4
1293.2  806.1  1199.3  274.0
 920.2  773.4  1000.0  249.3
 891.3  763.5   984.5  245.5
 958.1  774.7  1020.2  250.2
 810.4  693.3   938.5  224.2
 994.1  688.3  1039.4  226.4
1282.5  681.0  1199.1  223.7
 635.5  639.9   839.6  202.2
 807.0  631.3   933.8  205.1
1338.0  616.3  1233.9  198.9
 583.3  529.4   797.8  167.2
1436.7  517.7  1300.8  165.0
1014.7  423.6  1052.4  146.0
 871.3  330.0   961.3   87.8
 931.9  342.7  1000.1   96.5
1083.8  314.0  1098.3   78.3
1287.6  274.1  1225.2   42.5
 824.3  238.8   931.1   32.5
 891.1  232.0   974.7   28.3
1461.5  239.2  1328.2   13.3
 904.7  268.5   982.8   52.7
1004.9  824.1  1044.0  291.0
