 713.7 1044.1   783.8  820.7
 815.8 1038.0   868.7  816.0
 787.1 1037.9   845.0  814.8
 870.2 1050.9   913.2  830.7
 961.5 1054.8   989.5  831.4
1484.2  374.5  1357.5  154.6
 705.2 1020.1   779.3  791.6
 758.1 1023.7   822.1  798.6
 961.6 1032.6   990.1  809.2
 718.9  976.6   796.3  735.2
 793.6  976.4   856.4  736.4
1090.9  980.4  1097.0  745.0
1159.2  980.9  1152.5  746.3
1061.3  995.1  1072.8  753.8
1209.3  990.7  1192.9  752.9
1278.0 1019.1  1243.1  746.5
1221.9  965.6  1203.8  735.0
1279.2 1025.2  1243.9  751.3
1274.1 1050.5  1239.4  769.6
1259.0  959.4  1231.2  713.8
 634.0  931.3   734.4  679.2
 493.0  953.0   658.6  610.6
1706.0 1087.5  1423.9  469.2
1346.3  818.4  1240.1  369.7
1912.7  966.0  1548.0  415.3
 391.8  797.5   666.4  359.3
 330.6  764.1   638.4  325.9
 233.6  756.2   585.0  315.8
 432.7  767.9   696.5  332.5
1568.4  771.5  1366.4  328.2
1643.3  795.9  1413.9  349.7
1821.3  762.2  1511.2  319.0
1805.7  758.5  1501.9  316.5
 209.7  735.5   574.6  299.3
1743.6  721.1  1458.5  283.4
 109.4  654.1   537.0  230.7
 158.3  673.9   559.2  247.7
1007.6  399.6  1039.3  190.3
1873.1  680.4  1522.8  248.7
1775.8  588.3  1454.9  179.5
1207.0 1076.5  1189.0  813.2
1376.2  816.2  1259.0  371.8
 226.4  752.4   579.2  315.7
 383.0  746.3   671.7  312.0
 360.8  768.0   655.8  328.9
1551.6  771.9  1357.0  329.2
1659.5  779.8  1420.9  335.5
1690.2  797.1  1437.7  343.8
1618.9  491.1  1401.5  169.7
 939.8  284.0   992.9  115.2
 913.6 1035.6   950.2  812.7
1097.9  979.9  1102.7  744.3
 956.8  828.1  1007.5  366.9
1657.0  800.2  1421.1  350.8
 182.0  665.2   571.1  244.6
1011.6  271.9  1043.4  105.2
 704.5 1010.1   779.9  779.5
 699.3 1001.1   780.0  755.4
 815.4  512.5   911.6  240.3
 913.2 1047.0   949.4  825.4
1024.9 1034.6  1042.5  811.4
1127.6  980.4  1126.9  745.4
1258.0  964.8  1230.8  720.4
 681.0  919.3   769.2  679.1
 464.4  852.0   711.7  387.9
1872.9  692.8  1524.7  258.2
 133.6  623.2   555.6  208.6
 809.8 1046.7   863.1  826.4
1052.4 1059.0  1065.1  841.3
 762.9  974.9   831.6  735.7
 885.4  980.6   930.5  741.3
1030.6  994.1  1047.9  753.0
1402.2  973.8  1320.6  635.9
1906.4 1092.8  1530.3  464.9
 211.6  974.8   593.2  406.6
 296.6  840.0   621.3  364.4
 522.0  790.7   750.0  344.7
 903.2  805.8   976.0  354.2
1243.1  812.1  1179.1  369.1
1711.5  784.4  1448.8  334.0
 341.4  757.5   644.7  322.2
 897.5  776.2   973.4  332.8
 228.2  680.6   597.4  253.3
 657.6  645.0   825.1  276.6
1257.5  500.3  1204.8  235.2
1817.9  633.5  1481.7  209.4
 149.0  564.5   580.3  160.5
 153.2  589.3   581.3  174.9
 891.9  335.8   960.0  144.6
 963.0  307.9  1008.7  134.2
1172.9  363.6  1154.5  166.1
1865.1  545.8  1495.7  149.0
 119.9  521.4   567.8  135.0
 125.5  528.8   569.9  139.6
 721.6  305.5   844.8  118.1
 916.6  289.1   976.6  118.2
 819.5  281.8   910.6  106.8
1005.0  279.3  1038.7  111.2
1454.7  269.8  1340.1   86.9
1700.3  443.4  1437.9  128.0
 896.1  219.2   963.8   66.3
 920.1  212.7   980.6   61.5
 978.0  219.8  1020.7   66.8
 978.1  214.7  1021.0   61.5
 961.9  221.8  1009.5   68.1
1167.7  222.4  1149.1   55.7
1220.7  236.5  1185.2   67.3
1457.5  257.4  1340.9   77.1
 712.9 1063.7   783.0  836.1
 875.4 1045.7   917.9  824.1
 876.5 1051.0   918.6  830.0
1272.9 1037.9  1239.0  762.4
 612.5 1014.1   719.0  735.9
1192.3 1002.4  1179.2  764.2
1223.8  956.4  1205.0  724.0
1388.8 1030.6  1310.6  678.8
 495.7  993.3   660.4  639.0
1531.0 1058.4  1352.6  524.6
 361.7  984.6   656.0  452.9
1755.5  971.5  1462.7  424.3
1746.8  974.3  1457.4  425.3
1790.8 1004.1  1480.0  438.4
 428.5  878.0   678.5  425.9
 498.5  873.6   716.3  435.8
 665.5  876.1   821.2  437.7
 885.4  884.4   963.0  414.0
 888.3  877.9   965.1  407.5
1659.6  908.5  1409.5  390.0
1721.8  931.1  1451.5  415.3
 522.9  821.8   745.7  373.2
 952.5  818.2  1005.1  360.8
1326.1  819.2  1228.3  371.2
1441.9  807.4  1296.2  360.2
1881.7  862.4  1535.5  363.0
 451.5  763.1   709.6  326.2
 364.7  758.0   659.0  321.7
 430.0  757.7   697.3  322.2
1624.2  791.2  1402.3  346.4
1403.4  669.7  1279.6  292.3
1820.4  743.4  1508.0  304.3
 349.3  689.2   662.9  263.2
1463.0  633.2  1314.9  267.4
1719.2  676.0  1438.5  248.1
 824.6  512.3   917.7  240.1
1350.8  471.3  1269.0  221.3
1814.4  647.9  1481.2  219.1
 154.4  573.5   580.7  167.8
 677.0  459.0   818.3  209.6
1290.3  419.1  1232.3  195.8
 130.1  518.2   574.5  132.1
1636.7  461.8  1410.1  149.8
1888.9  536.1  1504.7  140.2
 233.0  403.2   601.3   98.2
 264.5  390.5   616.2   94.1
 446.2  315.9   666.8  112.4
 795.0  292.3   893.8  113.3
 966.8  301.7  1011.6  128.5
1484.4  272.4  1368.8  100.6
 894.8  213.0   962.7   62.9
 940.2  213.5   994.7   61.3
 918.5  228.6   979.3   72.1
1005.3  209.6  1039.9   58.8
1204.6  225.1  1172.7   54.1
1409.2  245.1  1309.9   70.3
1504.8  273.9  1368.9   83.9
1505.4  225.9  1369.1   51.7
 500.6  218.4   703.1   49.1
 428.3  198.1   662.6   28.7
 435.0  195.6   669.9   24.5
 809.6  170.6   910.5   17.5
 884.8  179.3   962.6   15.8
1035.9  162.2  1061.5   21.2
1131.0  140.9  1127.8   12.3
1179.2  213.9  1156.5   48.5
1172.4  185.5  1152.7   31.5
1186.3  187.9  1161.4   31.2
1205.4  205.7  1173.8   42.4
 190.9  986.2   583.9  409.2
 155.9  563.1   585.5  158.4
 538.0  430.7   726.5  189.1
1139.1  174.9  1132.0   30.9
1286.0 1065.3  1249.1  784.5
 700.4 1030.3   773.9  805.4
 800.4 1024.0   857.6  795.7
 929.3 1031.1   963.4  807.2
1858.4 1062.0  1508.2  454.8
 192.4 1004.9   587.0  415.7
 505.7 1003.4   665.2  652.3
 599.1 1001.6   708.7  726.0
 703.3  971.9   783.6  732.0
 779.3  979.5   844.9  738.7
 841.4  982.5   895.1  741.7
 810.9  981.8   870.5  739.8
 778.8  993.7   844.4  749.3
 967.7  993.2   997.1  750.6
 936.4  992.1   971.8  749.3
 935.6  981.5   971.3  740.5
 999.3  993.7  1022.6  751.9
1026.5  987.6  1044.7  747.8
1123.3  996.2  1123.0  755.9
1084.1  978.4  1091.6  743.7
1189.3  981.7  1177.0  747.4
1485.2  993.6  1329.9  498.9
 383.9  966.0   652.1  475.8
1565.2  961.1  1357.7  425.6
 452.5  841.8   700.5  390.3
1474.7  869.0  1318.4  405.6
 514.9  792.8   743.6  350.6
1311.0  805.4  1217.4  354.7
1503.3  805.0  1332.6  358.6
1502.0  798.4  1331.3  353.2
1542.3  784.4  1353.0  339.8
1557.3  787.6  1362.5  343.4
  42.0  762.0   485.5  304.5
 339.2  771.0   642.7  331.1
1523.7  781.4  1341.6  336.9
 221.7  714.0   587.7  279.3
1721.4  731.5  1447.9  292.3
1772.9  735.4  1474.8  291.0
1831.7  708.2  1505.2  271.6
  93.3  630.4   534.4  211.2
 823.7  503.0   916.8  236.0
1738.2  475.4  1448.3  133.6
1159.1  436.9  1142.7  208.1
1019.0  411.5  1047.1  199.1
1110.8  410.6  1111.0  199.8
 810.3  305.6   904.4  122.0
 792.8  279.3   893.5  101.7
 757.0  215.4   873.2   50.7
 822.3  225.3   911.9   71.5
 859.5  214.9   938.3   63.4
1448.9  221.4  1335.1   52.7
1010.9  572.2  1040.7  268.7
1019.1  879.1  1043.6  420.4
1004.2 1059.1  1024.8  840.4
1037.8  805.1  1055.7  355.0
1673.1  799.4  1430.7  350.5
1498.2  259.9  1363.6   73.4
 749.1  978.1   820.6  736.6
 617.5 1014.5   723.0  736.2
1668.1  734.6  1418.6  296.0
1832.8  747.6  1515.2  306.8
 945.9  457.8   997.2  218.0
 519.6  242.7   714.2   66.8
1196.2  220.7  1167.8   53.3
1451.8  244.5  1334.9   65.3
 451.3  178.0   675.6   17.7
  66.3  659.6   511.6  234.9
1191.7 1076.3  1180.2  845.8
 807.0  631.3   914.6  276.8
 904.7  268.5   968.8  102.0
1004.9  824.1  1035.8  373.6
