 870.7  609.2   866.4  560.3
 334.7  857.4   398.1  721.9
 419.9  903.3   466.8  778.3
 799.3  987.5   798.4  923.1
1299.6  882.3  1271.2  802.3
1321.4  873.2  1291.5  793.0
 701.6 1060.9   705.8  990.1
 876.6 1050.6   872.2  983.6
 850.0 1054.1   847.0  986.0
 947.1 1058.4   939.6  991.4
 963.1 1051.4   954.9  985.2
 939.0 1072.5   931.9 1004.6
 941.7 1064.3   934.5  997.1
 959.3 1038.7   951.2  973.4
1047.8 1064.2  1035.7  995.8
1047.0 1057.6  1035.0  989.9
1047.9 1082.3  1035.9 1012.4
1076.2 1077.3  1062.8 1007.4
1075.9 1071.9  1062.5 1002.1
1087.6 1059.5  1073.6  990.6
1134.2 1061.4  1117.9  990.6
1105.8 1060.9  1091.0  991.0
1231.7 1085.2  1210.1 1009.5
 281.9 1082.5   323.8  974.6
 262.7 1096.8   307.3  985.5
 575.7 1079.0   596.6  973.1
 721.7 1028.6   725.3  957.5
 693.0 1015.1   698.8  940.9
 686.0 1024.9   691.0  955.3
 743.1 1025.1   745.5  955.2
 738.2 1016.3   740.7  946.9
 764.7 1024.7   765.9  955.5
 773.8 1041.0   774.3  972.4
 799.6 1007.1   798.7  941.5
 815.3 1037.7   813.8  970.1
 850.9 1024.4   847.6  959.4
 839.4 1020.2   836.7  954.7
 820.6 1027.7   818.9  961.1
 846.4 1038.9   843.4  972.2
 846.1 1014.3   843.0  949.7
 834.0  999.1   831.4  935.3
1010.1 1006.7   999.7  943.6
1014.2  992.8  1003.6  930.0
1065.5 1001.7  1052.7  938.1
1042.5 1026.1  1030.7  961.5
1010.2 1011.3   999.8  948.3
1015.9 1011.2  1005.3  948.1
1087.6 1037.9  1073.7  970.8
1090.7 1027.5  1076.7  961.1
1091.6 1003.9  1077.5  939.7
1104.2 1035.2  1089.5  967.7
1214.9 1014.9  1194.1  941.9
1221.7 1036.5  1200.7  963.0
1162.4 1041.7  1144.7  971.0
1628.3 1067.0  1573.3  963.3
 335.5 1057.2   370.8  957.0
 471.9  753.6   490.1  688.5
 555.9 1038.6   580.2  929.5
 688.5  996.6   694.7  923.2
 751.8  971.3   753.4  905.2
 845.1  968.8   841.9  906.6
 835.7  958.5   833.0  896.2
 899.2  982.6   893.7  920.3
 842.5  940.5   839.3  880.2
 924.4  987.1   917.8  925.0
 935.5  943.6   928.2  885.0
 928.9  973.9   922.0  912.3
 939.2  976.6   931.9  914.8
1029.3  974.9  1018.1  913.4
 993.2  946.4   983.4  887.9
1027.2  961.6  1016.0  901.1
1144.8  982.7  1128.2  917.4
1134.2  980.3  1118.1  916.0
1147.5  988.8  1130.8  923.2
1237.7 1006.1  1215.2  930.1
1719.8 1037.6  1654.7  929.4
 175.7 1053.5   232.1  936.2
 269.4  983.0   311.0  884.0
 309.3  966.0   345.3  873.3
 303.4  980.6   341.0  884.9
 297.6  999.3   335.4  902.6
 551.9 1015.7   575.4  911.6
 896.0  891.3   890.2  836.3
 851.5  908.3   847.7  850.7
 853.9  925.5   850.0  867.0
 836.4  899.6   833.3  842.2
 841.0  914.9   837.8  856.4
 931.5  907.1   924.2  851.4
1028.2  900.8  1016.9  845.2
1056.9  918.9  1044.4  860.9
1030.1  907.2  1018.8  851.2
 989.9  933.6   980.3  875.7
1054.6  932.2  1042.3  873.5
1104.2  902.1  1089.7  844.4
1077.7  934.9  1064.4  875.6
1120.9  912.5  1105.5  853.2
1091.7  915.8  1077.7  857.2
1100.5  920.5  1086.1  861.4
1241.1  944.6  1217.4  866.1
1247.4  944.7  1223.4  866.2
1267.4  968.4  1241.8  886.7
1376.6  944.4  1344.2  863.8
 389.5  977.8   435.2  854.1
 409.0  986.0   452.1  863.7
 487.6  990.3   522.7  870.6
 689.5  911.5   696.9  837.0
 791.2  820.5   790.0  765.8
 886.3  853.3   880.6  801.1
 898.5  873.9   892.5  820.3
 876.0  855.3   870.8  802.2
 933.9  873.3   926.4  820.0
1045.0  860.1  1033.1  806.8
1040.0  873.4  1028.2  819.9
1034.3  874.4  1022.8  821.3
1101.4  872.0  1087.0  816.6
1111.3  881.5  1096.5  825.1
1088.9  879.4  1075.1  824.0
1095.8  872.1  1081.7  817.1
1121.7  844.5  1106.5  790.4
1203.3  882.9  1182.4  811.8
1232.1  885.2  1209.4  813.2
1326.2  894.1  1296.1  813.1
1636.7 1031.7  1563.1  889.9
 378.4  969.1   426.9  842.4
 610.7  865.2   623.1  791.1
 662.9  846.8   672.9  771.8
 716.6  851.7   721.7  783.4
 718.2  834.0   723.0  767.2
 719.7  834.4   724.5  767.5
 883.6  833.4   878.0  782.4
 890.6  800.8   884.7  750.1
 904.8  818.0   898.3  767.9
 872.2  824.0   867.0  773.5
 870.8  805.0   865.6  755.2
 950.9  821.4   942.6  771.4
 921.4  820.9   914.3  770.9
 940.8  828.6   932.9  778.6
 979.1  795.2   969.8  744.9
1025.5  814.5  1014.3  763.9
1036.4  816.1  1024.8  765.5
1041.3  794.1  1029.5  743.1
1082.4  800.3  1068.9  749.3
1098.7  813.8  1084.5  762.8
1110.4  807.2  1095.7  755.1
1084.0  794.1  1070.4  743.2
1237.3  835.5  1214.4  766.2
1215.9  831.6  1194.5  764.7
1293.1  887.2  1265.2  807.0
1294.6  841.2  1266.9  764.9
1551.6  980.7  1485.4  840.5
1600.9  995.9  1527.4  849.3
 413.8  897.0   462.5  770.1
 423.5  923.6   469.5  797.8
 679.5  814.5   687.9  743.5
 669.1  799.4   678.1  728.9
 768.3  792.4   768.1  738.3
 801.5  759.9   799.3  709.9
 880.3  750.0   875.1  699.9
 857.8  748.5   853.5  698.4
 863.6  755.2   859.0  704.9
 964.6  747.2   956.0  696.4
 964.5  752.9   955.9  701.6
 955.7  754.2   947.4  703.4
 995.7  765.1   985.7  713.9
 989.7  781.2   980.0  730.6
1146.8  758.5  1130.3  706.8
1119.8  769.3  1104.6  717.9
1128.5  752.5  1112.9  701.2
1073.2  764.6  1060.0  713.3
1075.4  777.9  1062.1  726.6
1308.3  807.6  1279.8  734.0
1333.2  827.8  1302.2  749.2
1293.3  822.7  1265.9  748.7
1249.1  785.4  1225.0  716.8
1279.7  808.3  1253.5  737.0
1282.0  813.4  1255.8  742.1
1258.7  796.2  1233.9  726.0
1360.4  832.5  1327.0  751.7
 321.0  861.1   383.9  728.5
 659.8  766.9   669.6  697.1
 691.2  749.0   698.6  682.6
 661.8  755.7   671.3  687.2
 681.6  763.0   689.6  695.5
 663.4  775.9   672.9  706.0
 681.4  751.8   689.2  685.3
 686.5  756.4   694.2  689.4
 795.5  724.7   793.9  674.4
 788.7  709.8   787.5  659.6
 877.4  735.6   872.4  685.2
 958.9  738.7   950.5  687.9
 972.9  732.3   964.0  681.2
 964.8  730.7   956.2  679.7
 981.1  731.1   971.8  680.1
 952.2  743.1   944.1  692.2
 996.5  743.2   986.5  692.3
1030.6  725.7  1019.2  674.2
1097.1  739.1  1082.8  687.5
1142.7  747.2  1126.5  696.0
1113.4  740.8  1098.4  689.0
1082.9  707.4  1069.1  655.0
1104.7  738.9  1090.0  687.2
1173.1  735.6  1155.3  683.8
1169.6  709.9  1151.6  656.1
1256.9  770.9  1232.3  702.6
1258.8  772.4  1234.0  703.3
1267.4  780.9  1241.9  710.9
1376.9  768.0  1340.9  686.4
1600.1  887.0  1528.6  756.0
 333.1  847.9   396.7  713.3
 558.0  725.9   572.0  661.6
 714.7  708.7   720.3  646.0
 812.9  667.1   811.2  615.9
 884.3  667.8   879.4  616.6
 870.0  668.6   865.9  617.2
 867.0  663.5   862.9  612.6
 988.3  681.5   978.8  629.2
 907.9  669.0   902.0  617.6
 964.4  680.0   956.0  627.8
1050.8  677.1  1038.4  624.7
1012.3  682.8  1001.7  630.5
1098.9  678.3  1084.3  626.2
1151.8  679.8  1134.6  627.4
1099.7  686.9  1085.0  633.9
1234.4  696.2  1212.2  637.5
1234.2  689.9  1212.0  631.6
1190.1  685.9  1171.0  632.9
1235.8  703.0  1213.5  644.0
1236.9  674.5  1214.6  617.1
1200.7  669.3  1181.2  617.4
1237.7  679.0  1215.3  621.4
1512.9  722.8  1470.4  651.8
1489.1  731.4  1448.9  661.6
1689.8  877.9  1591.3  716.1
1534.9  704.7  1490.3  633.6
1520.9  708.2  1477.4  637.2
  -6.4  902.8   156.1  687.1
 298.1  792.4   374.4  649.9
 307.0  789.9   382.0  647.9
 461.9  660.1   482.8  595.8
 492.9  670.2   511.7  606.1
 667.8  657.2   678.0  590.9
 772.8  622.2   773.2  571.3
 835.9  616.0   833.5  565.7
 887.8  617.9   883.0  567.1
 849.8  631.1   846.5  581.1
 877.9  633.6   873.4  583.2
 902.0  635.3   896.4  584.9
 986.3  620.8   976.9  570.2
 916.4  646.0   910.2  595.5
1070.5  639.3  1057.1  588.5
1077.3  621.2  1063.6  570.3
1097.6  623.7  1082.8  572.0
1211.0  624.3  1190.5  571.6
1227.1  639.6  1205.7  586.3
1226.4  646.3  1205.2  592.8
1224.6  624.4  1203.4  572.1
1187.3  621.9  1168.3  571.2
1490.8  650.7  1448.5  581.5
 519.2   54.1   554.7    9.0
  69.5  804.4   208.9  617.3
  90.2  804.7   225.1  619.2
 482.3  625.7   502.9  561.9
 459.0  603.1   481.5  539.4
 536.1  616.1   559.5  541.5
 630.9  614.6   645.0  546.9
 768.4  604.0   769.1  553.8
 766.9  581.6   767.7  531.9
 755.4  610.2   756.9  558.7
 755.4  611.3   757.2  558.9
 812.4  594.6   811.0  545.0
 780.1  607.1   780.1  557.2
 845.3  597.7   842.7  546.9
 842.4  586.7   839.9  536.3
 892.5  615.1   887.5  564.5
 961.1  596.3   952.9  545.9
 984.6  614.7   975.3  564.1
 955.1  595.7   947.3  545.5
 962.9  583.3   954.6  533.1
 970.6  595.9   962.0  545.3
 947.7  599.5   940.2  549.3
 990.0  613.2   980.4  562.2
1041.5  593.5  1029.5  543.2
1057.2  613.0  1044.5  562.0
1091.5  594.7  1077.0  544.1
1092.1  600.3  1077.6  549.4
1089.4  579.8  1075.0  529.1
1118.5  582.2  1102.6  530.9
1093.5  581.9  1078.8  529.5
1221.3  582.6  1200.2  531.8
1221.7  591.5  1200.6  540.2
1673.9  751.1  1580.9  611.4
1761.6  813.6  1644.1  645.5
 297.1  656.5   355.4  553.9
 278.2  682.3   363.9  543.0
 333.6  704.9   403.3  575.9
 334.8  698.8   404.5  570.5
 541.8  606.7   565.8  530.7
 648.1  560.9   661.3  495.8
 721.4  567.2   725.2  515.6
 769.1  570.0   770.0  520.3
 759.6  569.2   761.0  519.3
 811.1  527.0   810.3  478.1
 800.1  530.9   799.8  482.0
 893.1  557.6   888.2  508.3
 981.1  558.5   972.0  508.4
 947.2  551.9   939.8  502.0
1052.4  569.1  1039.8  518.6
1048.8  562.2  1036.3  512.0
1056.4  563.5  1043.6  513.2
1061.0  562.8  1047.9  512.5
1099.2  540.1  1084.1  489.9
1100.0  548.8  1084.9  498.5
1098.8  528.0  1083.7  478.4
1157.2  532.1  1139.0  481.7
1163.8  537.2  1145.4  487.1
1160.9  545.9  1142.7  495.7
1161.7  556.7  1143.3  504.6
1172.2  541.6  1153.4  491.5
1168.0  552.5  1149.4  502.2
1298.6  554.1  1269.8  492.3
1394.5  617.2  1355.2  541.0
1829.5  742.4  1696.6  577.2
1810.2  714.3  1682.4  556.2
1837.6  736.2  1702.7  571.1
 157.5  712.6   271.7  553.5
 391.7  615.3   448.1  506.6
 601.8  526.3   620.2  458.7
 526.9  530.5   554.5  455.5
 633.8  524.9   649.6  458.3
 675.4  548.2   686.2  485.5
 691.4  540.9   700.3  481.0
 689.7  530.8   698.7  471.5
 725.1  489.9   729.4  439.8
 773.5  493.7   774.8  445.3
 772.8  484.2   774.2  436.3
 790.0  515.7   790.2  467.7
 768.0  518.5   769.0  470.9
 897.3  522.7   892.4  473.6
 887.7  520.8   883.2  471.9
 896.5  496.6   891.7  448.0
 926.1  507.9   919.9  459.0
 943.1  507.2   936.0  458.1
 912.8  511.6   907.2  462.6
 906.8  500.5   901.6  451.5
1070.3  482.9  1056.6  433.9
 990.9  508.4   981.4  458.6
1084.8  509.1  1070.4  459.4
1098.6  517.7  1083.5  468.0
1077.8  492.1  1063.8  443.0
1102.1  509.8  1086.7  459.7
1224.5  494.4  1202.7  445.7
1192.2  487.3  1171.8  437.1
1281.1  493.7  1254.9  440.6
1275.8  509.3  1249.8  454.8
1310.1  545.7  1280.4  484.2
1516.8  561.9  1467.0  488.0
1802.5  659.3  1677.4  511.3
1769.1  646.6  1652.4  504.9
1773.4  688.1  1656.1  540.6
 281.5  573.0   364.6  449.9
 304.3  579.0   385.4  454.2
 605.0  507.5   623.4  440.8
 699.3  481.3   707.0  426.6
 792.1  444.5   792.9  397.3
 774.8  446.1   776.8  397.7
 827.4  442.7   826.4  395.2
 827.8  454.2   826.7  406.6
 819.3  467.1   818.5  419.2
 931.9  469.7   925.5  421.8
 929.0  472.2   922.7  423.9
 934.2  448.3   927.5  402.4
1066.1  479.3  1052.6  430.3
1061.8  472.4  1048.6  424.6
1070.6  481.9  1056.9  433.2
 989.4  480.6   980.0  432.1
 989.4  475.7   979.9  427.2
 997.4  476.3   987.6  427.9
1005.4  458.4   995.1  412.4
 996.7  456.6   986.8  411.2
1011.5  458.9  1000.9  412.8
1172.9  459.1  1153.5  410.5
1321.8  498.9  1291.1  439.7
1279.6  485.6  1253.3  432.6
1790.2  640.9  1668.1  496.9
1862.9  649.5  1721.6  494.5
  11.8  564.7   152.5  421.1
  70.1  576.3   202.1  431.2
  31.4  580.1   169.6  434.0
  30.2  590.7   168.7  442.8
 180.0  552.8   289.2  418.1
 274.7  523.7   360.4  404.8
 269.3  557.1   355.4  434.4
 256.6  558.6   345.2  434.6
 718.1  430.6   723.6  381.3
 767.8  415.6   770.2  368.3
 783.3  423.8   784.7  376.9
 784.4  401.3   786.0  354.7
 937.1  421.2   930.3  376.2
1062.8  428.8  1049.5  384.0
1198.9  422.3  1177.8  374.2
1348.0  445.0  1307.9  370.5
1543.7  507.2  1476.7  413.0
1564.1  488.3  1494.1  394.8
1882.1  547.4  1734.8  405.0
1892.7  563.7  1742.6  417.6
  20.3  526.0   161.9  386.2
 460.5  426.5   506.5  341.3
 567.0  401.7   595.6  329.8
 570.9  427.9   599.0  354.2
 555.0  401.4   585.0  328.9
 654.9  387.7   675.8  317.5
 628.4  396.1   651.7  325.0
 912.2  398.9   910.0  333.6
1257.3  377.5  1227.0  314.0
1347.6  412.8  1307.3  340.6
1318.7  420.3  1281.7  349.2
1393.1  434.7  1347.7  358.8
1590.7  447.5  1512.8  351.7
1588.6  442.2  1515.2  352.8
1869.4  494.6  1726.1  362.4
1904.1  501.8  1751.7  365.0
1909.5  487.5  1756.7  353.6
 187.7  446.9   295.0  327.7
 467.4  367.2   509.4  292.1
 429.8  386.7   480.3  303.7
 521.1  368.8   556.3  296.0
 673.3  379.0   692.1  310.7
 788.3  338.5   796.0  277.5
 786.6  328.4   794.3  268.4
 792.0  329.7   799.4  269.4
 794.9  338.1   802.2  276.8
 708.6  378.6   723.3  313.0
 717.2  339.5   731.0  277.4
 803.1  329.3   809.7  268.8
 868.1  331.3   869.5  270.8
 886.2  332.1   886.2  271.4
 905.5  333.0   903.9  272.3
1028.8  337.7  1017.3  275.7
1009.7  343.4   999.7  281.8
1025.7  330.3  1014.4  268.5
1138.2  345.7  1117.5  283.5
1145.6  346.2  1124.4  284.1
1080.9  341.7  1065.1  280.1
1223.6  351.1  1195.9  288.7
1214.6  349.7  1187.6  287.3
1234.9  351.0  1206.2  288.3
1184.6  348.5  1160.1  286.2
1262.8  353.5  1231.8  290.9
1314.2  380.5  1278.0  313.7
1362.9  378.0  1319.5  305.4
1392.0  371.5  1345.4  298.7
1522.9  392.7  1461.8  315.9
1527.1  380.7  1465.6  305.1
1517.8  359.5  1455.7  283.6
1547.3  381.4  1482.6  304.0
1474.6  359.0  1419.8  287.6
1848.0  432.7  1712.6  314.2
1847.6  439.1  1713.3  320.6
  42.7  398.7   194.0  268.2
  33.0  406.8   185.7  275.2
  50.8  433.2   197.8  299.5
  82.9  420.4   224.1  289.3
 198.7  378.7   303.3  270.0
 485.3  315.4   525.5  245.1
 500.9  337.1   538.0  266.9
 514.9  306.2   550.0  239.8
 508.2  334.6   544.7  264.6
 523.2  300.6   557.3  234.9
 515.7  299.6   550.8  233.5
 702.5  295.6   719.2  233.4
 648.0  318.4   671.0  251.3
 744.2  305.1   756.3  244.6
 743.9  311.5   756.1  250.3
 710.0  277.1   725.3  217.8
 841.7  295.3   846.0  234.9
 977.2  328.4   970.1  265.8
 971.8  326.6   965.0  265.1
 987.9  328.5   979.8  265.8
1011.2  283.3  1001.2  223.3
1010.8  291.1  1000.8  231.1
1229.5  287.9  1200.3  227.9
1238.7  309.5  1208.8  247.9
1303.7  286.6  1268.3  227.5
1419.6  325.1  1371.3  258.4
1429.3  333.9  1379.9  266.2
1435.6  335.7  1385.6  267.9
1531.1  321.9  1469.3  252.2
1523.6  329.7  1463.7  260.7
1536.7  310.9  1474.2  242.2
1550.6  326.9  1485.9  255.5
1558.2  321.4  1487.9  244.7
1703.7  318.4  1618.7  244.1
 198.3  314.3   303.0  214.3
 198.3  291.9   304.8  193.5
 251.7  332.5   346.8  232.0
 248.1  329.8   342.1  230.9
 238.2  315.3   335.6  216.7
 384.3  235.8   435.2  171.5
 502.2  235.2   539.7  173.4
 414.3  287.9   465.2  215.9
 708.2  277.4   723.2  219.0
 692.5  247.8   709.4  190.6
 635.8  241.0   657.5  184.2
 683.9  245.2   701.5  188.3
 796.9  265.7   804.9  207.6
 736.3  251.9   749.4  194.7
 757.2  246.4   768.9  189.1
 742.8  246.2   755.5  189.3
 706.6  232.7   722.5  176.5
 733.3  262.2   746.6  204.4
 798.6  270.7   806.5  212.4
 809.6  251.1   816.8  193.7
1016.3  276.6  1005.8  216.9
 984.9  272.9   977.2  213.5
1233.4  271.6  1203.7  212.4
1211.5  272.8  1183.7  213.1
1205.4  273.7  1178.2  214.2
1320.9  272.1  1283.4  213.1
1326.7  265.2  1288.6  206.6
1335.0  266.0  1296.0  206.9
1338.7  235.9  1298.8  178.6
1343.6  248.7  1303.5  190.7
1424.8  253.3  1376.9  194.6
1386.9  269.3  1343.1  210.1
1474.4  240.3  1421.6  182.6
1544.0  285.2  1480.0  218.1
1534.0  280.9  1472.1  215.4
1550.4  249.8  1484.7  184.9
1618.5  248.2  1542.4  180.5
1659.4  264.5  1578.8  195.2
1626.1  276.6  1549.7  206.4
1731.1  268.5  1644.0  200.2
1727.2  282.6  1645.5  217.3
 439.4  191.0   486.7  129.5
 542.4  198.0   573.3  142.8
 539.7  188.9   570.3  135.1
 576.7  199.4   603.7  145.4
 567.6  196.6   595.5  142.6
 647.4  219.5   668.4  164.0
 637.3  189.5   660.2  135.2
 637.5  203.0   659.3  148.9
 627.0  219.7   649.9  164.0
 709.5  199.5   726.4  143.8
 783.3  211.8   792.7  157.6
 875.0  201.4   875.9  150.6
 839.6  161.4   841.7  117.8
 900.0  202.6   899.1  151.2
1053.7  170.3  1040.3  127.6
1423.3  220.3  1374.8  163.5
1416.9  214.1  1369.0  157.9
1426.2  206.4  1377.3  150.8
1410.2  206.5  1362.9  150.8
1417.8  225.3  1370.1  168.4
1432.3  220.3  1382.7  163.3
1473.0  220.0  1420.0  163.6
1620.9  218.8  1543.3  153.1
1614.5  213.8  1538.0  149.0
1609.5  194.3  1531.8  130.0
1617.5  237.3  1541.9  171.2
1595.9  204.4  1522.3  141.4
1595.9  236.1  1521.8  169.1
1729.9  214.8  1639.4  149.4
1723.2  217.8  1634.1  152.5
1810.2  179.3  1721.6  125.4
1820.4  173.5  1731.5  120.6
  54.3  239.0   201.0  136.0
  93.1  197.1   228.3  103.9
 340.2  164.5   397.6  105.1
 455.1  144.6   503.4   85.5
 457.2  150.6   504.3   91.8
 440.9  135.0   489.9   77.5
 599.7  144.9   626.5   93.4
 595.4  154.9   622.4  102.8
 602.3  151.2   628.6   99.6
 593.4  138.6   620.8   87.7
 526.4  165.5   559.1  112.6
 614.6  136.1   640.2   85.4
 614.8  170.9   639.7  118.0
 801.6  159.4   806.4  116.0
 808.0  154.2   812.1  111.6
 815.1  148.2   818.4  106.6
 862.0  152.9   862.1  111.1
1052.1  148.2  1038.8  108.3
1133.0  155.9  1114.0  114.7
1152.1  108.4  1132.0   71.4
1234.0  138.3  1207.7   98.4
1199.4  151.3  1175.3  109.9
1323.0  167.1  1285.9  118.2
1428.3  161.6  1379.4  110.2
1424.0  136.9  1373.8   85.8
1429.7  137.2  1379.1   86.2
1415.6  135.7  1366.3   84.6
1483.3  173.9  1428.0  120.2
1558.8  131.3  1492.5   78.7
1484.8  159.6  1428.9  106.9
1493.9  154.8  1437.1  102.5
1539.1  150.6  1477.4   98.4
1624.7  151.7  1545.2   92.1
1623.3  181.5  1544.5  119.1
1626.3  167.3  1546.9  106.2
1631.0  140.3  1550.9   82.1
1744.1  182.0  1650.2  119.0
 339.0  105.5   399.9   49.6
 468.3  116.3   518.1   57.8
 444.7  125.3   493.8   68.4
 442.2  118.1   491.7   61.8
 442.1   85.5   492.2   32.1
 529.2   87.1   563.4   39.3
 531.4   92.2   565.4   44.0
 566.6  105.1   596.8   56.5
 565.1   99.6   596.0   50.9
 637.3  118.3   661.3   68.6
 617.9  104.6   643.9   55.9
 625.7  104.4   650.7   55.9
 635.4  104.3   659.8   55.6
 638.5   95.6   662.6   47.7
1318.0   96.8  1285.0   59.2
1421.3  109.1  1370.9   60.1
1461.5   76.4  1406.2   29.8
1536.9  119.1  1475.2   69.7
1548.4  107.3  1484.7   58.4
1548.2  113.8  1484.6   64.3
1542.7   80.3  1478.7   33.3
1526.9   96.2  1464.7   47.8
1641.4  107.0  1559.3   52.0
1681.6  133.8  1594.3   75.5
1758.2  129.6  1661.4   71.7
 588.0 1071.2   605.9  972.6
 724.2 1005.0   727.7  934.9
 855.0  917.4   851.1  859.2
 877.3  880.3   872.3  825.4
 932.1  901.6   924.8  846.2
1082.7  884.7  1069.1  829.2
 619.8  869.7   632.1  793.9
 757.2  863.1   760.3  794.1
 841.2  857.4   837.5  803.4
1054.1  851.7  1041.8  799.2
1032.3  834.8  1020.8  783.8
1235.9  828.6  1212.9  758.8
1375.9  822.1  1341.2  740.9
 706.6  761.1   713.0  694.4
 663.5  742.6   672.8  675.0
 917.7  727.7   911.1  676.9
1088.5  737.6  1074.5  685.9
1081.4  740.1  1067.8  688.6
1091.3  705.9  1077.0  652.7
1172.9  706.2  1154.8  652.7
 149.7  781.6   267.4  609.8
 790.1  695.1   789.6  641.8
 832.2  607.1   829.9  557.1
1399.5  621.2  1359.8  544.7
 612.9  535.1   630.0  468.0
 696.6  533.1   705.1  473.9
1005.1  506.6   994.8  457.0
   2.5  542.5   145.7  401.1
 722.5  446.0   727.8  395.9
1192.8  475.2  1172.4  426.1
1641.8  492.5  1557.7  391.4
1064.0  413.0  1050.6  368.4
1222.1  431.8  1199.7  383.6
 945.8  364.7   941.0  302.1
1010.3  375.6  1000.3  312.5
1286.9  394.0  1253.9  328.6
 804.6  336.2   810.9  275.6
 810.7  329.9   816.6  269.6
 995.2  298.8   986.5  238.1
1664.9  291.8  1584.2  220.2
 630.5  235.4   652.7  179.0
 692.7  237.5   709.8  180.9
 714.4  232.2   729.7  176.0
 699.7  248.1   716.0  190.9
1393.0  255.8  1348.4  197.4
1408.0  263.2  1361.9  203.9
1567.8  109.7  1500.9   59.6
1005.1   65.4   995.0   31.9
 292.2  983.3   330.3  887.7
1738.0 1014.5  1670.5  906.4
 843.7 1048.2   840.9  980.8
1133.3  986.3  1117.2  921.2
1307.4  868.4  1278.5  788.9
 598.8  486.2   618.1  420.1
1237.4 1017.9  1214.9  941.9
 957.0  809.0   948.5  758.8
 958.3  746.8   949.9  696.1
1916.9  946.3  1760.1  735.7
 248.7  493.7   341.1  374.9
1104.3  677.5  1089.4  625.3
 754.2  634.2   755.7  582.5
1221.9  628.2  1200.8  575.2
1786.4  606.3  1664.9  467.3
1523.9  464.5  1461.7  379.0
 675.2  503.8   685.6  444.6
 868.7  348.7   869.9  287.7
1891.7  487.0  1742.9  354.2
  90.5  467.9   225.7  333.4
1186.3  453.2  1166.1  404.6
  46.8  410.7   196.8  278.9
 680.6  375.0   698.8  307.1
1410.3  285.7  1364.9  226.0
 635.5  231.8   655.0  178.8
 793.8  987.9   793.1  923.5
 950.8  936.3   942.8  878.9
1357.2  826.7  1323.9  745.6
1248.8 1044.7  1225.8  967.2
1231.8 1067.9  1210.0  991.8
 379.3  594.7   437.5  487.2
1345.8  913.6  1314.8  832.7
1340.4  919.1  1309.9  838.8
 739.3 1007.4   742.0  937.2
1124.6 1014.8  1109.0  949.5
1619.4  999.1  1543.7  851.7
 590.7 1077.5   609.5  975.1
 931.0  919.1   923.8  862.9
 883.7  880.6   878.3  826.2
1030.8  820.6  1019.4  770.1
 743.6  792.4   746.6  730.1
 787.5  755.0   786.2  703.6
1284.4  805.5  1257.9  734.1
 115.8  795.9   242.2  617.4
  61.1  825.2   205.5  630.5
 796.2  712.5   794.7  662.1
 953.6  733.1   945.4  682.4
 797.3  686.3   796.3  634.3
 802.5  691.6   801.3  639.6
1080.4  676.2  1066.6  624.1
 731.3  687.4   734.2  632.1
1048.5  586.8  1036.2  536.0
1312.7  654.0  1282.4  584.2
 770.0  564.4   770.8  515.2
1003.5  512.3   993.4  462.7
1181.8  463.4  1162.0  414.6
1215.1  428.4  1193.2  380.8
 713.3  373.4   727.2  309.1
 334.8  153.1   393.4   94.3
 509.2  345.8   545.6  274.8
 996.7  289.2   988.0  228.9
1554.4  116.1  1490.0   66.2
 245.4  355.1   340.0  252.7
 734.3  858.0   738.4  790.0
1310.5  676.2  1280.4  605.1
1299.5  569.6  1270.8  507.7
 547.8  553.0   572.9  478.1
 606.4  158.3   632.3  106.0
1593.1  993.6  1520.6  847.5
 833.9  924.2   831.0  865.2
 857.0  942.8   853.1  883.3
 925.7  953.8   918.8  894.3
 957.2  938.5   948.9  880.5
 962.4  938.1   954.0  880.4
1079.1  927.7  1065.6  868.7
 841.4  897.4   838.0  840.6
 833.5  908.1   830.3  851.4
 842.5  867.5   838.9  812.8
 880.3  892.1   875.1  836.8
1066.2  872.4  1053.4  818.3
1215.5  885.4  1193.9  814.1
1207.9  878.9  1186.7  807.8
1394.6  885.4  1360.9  807.6
1709.6  909.6  1606.2  739.5
 671.8  824.6   680.1  754.6
 711.0  851.5   716.4  783.3
 733.5  865.7   737.6  797.1
 836.4  849.6   832.8  796.3
 794.8  861.6   793.5  805.2
 860.2  850.2   855.6  797.6
1059.5  845.4  1047.0  794.9
1059.2  846.6  1046.7  794.5
1119.6  855.5  1104.5  801.2
1468.7  826.8  1431.2  754.9
 545.5  818.4   560.5  749.0
1067.0  781.5  1054.1  730.4
1211.8  806.5  1190.8  742.1
1356.9  806.3  1323.1  725.0
1511.4  786.0  1470.3  714.2
1488.2  792.7  1448.8  721.1
 451.5  767.0   471.8  699.2
 489.9  738.5   507.0  674.5
1067.9  776.0  1055.0  724.9
1142.7  755.7  1126.4  704.0
1391.2  761.2  1353.6  678.5
 911.8  728.9   905.4  678.0
 875.1  699.6   870.6  647.7
1110.6  708.2  1095.5  654.8
1101.9  708.8  1087.1  655.6
 894.1  670.8   888.9  619.3
1072.7  681.1  1059.3  628.5
 628.0  607.8   642.3  540.3
 771.8  643.0   771.9  592.6
1068.7  627.8  1055.4  576.5
1091.8  606.9  1077.3  555.7
1109.8  606.0  1094.4  554.4
 557.9  573.9   581.5  498.9
 541.6  570.9   566.8  495.5
 755.1  597.8   756.7  547.0
 998.9  576.6   988.9  526.5
 553.7  557.0   578.4  481.8
 603.6  539.5   620.9  472.9
 617.6  529.3   634.5  462.3
 803.4  519.1   803.0  470.5
 883.9  526.9   879.6  477.7
1011.5  554.9  1001.0  504.8
 908.7  488.7   903.3  440.3
1170.5  504.7  1151.5  455.1
1460.0  473.5  1408.4  394.3
1672.4  473.5  1585.5  375.7
1433.1  446.2  1383.7  368.8
1680.1  455.5  1593.7  361.6
1340.7  408.1  1301.2  336.8
1399.4  410.7  1352.4  334.8
1456.0  424.4  1394.8  332.0
1069.2  384.0  1054.4  319.9
1152.8  360.4  1131.2  298.4
1160.7  365.8  1138.5  303.5
1156.3  345.7  1134.2  283.7
1234.0  351.4  1205.4  289.0
 504.5  312.4   541.2  244.5
 484.2  304.4   524.4  235.2
 663.5  324.4   685.0  257.1
 749.7  328.5   760.4  268.2
 750.4  341.0   761.0  279.9
1338.8  340.9  1298.6  273.7
1417.9  331.0  1369.9  264.2
1535.7  331.1  1473.4  260.4
1626.5  337.8  1550.1  261.3
 712.9  289.5   727.9  229.5
 784.9  263.0   794.1  204.7
 893.7  297.4   893.6  236.9
 899.8  297.5   899.2  237.0
 905.5  297.3   904.5  236.8
 910.6  297.6   909.2  237.0
 989.2  277.9   981.1  218.4
 985.9  285.6   978.0  225.8
 966.7  264.1   960.5  205.6
 989.9  272.2   981.7  213.0
 984.4  271.1   976.8  211.8
1018.2  268.1  1007.6  208.9
1214.3  279.8  1186.3  219.6
1174.2  287.6  1150.0  228.0
1404.2  258.3  1358.5  199.5
 391.8  227.0   442.5  163.0
 636.8  244.2   658.4  187.2
 630.0  240.4   652.1  183.7
1024.4  256.8  1013.2  197.8
1116.8  228.8  1097.8  175.2
 505.3  190.0   542.9  132.0
 546.1  205.3   576.5  149.7
 659.9  206.0   680.2  151.2
 649.1  176.3   671.0  123.0
1341.0  189.0  1301.4  136.8
1453.6  199.7  1401.9  144.5
 436.3  119.9   486.6   63.2
 598.2  136.5   625.1   85.8
 626.2  162.6   650.2  110.3
1017.1  166.7  1006.3  124.0
1005.6  165.7   995.7  123.1
1340.0  152.7  1301.8  105.6
1445.6  136.7  1393.1   85.5
1413.4  126.7  1363.9   76.1
 337.0   89.9   398.0   35.6
 349.3   74.7   409.8   21.6
 446.9  103.8   495.4   49.3
 510.3   75.7   546.5   28.7
 585.1  118.2   613.8   68.4
 636.9   89.2   661.8   41.2
 642.0  103.2   665.0   55.6
 862.0   80.4   861.6   44.7
 974.5   91.8   966.5   55.8
1019.7   83.6  1008.6   49.3
1159.7  116.0  1139.0   78.5
1462.7   75.3  1407.3   28.9
1466.2   88.5  1410.9   41.2
1457.4   80.9  1402.7   34.1
1536.7   79.8  1473.6   33.0
1549.3   96.5  1485.1   48.3
 517.6   65.0   553.1   19.1
 499.2   48.0   537.1    3.0
 633.7   70.8   658.8   24.5
 867.8   65.9   867.1   30.9
 987.0   50.1   978.0   17.8
 978.5   58.5   970.1   25.4
1022.2   45.9  1011.0   13.2
1047.9   61.7  1035.0   28.4
1387.7   68.6  1342.9   25.9
1327.1   37.0  1293.1    3.4
1409.3   65.9  1362.3   23.4
1410.1   50.1  1362.9    8.9
 977.5  334.6   970.2  272.5
1824.7  567.4  1693.4  429.4
 381.7  620.0   439.2  510.6
 645.3  195.2   666.8  141.3
 328.5 1056.1   363.8  956.8
 671.6  787.6   680.6  717.4
 869.7  813.7   864.6  763.8
 727.0  733.5   731.6  670.8
 839.8  570.8   837.3  521.2
 640.9  320.5   664.8  252.9
 731.3  652.8   734.5  598.0
 859.0  670.8   855.3  619.3
 906.8  673.7   901.0  622.0
1003.8  682.6   993.6  629.9
 979.8  681.1   970.7  628.6
 977.7  679.0   968.7  626.8
 979.3  672.8   970.2  620.6
1049.1  680.3  1036.7  627.8
1123.5  688.3  1107.7  635.3
1093.7  677.1  1079.3  625.1
1313.4  277.6  1276.5  218.1
1312.1  272.5  1275.3  213.3
 547.4  223.0   577.5  166.1
1628.7  934.8  1547.0  783.9
1440.7  213.3  1390.4  157.0
1468.0  195.3  1414.7  140.3
1249.9  365.6  1220.2  302.9
1165.9  113.9  1144.8   76.7
1249.6  106.2  1222.3   68.9
1478.2  182.0  1423.7  127.9
 864.3  920.8   859.9  862.7
 750.6  582.8   752.6  531.7
 436.4  180.4   485.0  119.0
 932.5  455.0   925.9  408.8
1180.3  213.6  1156.0  161.5
 665.6  827.3   675.2  754.1
 653.2 1039.5   664.5  951.5
1081.7 1031.7  1068.1  965.3
 969.3  972.0   960.6  911.9
 919.2  983.4   912.7  921.5
1618.1  954.2  1540.7  807.5
1162.1  947.1  1144.5  881.8
1081.2  889.7  1067.7  833.9
1361.2  799.1  1327.1  717.9
 304.2 1093.0   342.8  988.1
 757.6  625.9   758.9  574.3
1074.5  612.9  1060.9  562.3
1658.5  290.4  1578.3  218.6
1090.8  610.4  1076.4  559.6
 906.3  523.9   901.0  474.8
  64.0  519.9   198.9  381.2
1098.0  506.6  1082.9  457.1
 612.2  529.3   629.6  462.2
 936.2  412.9   929.4  368.1
 928.2  427.3   921.8  382.0
 690.5  410.8   707.1  341.6
  10.5  246.4   170.9  138.4
1037.6  290.2  1025.3  230.1
1681.3  143.6  1594.0   84.1
1616.1  194.8  1537.8  130.6
1089.2  885.7  1075.3  830.1
 749.6  853.7   753.0  785.4
 875.2  736.5   870.3  685.6
1204.8  464.9  1183.7  416.0
 705.1  294.7   720.4  234.9
1694.6   85.2  1603.4   31.0
 471.8  747.9   490.2  682.7
 356.3  174.2   412.7  113.4
1396.5   77.9  1351.4   34.9
 326.3  862.0   390.4  726.3
 680.9 1049.6   686.9  975.5
1054.0  776.0  1041.6  724.9
  91.2  797.4   225.4  613.7
 249.7  721.1   341.9  573.0
 668.8  793.3   677.8  723.2
 872.5  833.5   867.3  782.5
1012.3  677.5  1001.6  625.4
1062.1  273.3  1047.7  214.0
1402.0  269.9  1356.7  210.5
1568.4   89.3  1500.9   40.9
 809.1   94.1   812.3   57.3
 999.6   60.1   989.8   26.9
 675.3 1072.5   682.1  995.5
 403.8  990.1   446.8  868.4
 596.7  854.4   609.7  781.1
1318.6  865.4  1288.8  785.3
1246.0 1065.6  1223.2  987.8
1194.6  890.2  1174.1  818.5
 346.9  156.2   404.0   97.3
 748.4  866.7   751.8  798.0
1197.7  716.3  1178.1  660.5
 737.6  448.0   741.5  399.4
1087.6  268.0  1071.0  209.4
 701.6  910.8   708.2  836.9
 247.9  816.9   270.0  759.4
  99.8  468.4   232.8  334.5
1182.4  236.6  1157.7  182.0
 941.0  678.6   933.6  626.6
1367.5  442.2  1325.3  367.2
 982.0  788.9   972.7  736.3
1254.6 1084.1  1231.0 1003.3
 836.0  668.5   833.4  617.1
1260.9  726.4  1236.0  660.4
1775.7  731.5  1661.5  582.9
1540.5  268.6  1477.3  203.5
 702.5  979.1   707.6  907.7
1295.6  871.5  1267.7  792.9
 960.3  795.8   951.7  745.4
 744.8  662.5   747.4  607.1
1239.0  665.4  1216.5  608.3
 505.4  253.4   542.2  190.5
1390.4  218.4  1345.2  162.1
 338.2  125.6   398.1   68.4
 834.9  508.5   833.1  459.8
 925.4  476.2   919.2  428.0
 997.5  512.0   987.6  462.3
1373.2  427.5  1330.0  353.0
1008.8  158.7   998.6  117.0
 603.5  872.1   617.5  794.2
 539.3  518.6   566.0  444.4
1564.5  542.5  1493.2  441.2
1640.6  992.5  1562.2  845.2
 190.5  296.9   297.5  198.3
 728.3  184.9   742.6  132.4
 860.7  666.5   856.9  615.1
1300.8  165.0  1267.4  119.5
1098.3   78.3  1081.9   43.2
 116.5  294.2   244.0  188.9
1044.0  291.0  1031.2  231.0
