 992.4  870.2   976.2 1073.2
1022.1  870.1  1010.3 1072.9
1092.9  879.0  1091.7 1084.7
 867.7  846.6   832.3 1050.0
 859.3  836.1   822.2 1039.9
 917.0  860.5   889.4 1063.1
 865.1  822.0   829.6 1019.3
 939.9  865.5   916.0 1067.2
 944.0  853.2   920.6 1053.5
 953.5  855.6   931.5 1056.1
1035.9  854.9  1026.1 1053.1
1002.6  831.9   988.0 1021.4
1033.9  843.4  1023.7 1038.6
1141.3  856.1  1147.6 1064.2
1131.7  855.5  1136.3 1060.7
1119.5  859.5  1122.3 1066.0
1143.8  861.6  1150.5 1070.6
1230.8  841.4  1253.1 1063.8
1258.7  850.2  1287.1 1082.4
 852.9  796.2   816.0  987.3
 872.8  795.1   839.1  983.6
 875.1  810.5   841.7 1001.9
 859.0  786.7   823.2  974.9
 863.4  799.9   828.0  991.5
 945.7  797.8   923.3  979.2
1034.6  792.1  1024.4  971.9
1036.5  797.6  1026.5  978.9
 999.6  820.2   984.6 1007.9
1104.5  789.6  1104.1  975.0
1080.2  819.3  1076.6 1009.9
1119.7  797.1  1121.7  987.0
1093.0  801.5  1091.1  989.8
1310.0  794.5  1358.1 1067.7
1347.4  804.0  1399.1 1060.7
1345.2  790.1  1396.1 1042.9
 903.7  750.6   875.8  921.7
 915.1  768.6   888.7  943.8
 879.5  767.0   847.7  945.0
 947.7  768.7   925.8  942.6
1050.1  755.9  1041.8  928.2
1045.4  768.8  1036.6  941.8
1101.9  764.0  1100.8  942.0
1111.0  771.6  1111.3  952.6
1090.4  771.3  1087.8  949.6
1096.8  764.7  1095.0  941.8
1096.8  759.5  1094.9  935.8
1120.6  739.0  1121.8  912.8
1189.8  748.9  1206.8  976.5
1192.4  745.7  1209.8  971.4
1315.5  758.2  1361.7 1011.7
 669.8  705.0   581.2  949.2
 698.2  713.4   615.9  958.0
 756.4  718.4   692.5  941.8
 691.8  693.0   605.6  940.4
 757.4  703.5   694.3  922.2
 764.7  728.6   703.2  951.5
 704.9  715.7   623.6  962.0
 788.4  725.5   731.0  948.7
 901.0  733.1   873.0  900.4
 907.7  701.2   879.9  867.4
 920.5  719.5   895.1  883.7
 931.4  711.4   907.4  874.5
 963.0  723.1   943.3  886.6
 953.7  730.3   932.9  893.8
1032.0  715.4  1021.1  879.6
1042.0  717.1  1032.4  881.1
1099.5  714.0  1097.5  878.9
1115.7  724.8  1116.0  894.3
1110.3  705.5  1109.8  873.3
1222.7  701.9  1245.6  921.5
1227.9  729.7  1252.1  955.4
1204.1  702.2  1222.5  915.0
1350.3  733.2  1404.0  983.7
 687.2  682.5   599.7  928.5
 720.4  676.4   644.3  908.5
 716.9  662.4   639.6  892.7
 824.0  656.0   783.8  820.7
 826.1  661.6   786.3  826.4
 898.7  651.6   868.7  816.0
 878.0  650.0   845.0  814.8
 883.3  656.3   851.1  821.7
 976.2  647.7   956.8  813.3
 937.6  666.1   913.2  830.7
1004.7  664.8   989.5  831.4
 999.1  682.0   983.4  846.8
1051.0  659.7  1042.1  825.8
1066.1  648.1  1059.2  814.8
1143.4  657.5  1147.5  824.1
1118.8  668.9  1119.3  834.7
1126.7  652.4  1128.3  817.6
1075.9  664.4  1070.6  830.1
1108.7  666.4  1107.9  832.7
1159.1  647.6  1165.5  814.6
1284.0  666.3  1322.2  898.7
1304.5  677.4  1350.2  925.0
1271.0  680.6  1306.3  914.4
1232.6  653.2  1258.1  870.7
1240.9  661.0  1268.6  883.5
 709.3  631.5   629.0  859.5
 735.6  620.0   663.7  837.0
 731.6  644.5   656.8  872.6
 710.7  622.7   631.5  846.7
 727.4  631.8   653.3  852.6
 821.3  626.0   779.3  791.6
 858.3  633.9   822.1  798.6
 894.4  641.8   863.5  806.5
 896.3  636.7   865.3  802.1
 868.3  634.5   833.6  798.8
 984.0  632.3   965.3  798.7
 983.4  646.9   965.0  812.4
1005.5  643.5   990.1  809.2
1097.8  638.2  1095.4  805.1
1139.8  647.3  1143.2  812.2
1093.5  606.4  1090.6  775.5
1084.7  605.1  1080.4  774.4
1104.7  637.9  1103.4  804.9
1167.4  634.6  1175.0  801.1
1163.6  605.2  1171.5  777.8
1240.9  639.3  1268.6  858.4
1339.6  612.4  1399.0  869.5
1430.1  622.5  1496.1  842.0
 485.6  598.2   224.5 1039.0
 628.8  585.7   528.8  811.1
 755.5  586.8   689.2  791.9
 838.7  566.9   796.3  735.2
 903.6  567.8   871.4  735.1
 890.7  568.1   856.4  736.4
 887.9  564.0   853.3  730.8
 998.4  579.4   980.8  749.4
 925.2  568.7   896.3  736.3
1099.2  576.6  1097.0  745.0
1147.3  577.7  1152.5  746.3
1078.1  582.9  1072.8  753.8
1142.2  578.2  1146.6  747.1
1221.0  582.3  1240.6  769.8
1220.8  576.8  1240.3  763.1
1182.2  582.6  1192.9  752.9
1222.2  588.5  1242.2  777.0
1223.3  563.2  1243.1  746.5
1191.9  568.2  1203.8  735.0
1224.0  567.3  1243.9  751.3
1463.9  586.6  1540.8  809.5
1444.0  597.4  1514.4  816.5
1469.9  590.0  1548.2  813.7
1482.2  568.3  1564.7  791.6
1470.1  571.9  1549.7  795.2
 534.6  535.7   416.4  747.5
 659.4  546.9   551.6  795.5
 778.3  560.2   720.2  747.6
 907.4  518.9   874.5  684.8
 872.4  533.4   834.9  697.5
 898.0  535.2   864.3  700.1
 919.9  536.9   889.7  701.7
 973.5  548.7   951.9  713.4
 958.3  547.1   934.1  713.4
 954.4  546.4   929.2  716.1
 966.2  547.2   943.2  714.1
 925.3  537.3   895.9  702.6
 940.9  546.3   914.1  712.1
 933.0  547.3   905.0  712.4
1079.4  521.9  1073.9  686.9
1097.8  523.0  1095.3  690.1
1107.4  537.8  1106.4  704.6
1200.5  521.7  1214.9  691.1
1215.1  535.8  1231.9  707.1
1214.6  542.1  1231.2  713.8
1212.9  522.6  1229.1  690.6
 554.2  502.6   437.1  712.6
 612.9  473.7   486.5  717.2
 799.1  506.1   748.5  671.3
 798.0  484.8   746.6  648.4
 787.9  509.8   734.4  679.2
 788.5  509.2   734.1  681.4
 863.9  479.5   823.1  642.4
 866.6  488.7   826.2  653.5
 974.0  498.0   951.4  662.3
 968.6  497.7   945.2  661.7
 975.7  485.5   953.1  649.1
 976.9  494.2   954.8  658.2
 982.7  497.3   961.4  662.1
1061.2  513.5  1052.8  679.0
1092.3  496.1  1088.7  660.0
1092.8  501.0  1089.4  666.0
1116.6  482.3  1117.2  648.2
1094.0  480.0  1090.9  649.4
1187.3  505.8  1199.1  671.0
1209.8  483.7  1225.3  647.2
1155.3  509.9  1161.8  674.5
1200.0  506.4  1214.0  672.6
 756.6  458.1   689.8  640.2
 710.5  464.6   621.2  679.5
 758.6  467.0   697.5  636.6
 791.8  472.2   738.6  636.2
 813.2  466.4   764.0  627.9
 838.9  431.9   792.3  592.6
 992.3  461.0   972.1  624.1
 961.8  454.8   936.3  617.6
 985.6  456.6   964.2  619.0
1056.8  470.8  1047.3  634.7
1053.5  464.5  1043.5  627.6
1060.4  465.5  1051.5  628.9
1099.0  442.5  1096.5  605.1
1099.8  450.9  1097.4  613.9
1098.6  431.4  1096.0  592.5
1154.8  448.2  1161.7  610.4
1155.3  455.4  1162.8  623.6
1196.2  436.8  1210.5  600.4
1165.0  443.9  1173.6  606.2
1161.2  454.4  1169.1  617.2
1281.7  452.7  1320.6  654.1
 539.6  417.1   378.1  669.1
 611.6  388.7   470.8  633.1
 726.9  427.8   641.9  632.6
 737.5  416.8   658.6  610.6
 805.0  391.3   751.3  549.1
 819.7  422.4   770.2  580.5
 799.4  426.0   747.2  582.8
 916.8  427.3   883.3  587.9
 908.1  425.8   873.1  585.9
 862.1  420.9   818.5  583.1
 996.0  416.5   975.5  578.7
 943.0  412.8   913.5  572.9
 930.9  416.5   899.5  576.7
 925.7  405.4   893.0  565.8
1001.9  415.8   982.6  576.9
1086.0  412.3  1081.1  574.0
1098.5  421.1  1095.8  582.3
1079.7  396.6  1073.7  556.3
1087.3  422.2  1082.7  584.0
1101.5  412.4  1099.4  574.9
1206.0  396.3  1221.9  554.9
1260.7  390.6  1289.7  561.6
1255.8  403.5  1284.5  579.0
1283.8  427.0  1323.1  623.9
 671.5  380.5   561.3  598.3
 732.2  363.7   651.6  547.2
 735.0  343.7   649.3  534.9
 734.5  371.8   652.5  561.4
 729.6  374.2   648.6  559.6
 823.1  353.1   771.0  508.6
 855.0  362.2   808.9  518.3
 948.4  376.8   919.3  533.5
 945.9  378.4   916.1  536.7
1069.1  384.1  1061.2  543.6
1065.3  379.4  1056.6  535.3
1259.2  382.6  1288.2  553.6
 758.9  335.8   691.0  497.8
 952.9  333.8   924.6  481.7
 644.0  266.1   493.9  502.5
 754.1  269.3   652.0  484.5
 726.0  256.3   605.8  485.0
1280.8  285.3  1339.5  514.3
1477.8  280.4  1623.6  545.9
 579.3  228.3   389.4  473.8
 557.5  234.3   338.8  505.6
 619.9  233.6   452.5  471.4
 740.2  251.0   627.1  473.5
1004.9  218.0   977.2  419.4
1202.1  232.1  1233.1  434.6
1227.4  232.6  1266.0  435.9
1211.6  231.5  1245.6  434.9
1218.8  232.9  1254.6  435.6
1169.1  229.9  1190.4  432.1
1202.4  226.7  1233.7  429.1
1277.5  253.2  1333.8  469.4
1243.2  226.8  1286.4  428.3
1337.5  233.8  1423.9  469.2
1443.2  247.6  1571.8  495.2
1446.7  237.8  1576.2  481.7
1405.7  223.6  1515.5  454.6
 491.3  180.7   269.1  408.8
 593.7  185.8   409.5  415.5
 603.5  207.1   429.6  436.6
 613.6  183.2   446.5  400.6
 609.6  205.0   437.8  433.8
 620.0  179.0   456.1  393.9
 680.8  168.8   542.2  374.4
 765.4  179.3   658.1  382.9
 798.1  191.5   706.2  389.4
 770.2  166.1   667.5  360.4
 989.4  210.1   956.9  410.8
1022.9  170.0   999.6  365.9
1022.4  177.6   999.3  373.8
1205.8  173.6  1240.1  369.7
1213.6  192.2  1250.3  393.0
1361.9  198.3  1452.7  414.7
1431.7  196.7  1548.0  415.3
1454.5  180.3  1586.1  403.8
1451.1  165.9  1581.0  383.9
 731.5  165.1   615.3  361.2
 767.8  168.1   666.4  359.3
 755.8  141.0   647.8  328.7
 708.6  135.2   585.1  321.9
 748.6  138.9   638.4  325.9
 709.0  129.9   585.0  315.8
 842.9  156.6   763.4  347.1
 792.2  144.9   696.5  332.5
 797.9  139.7   703.4  326.6
 820.8  157.2   734.4  347.8
 768.0  127.8   663.0  312.5
 844.3  161.1   765.5  352.4
 854.0  143.4   777.1  331.7
1023.3  159.0  1000.3  349.5
1000.9  160.8   970.5  355.1
1208.8  158.8  1244.5  352.6
1185.4  160.7  1213.7  355.0
1293.5  153.2  1356.7  346.4
1295.8  126.4  1361.1  314.7
1287.2  158.7  1348.2  352.9
1300.3  137.9  1366.4  328.2
1367.7  140.9  1456.4  333.2
1336.9  156.0  1413.9  349.7
1408.7  129.6  1511.2  319.0
1401.7  127.6  1501.9  316.5
1452.8  156.2  1582.4  369.8
1397.1  146.2  1494.5  338.7
1513.3  119.9  1684.6  341.8
1546.4  133.1  1730.8  359.7
1520.2  143.6  1692.7  372.9
 518.1  115.2   308.2  317.7
 659.9   99.4   519.0  277.2
 718.7  116.4   597.4  298.6
 713.3  120.6   590.7  303.5
 710.4  102.5   586.3  280.6
 702.0  116.3   574.6  299.3
1359.9  106.4  1448.2  291.6
1367.4   99.7  1458.5  283.4
1354.2   99.8  1440.9  283.5
1361.0  116.3  1449.0  303.5
1406.9  111.7  1509.9  297.3
1394.0  106.9  1493.7  292.3
1508.7   90.7  1681.0  304.4
1502.0   72.4  1677.7  285.0
1600.2   90.3  1812.6  305.8
 682.3   50.2   541.3  220.1
 678.4   58.9   537.0  230.7
 683.8   56.1   544.8  226.5
 677.1   45.0   534.3  213.2
 693.7   73.1   559.2  247.7
 851.7   69.6   787.7  208.1
1056.6   71.3  1043.8  205.1
1053.0   60.5  1039.3  190.3
1143.6   36.5  1151.1  161.7
1214.3   60.7  1239.9  194.8
1363.3   38.7  1457.5  209.4
1368.1   39.2  1463.7  209.5
1356.3   37.7  1448.2  208.1
1355.1   42.8  1446.9  215.4
1413.4   70.7  1522.8  248.7
1413.9   58.1  1524.9  233.7
1421.4   54.0  1534.8  228.2
1458.1   49.9  1585.6  224.0
1514.0   38.1  1694.6  236.7
1515.7   51.0  1696.1  254.0
1608.7   61.8  1830.9  270.8
1610.0   49.6  1830.8  252.2
 487.0    5.5   232.1  190.0
 568.1   16.5   351.1  202.6
 626.3    0.3   460.5  158.3
 628.0    4.6   463.1  163.9
 655.8   16.3   503.6  177.0
 662.2   20.3   512.8  181.7
 714.4   27.0   582.3  191.4
 698.7   15.3   560.3  176.6
 704.7   15.5   569.2  176.1
1360.2   14.8  1454.9  179.5
1356.6   21.1  1451.1  189.5
1464.1   18.0  1596.5  184.3
1457.9  -10.9  1591.6  148.5
1557.7   22.4  1760.7  217.5
1089.9  636.6  1086.4  803.6
1177.9  630.2  1189.0  813.2
 716.0  522.3   632.8  738.2
1014.2  410.2   996.9  571.9
1182.8  379.5  1195.2  539.0
 761.8  141.4   655.8  328.9
1341.6  143.9  1420.9  335.5
1353.9  149.7  1437.7  343.8
1128.0  108.0  1136.2  276.1
 948.3  865.3   925.5 1068.7
1024.7  857.1  1013.3 1055.3
1130.8  860.0  1135.4 1067.6
1276.3  706.0  1314.4  951.6
 667.1  360.5   553.9  576.4
1097.8  831.1  1096.9 1028.2
1219.9  853.6  1241.3 1084.5
 907.4  770.0   879.7  946.7
 968.8  710.5   949.5  874.3
1062.3  716.2  1055.4  881.1
 412.2  553.0   293.0  734.5
 970.4  647.5   950.2  812.7
 981.0  662.3   962.5  827.4
1025.1  632.0  1012.3  797.5
 847.7  566.3   806.8  733.9
1104.1  575.8  1102.7  744.3
 786.5  533.2   733.7  703.5
1210.3  525.1  1226.4  695.2
 869.9  478.1   829.8  641.8
 944.3  474.9   916.4  637.8
 950.7  470.8   923.8  634.4
 762.2  443.0   698.1  617.6
 810.7  423.4   759.1  583.7
 902.9  444.1   867.6  605.1
 993.7  389.2   972.6  547.5
1247.3  399.0  1273.7  571.3
1203.1  409.7  1218.9  571.8
1176.8  358.6  1188.2  516.4
 741.1  277.2   629.4  506.0
1572.7  131.9  1767.8  358.2
 849.6  160.3   772.3  351.5
1342.1  156.4  1421.1  350.8
1377.6  207.8  1474.3  428.3
 704.1  132.9   588.1  307.0
1223.4  107.3  1260.2  276.8
 702.3   71.2   571.1  244.6
 821.5  861.2   778.1 1072.3
1199.9  725.1  1218.1  943.8
1280.7  749.9  1320.2 1004.8
1318.6  766.4  1364.0 1014.8
 945.3  808.8   922.9  992.0
 901.7  773.6   873.1  951.7
1036.9  721.6  1026.7  885.6
1263.6  668.1  1296.3  894.0
 822.2  613.6   779.9  779.5
 812.7  621.5   766.3  798.7
 888.8  625.2   856.6  790.4
 966.2  633.7   945.1  799.2
 824.5  584.5   780.0  755.4
1082.4  574.6  1077.6  742.9
1012.4  469.9   995.7  632.9
 866.7  160.1   794.0  353.3
1012.8  415.9   995.3  577.5
1172.9  368.4  1183.5  526.8
 478.9   47.1   232.3  240.6
 582.6  272.1   410.1  513.0
 877.6  819.7   844.4 1013.6
1055.7  804.7  1048.5  989.2
 982.8  772.3   965.7  944.7
1027.2  795.7  1016.1  975.8
1067.7  772.3  1061.9  948.6
 771.9  725.2   711.7  947.5
 813.5  744.4   770.2  929.6
1199.4  714.9  1217.3  930.8
1051.4  645.4  1042.5  811.4
1039.2  644.6  1028.6  810.7
 767.1  589.7   704.7  790.1
1036.4  627.3  1025.2  793.7
1125.1  576.9  1126.9  745.4
1214.3  548.9  1230.8  720.4
1283.6  539.8  1325.1  765.3
 816.6  513.8   769.2  679.1
1174.3  526.2  1183.7  691.0
1227.5  510.1  1247.1  682.4
1196.6  471.0  1210.2  633.8
1274.9  450.0  1311.5  648.2
 904.3  449.4   869.4  610.2
1281.8  433.3  1320.5  630.8
1460.8  351.4  1619.1  674.1
 736.3  400.3   657.5  589.9
 859.4  409.2   816.5  565.4
 859.7  395.0   815.6  553.0
1042.9  415.5  1030.6  576.2
1313.4  298.5  1384.5  536.8
1285.2  280.5  1344.2  505.4
1340.0  252.0  1427.4  493.5
 613.8  242.7   446.3  481.1
 606.8  177.7   433.8  397.3
 803.0  188.8   711.7  387.9
1081.2  187.2  1076.3  385.1
 531.8  151.5   317.4  375.8
 847.6  181.3   770.3  377.7
 625.3   86.3   467.3  266.0
1016.1  112.2   991.3  280.5
1415.3   78.4  1524.7  258.2
1498.6   75.6  1672.8  289.6
 687.3   61.9   549.2  234.4
1308.9   52.1  1372.1  207.7
 661.5   14.9   506.3  179.6
 692.5   27.4   553.4  191.4
1470.6   14.6  1606.4  180.5
1483.6   -5.3  1629.0  157.9
 925.2  801.3   899.7  985.9
 771.3  731.8   710.7  956.0
1200.6  681.9  1217.7  886.8
 869.1  567.9   831.6  735.7
1071.6  262.1  1064.2  470.1
1145.2  227.6  1159.4  429.2
1520.8  193.5  1693.6  441.5
 570.9    5.6   357.4  185.7
1453.5  -11.0  1584.5  147.6
1173.8  734.8  1183.7  920.9
1117.7  729.6  1118.4  900.3
 941.9  659.2   917.9  824.1
1465.2  601.6  1540.8  823.5
 872.5  540.5   835.2  704.4
 874.0  547.1   837.4  710.0
1064.4  553.6  1056.7  719.6
1036.3  554.8  1024.3  721.5
1214.9  529.0  1231.8  700.4
 871.5  512.1   832.9  677.0
 988.8  496.2   968.6  660.0
1030.1  482.0  1016.4  645.8
1042.5  495.8  1030.9  659.5
 964.0  474.0   939.3  637.2
1083.4  468.7  1078.3  631.4
1313.8  306.2  1385.0  546.7
 963.7  412.6   937.8  572.6
 953.6  411.2   925.9  571.5
1006.2  405.7   987.4  566.6
1014.6  382.6   997.0  540.9
1116.6  243.6  1122.1  446.6
 605.8  193.6   432.9  418.1
 994.2  217.0   963.1  419.5
1027.2  165.2  1005.1  360.8
1196.9  175.0  1228.3  371.2
1330.5  152.0  1405.2  344.3
 635.8  103.0   483.8  285.4
 729.7  100.0   609.7  280.0
 470.5   34.5   214.4  227.1
 781.4   86.5   681.3  257.4
1000.1  367.9   980.3  519.0
 564.7   24.5   348.3  212.3
1335.1    2.7  1410.1  149.8
1069.7  766.1  1064.2  941.1
 774.1  566.2   716.8  750.1
 765.8  611.4   702.9  816.6
 864.2  474.2   823.3  636.9
 714.7  190.9   583.9  409.2
 815.8  640.8   773.9  805.4
 889.8  629.6   857.6  795.7
 982.1  641.7   963.4  807.2
 717.6  194.8   587.0  415.7
 827.6  564.4   783.6  732.0
 880.7  570.1   844.9  738.7
 924.2  572.6   895.1  741.7
 903.1  570.5   870.5  739.8
1012.6  579.9   997.1  750.6
 990.7  578.6   971.8  749.3
 990.3  571.0   971.3  740.5
1094.5  575.6  1091.6  743.7
1168.6  578.8  1177.0  747.4
 793.3  192.9   700.5  390.3
1275.8  164.0  1332.6  358.6
1274.7  159.4  1331.3  353.2
 636.7  117.9   485.5  304.5
1379.4  105.3  1474.8  291.0
1401.5   89.6  1505.2  271.6
1030.3  504.0  1016.9  667.8
1224.7  245.8  1261.7  449.2
1059.3   67.9  1047.1  199.1
1409.6   78.0  1516.7  257.2
 629.5  420.2   498.8  665.0
 884.5  806.7   852.6  996.5
 977.5  772.1   959.7  945.1
 991.9  664.9   975.0  830.1
1035.4  525.0  1022.9  691.0
1071.9  554.1  1065.4  720.3
 948.7  365.2   920.0  517.0
1402.9  298.0  1509.0  547.6
 718.8   99.5   595.0  279.5
1165.2  114.0  1184.8  285.9
 789.6  525.3   737.1  694.9
1538.1  211.1  1718.2  466.1
1507.5   73.0  1684.9  285.2
1319.9  704.3  1368.6  955.3
1090.7  777.2  1088.1  956.2
 785.9  720.4   727.7  943.5
 894.4  636.8   863.0  803.4
1035.6  675.3  1024.8  840.4
 947.2  464.1   919.6  626.9
1230.0  801.5  1257.0 1052.0
 272.8  673.5   139.5  862.5
 856.2  623.3   819.2  788.3
1089.3  554.6  1085.5  721.2
1122.2  557.3  1123.4  723.3
 989.2  467.1   968.5  630.6
1091.0  401.0  1086.9  560.5
 607.4   78.6   430.7  267.5
1243.5  646.4  1271.8  867.5
 890.8  733.1   861.4  900.6
 897.5  723.7   869.5  886.5
1113.5  724.9  1113.6  896.4
 967.1  574.8   944.5  744.7
1349.1  294.6  1435.5  540.0
1331.8  289.3  1411.6  531.5
1065.6  161.1  1055.7  355.0
1349.4  156.2  1430.7  350.5
1354.6  147.5  1439.1  341.9
1477.7   -4.6  1621.5  159.4
 488.1   50.0   246.5  243.7
 784.7  732.5   726.6  957.0
 775.1  354.1   712.6  514.2
1086.9  156.9  1083.7  349.0
 859.8  568.0   820.6  736.6
1242.9  599.0  1270.3  808.8
1426.2  196.5  1539.8  413.9
 742.2  839.1   679.3 1073.3
1272.4  720.9  1309.6  968.6
 945.2  573.6   919.2  743.1
 633.7  439.7   506.4  685.9
1300.4  300.1  1366.1  535.4
 988.1  215.6   955.7  414.5
 779.3  554.6   723.0  736.2
 607.4  137.5   434.1  343.6
1338.2  110.7  1418.6  296.0
 860.7  414.0   817.2  573.8
 942.5  382.7   912.4  540.4
1007.4  415.4   988.9  577.4
1019.2   78.8   997.2  218.0
 555.1  239.5   333.4  515.4
 659.0   62.4   511.6  234.9
1213.0  803.2  1232.2 1020.7
 786.4   87.2   686.6  260.2
 956.9  108.8   914.6  276.8
