 853.6  867.5   810.2 1072.8
 900.4  870.6   865.4 1076.5
1013.2  868.2   998.5 1071.9
 755.6  827.9   683.3 1070.6
 845.7  830.6   801.3 1025.8
 866.1  839.1   825.4 1035.7
 877.3  833.5   838.6 1028.1
 895.7  849.1   860.4 1046.5
 904.5  837.7   870.6 1033.6
 950.1  852.7   924.3 1050.5
 973.6  846.7   952.0 1041.6
1001.0  862.1   984.1 1061.6
1122.5  866.2  1127.0 1067.6
1108.8  849.1  1110.9 1047.2
1252.1  586.6  1291.5  793.0
 641.6  745.6   521.2 1031.3
 682.6  729.2   569.2 1023.1
 759.1  797.6   692.1 1015.3
 838.9  829.1   793.5 1022.9
 839.1  823.9   793.5 1017.8
 826.3  824.9   778.5 1018.8
 905.4  800.1   872.2  983.6
 962.8  809.0   939.6  991.4
 975.7  804.9   954.9  985.2
 956.2  819.3   931.9 1004.6
 958.3  813.9   934.5  997.1
1044.4  806.9  1035.0  989.9
1037.5  829.9  1027.0 1020.5
1068.0  818.7  1062.8 1007.4
1077.3  804.8  1073.6  990.6
1114.9  800.5  1117.9  990.6
1114.2  805.9  1117.2  997.3
 754.2  763.1   691.0  955.3
 752.8  772.9   686.6  977.2
 796.1  756.2   740.7  946.9
 884.2  781.0   847.6  959.4
 875.2  775.1   836.7  954.7
 881.0  789.5   843.4  972.2
 880.2  773.0   843.0  949.7
 870.4  760.7   831.4  935.3
1014.1  773.0   999.7  943.6
1017.6  760.1  1003.6  930.0
1047.9  782.9  1039.0  956.7
1080.9  767.1  1077.5  939.7
1205.2  738.7  1228.7  947.8
1253.4  729.0  1300.2 1003.0
1430.4  725.3  1515.8  975.1
 583.5  689.2   446.6  959.3
 583.3  681.8   462.7  913.9
 694.7  647.6   580.2  929.5
 692.4  656.1   578.2  938.0
 761.1  722.3   694.7  923.2
 787.1  723.7   731.0  903.6
 806.2  724.3   753.4  905.2
 879.4  736.7   841.9  906.6
 923.3  750.9   893.7  920.3
 933.7  753.8   905.9  923.0
 943.8  756.3   917.8  925.0
1030.0  747.7  1018.1  913.4
1000.1  730.1   983.4  887.9
1028.2  738.0  1016.0  901.1
1010.1  736.1   995.0  897.2
1018.0  744.6  1004.1  908.5
1204.8  670.3  1230.5  880.3
1202.9  718.7  1225.3  920.3
 541.0  654.3   405.4  888.7
 688.4  640.9   575.4  911.6
 919.4  687.8   890.2  836.3
 865.9  694.1   826.8  852.6
 883.6  694.5   847.7  850.7
 875.3  697.4   837.8  856.4
 948.8  701.2   924.2  851.4
1029.0  696.4  1016.9  845.2
1052.8  705.6  1044.4  860.9
1030.7  700.9  1018.8  851.2
 997.4  719.6   980.3  875.7
1091.2  685.8  1088.8  835.9
1105.2  695.2  1105.5  853.2
1070.4  695.3  1064.8  847.3
1081.4  700.7  1077.7  857.2
1088.6  703.6  1086.1  861.4
1200.5  697.9  1221.9  892.1
 910.8  660.6   880.6  801.1
 921.2  676.1   892.5  820.3
 950.5  676.8   926.4  820.0
1038.9  677.3  1028.2  819.9
1034.2  679.7  1022.8  821.3
1097.8  675.4  1096.5  825.1
1079.3  676.6  1075.1  824.0
1085.1  666.2  1081.6  811.6
1164.4  627.4  1179.6  815.5
1193.8  625.1  1215.4  814.6
1202.8  624.6  1226.3  814.1
1199.2  634.8  1222.3  828.4
1273.1  626.3  1315.3  832.9
 709.2  592.7   623.1  791.1
 730.3  569.1   645.7  771.5
 786.4  588.1   723.0  767.2
 792.6  610.5   730.8  793.6
 813.5  607.2   755.8  790.6
 914.7  614.8   884.7  750.1
 897.7  622.1   865.6  755.2
 935.9  626.8   909.7  759.5
 964.4  638.0   942.6  771.4
 939.7  637.4   914.3  770.9
 955.9  645.2   932.9  778.6
1026.9  629.8  1014.3  763.9
1035.9  631.7  1024.8  765.5
1040.1  637.6  1029.6  771.7
1087.8  628.0  1084.5  762.8
1197.5  609.6  1219.8  795.8
1162.3  598.6  1176.5  777.4
1177.5  589.6  1194.5  764.7
1233.1  568.2  1266.9  764.9
1238.7  571.0  1274.2  770.6
 615.6  468.2   432.5  777.0
 613.1  458.4   426.3  768.2
 754.0  542.5   678.1  728.9
 763.4  548.6   690.3  734.3
 888.6  565.3   853.5  698.4
 902.3  576.5   869.6  710.2
 976.9  562.5   956.0  696.4
 969.5  569.5   947.4  703.4
 969.9  574.4   948.0  708.6
 942.0  581.2   915.8  714.6
1002.5  578.7   985.7  713.9
1044.0  573.8  1034.0  708.7
1104.9  583.0  1104.6  717.9
1112.0  567.2  1112.9  701.2
1068.3  591.7  1062.1  726.6
1095.8  580.3  1094.1  715.5
1140.8  561.4  1146.6  697.0
1233.0  557.9  1265.9  748.7
1205.0  536.1  1230.3  715.1
1201.0  539.5  1225.0  716.8
1223.7  552.6  1253.5  737.0
1207.8  544.6  1233.9  726.0
1273.5  546.5  1320.2  751.6
 613.7  414.4   413.6  728.8
 607.1  435.9   412.8  744.9
 767.2  526.1   693.7  710.2
 749.2  507.2   671.3  687.2
 762.2  510.1   689.2  685.3
 766.4  512.8   694.2  689.4
 838.2  541.2   793.9  674.4
 870.4  543.4   831.4  677.3
 903.4  557.3   870.5  690.1
 905.3  551.7   872.4  685.2
 972.3  554.4   950.5  687.9
 977.3  545.7   956.2  679.7
 990.7  546.0   971.8  680.1
 966.8  558.2   944.1  692.2
1031.4  539.4  1019.2  674.2
1123.7  562.4  1126.5  696.0
1099.3  553.8  1098.4  689.0
1092.1  551.9  1090.0  687.2
1140.8  543.0  1146.9  678.7
1148.2  548.9  1155.3  683.8
1144.0  516.6  1151.6  656.1
 511.3  321.7   118.1  773.1
 657.6  460.2   558.5  629.1
 666.0  491.9   572.0  661.6
 786.4  481.7   720.3  646.0
 855.4  481.7   811.2  615.9
 901.7  483.0   865.9  617.2
 899.1  479.8   862.9  612.6
 997.3  493.0   978.8  629.2
1033.2  487.1  1021.0  622.0
1054.8  495.8  1046.6  632.2
1129.6  492.2  1134.6  627.4
1125.0  492.5  1129.2  628.0
1160.4  495.9  1171.0  632.9
1508.6  325.1  1813.9  754.6
 516.2  288.9   135.1  706.2
 758.1  420.7   678.0  590.9
 875.1  436.0   833.5  565.7
 889.5  435.4   850.3  566.6
 975.3  466.0   952.7  596.8
 961.8  463.6   936.7  595.7
 968.9  463.3   945.0  595.9
 946.4  463.0   918.5  594.7
 939.3  464.4   910.2  595.5
1003.6  440.4   985.8  570.6
1069.2  439.8  1063.6  570.3
1085.4  439.8  1082.8  572.0
1175.7  437.2  1190.5  571.6
1188.2  455.8  1205.2  592.8
1233.9  445.0  1269.7  620.8
1376.1  409.0  1448.5  581.5
1498.5  303.5  1787.9  706.0
1508.2  302.9  1803.4  704.1
 594.6  284.5   346.0  594.2
 821.4  424.3   769.1  553.8
 820.7  404.5   767.7  531.9
 812.0  425.5   756.9  558.7
 812.9  423.5   757.2  558.9
 848.7  423.1   801.7  551.9
 856.5  417.5   811.0  545.0
 830.3  428.3   780.1  557.2
 879.0  399.6   837.1  526.6
 883.7  416.5   842.7  546.9
 881.4  407.5   839.9  536.3
 920.8  434.1   887.5  564.5
 976.1  417.0   952.9  545.9
 994.8  434.3   975.3  564.1
 971.3  416.8   947.3  545.5
 977.7  405.2   954.6  533.1
 978.7  413.4   956.0  542.0
 983.8  415.9   962.0  545.3
 965.3  420.7   940.2  549.3
1053.1  431.3  1044.5  562.0
1081.7  409.6  1078.5  539.1
1081.0  419.5  1077.6  549.4
1078.7  400.5  1075.0  529.1
1130.9  431.4  1136.6  560.9
1101.8  400.9  1102.6  530.9
1164.3  424.1  1176.6  554.4
1183.9  403.4  1200.2  531.8
1184.1  410.1  1200.6  540.2
1230.4  375.0  1266.7  539.2
1369.8  402.0  1441.8  575.2
1372.5  397.2  1445.2  569.4
1403.0  302.9  1555.8  576.5
 815.7  392.0   761.0  519.3
 857.9  354.7   810.3  478.1
 848.9  358.7   799.8  482.0
 903.7  362.3   865.1  488.7
 965.7  375.9   939.8  502.0
 986.6  377.8   964.9  503.7
1052.4  385.9  1043.6  513.2
1056.0  385.2  1047.9  512.5
1086.2  364.1  1084.1  489.9
1086.9  372.1  1084.9  498.5
1072.7  358.9  1067.9  483.9
1131.8  355.4  1139.0  481.7
1137.3  361.7  1145.4  487.1
1224.2  354.6  1258.8  513.0
1453.2  248.2  1668.8  552.8
1517.7  242.0  1805.6  586.9
 486.0  212.4   129.8  530.4
 698.5  275.4   577.2  454.7
 681.4  275.9   554.5  455.5
 775.5  323.7   698.7  471.5
 793.6  315.2   729.4  439.8
 878.7  343.3   834.5  467.4
 996.0  339.2   975.6  463.4
 963.0  335.6   936.0  458.1
 938.9  340.1   907.2  462.6
 934.6  329.3   901.6  451.5
1073.9  348.1  1069.4  472.4
1088.2  335.2  1086.7  459.7
1078.5  325.7  1075.2  449.6
1179.7  346.1  1196.8  471.4
1225.0  310.0  1254.9  440.6
1241.8  332.3  1280.4  484.2
1513.3  196.1  1798.5  512.1
1547.1  201.0  1854.4  521.1
 726.1  278.7   623.4  440.8
 771.4  277.8   693.0  415.1
 845.5  281.5   792.9  397.3
 873.4  279.1   826.4  395.2
 873.3  289.8   826.7  406.6
 866.3  300.8   818.5  419.2
 954.6  303.7   925.5  421.8
 952.5  304.4   922.7  423.9
 956.0  289.8   927.5  402.4
1056.6  306.8  1048.6  424.6
 999.8  312.0   980.0  432.1
1143.1  291.4  1153.5  410.5
1249.8  295.0  1291.1  439.7
1253.8  287.6  1296.4  431.5
1457.7  196.4  1679.5  476.7
1451.9  190.9  1668.9  466.3
1463.2  191.7  1683.3  463.5
1520.5  165.2  1818.6  470.0
1537.7  160.9  1845.6  461.8
 500.0  145.3   152.5  421.1
 604.3  161.4   360.4  404.8
 836.7  236.3   780.1  347.6
 958.6  267.0   930.3  376.2
1166.4  238.9  1183.0  352.5
1162.5  257.9  1177.8  374.2
1346.4  187.1  1456.3  378.9
1501.1  153.6  1787.5  451.9
1521.0  147.6  1816.7  438.4
 780.4  159.1   675.8  317.5
 780.7  181.9   678.2  345.1
 769.2  184.0   660.3  352.2
 960.0  267.1   932.0  376.5
1050.2  169.8  1041.5  311.8
1081.4  184.0  1083.3  340.8
1177.0  167.5  1209.0  313.0
1190.7  168.2  1227.0  314.0
1230.1  179.4  1280.0  331.2
 663.0  120.8   489.6  296.3
 791.1  156.5   692.1  310.7
 865.1  139.7   796.0  277.5
 863.7  133.2   794.3  268.4
 867.8  133.3   799.4  269.4
 870.0  138.6   802.2  276.8
 875.7  132.5   809.7  268.8
1032.0  135.8  1017.3  275.7
1005.5  134.1   981.9  273.3
1029.9  129.8  1014.4  268.5
1160.2  145.7  1187.6  287.3
1187.1  147.3  1223.3  289.5
1174.1  146.2  1206.2  288.3
1193.6  148.7  1231.8  290.9
1252.2  153.4  1317.9  316.3
1353.0  146.1  1461.8  315.9
1345.6  118.6  1455.7  283.6
1365.8  134.5  1482.6  304.0
 546.9   52.7   203.5  289.0
 698.0   92.9   557.3  234.9
 694.1   90.9   550.8  233.5
 837.4  110.6   756.3  244.6
 861.5  107.8   788.7  240.8
 815.5   88.5   725.3  217.8
 901.3  114.7   842.5  248.7
 967.8  124.6   931.1  263.4
 992.9  127.1   965.0  265.1
1004.2  125.6   979.8  265.8
1044.5  128.6  1033.9  267.8
1019.9   98.9  1000.8  231.1
1201.9   98.0  1245.1  229.7
1291.5  111.4  1371.3  258.4
1253.8  116.4  1323.1  271.7
1358.6  100.5  1469.3  252.2
1361.9   93.0  1474.2  242.2
1361.9   82.4  1487.9  244.7
1497.2   52.9  1759.7  267.5
 582.0   26.6   303.0  214.3
 645.1   65.7   465.2  215.9
 784.6   86.8   682.6  217.0
 812.5   67.6   720.5  190.6
 883.7   69.9   816.8  193.7
 993.9   80.4   965.7  206.3
1229.6   83.8  1283.4  213.1
1233.4   78.7  1288.6  206.6
1363.0   68.5  1478.1  210.9
1329.9   58.1  1421.6  182.6
1364.7   73.9  1480.0  218.1
1397.1   51.6  1534.9  197.1
 770.2   50.7   662.6  168.5
 768.1   35.8   659.3  148.9
 761.4   46.6   649.9  164.0
 866.1   43.0   792.7  157.6
1285.3   32.8  1362.9  150.8
1326.1   30.4  1418.9  147.9
1387.6   11.9  1522.3  141.4
1386.3   30.3  1521.8  169.1
1464.3   18.1  1634.1  152.5
 748.9   -3.9   628.6   99.6
 896.8   21.1   845.4  101.3
 911.6   24.4   862.1  111.1
1055.1   23.2  1047.0  104.8
1048.7   24.9  1038.8  108.3
1111.9   27.6  1119.8  113.0
1129.6   17.9  1142.0   99.0
1180.1   15.1  1207.7   98.4
1393.3   -7.3  1539.4  122.1
1400.7  -16.3  1546.9  106.2
 743.2  816.2   668.5 1055.5
 767.3  856.7   707.4 1063.7
 892.1  878.2   856.5 1078.7
1392.9  775.4  1478.0 1064.9
 783.4  840.0   726.6 1043.4
 704.6  710.3   605.9  972.6
 687.3  655.3   572.4  934.8
 786.1  742.5   727.7  934.9
 950.4  749.3   925.6  915.0
 978.0  748.2   957.6  913.0
1009.9  732.2   995.0  884.5
1108.0  729.2  1109.1  898.6
 904.2  676.9   872.3  825.4
 717.7  591.6   632.1  793.9
 817.5  609.2   760.3  794.1
 511.4  309.3   123.2  745.7
 815.5  580.0   756.1  765.6
1289.4  534.6  1341.2  740.9
1438.0  417.2  1607.9  745.3
 781.3  518.5   713.0  694.4
 766.4  531.0   694.8  710.0
 893.5  561.2   859.0  693.9
1191.2  524.7  1211.9  692.2
 750.3  497.6   672.8  675.0
1078.8  550.7  1074.5  685.9
1073.1  553.8  1067.8  688.6
1148.3  553.9  1155.8  691.7
1198.1  505.3  1221.4  674.9
1146.7  513.9  1154.8  652.7
1110.4  490.9  1112.0  626.1
 756.4  414.4   675.6  583.8
1188.1  461.8  1205.0  599.3
 570.6  226.3   287.2  530.0
 784.0  381.5   716.9  523.6
1041.7  408.2  1030.9  537.2
1458.5  235.6  1681.5  539.1
 717.2  304.8   611.5  475.5
 727.5  311.9   629.7  474.9
 825.1  394.3   773.4  518.0
1283.5  329.8  1340.1  501.7
1384.7  248.2  1529.3  497.0
1389.8  257.4  1537.2  511.3
1401.1  259.2  1553.8  514.2
 677.2  249.5   543.2  429.4
 726.9  284.4   624.9  447.3
 729.4  303.2   630.0  468.0
 780.4  326.3   705.1  473.9
1012.0  333.3   994.8  457.0
1063.7  312.8  1057.1  433.5
1292.4  293.1  1352.3  456.8
 994.1  307.2   973.1  426.7
1158.9  305.0  1172.4  426.1
1154.3  281.0  1167.4  399.5
 563.0  104.1   242.9  364.2
 580.9  104.2   294.0  344.7
 683.4  173.1   523.2  365.4
 712.8  184.0   582.0  354.6
 852.6  244.2   800.4  354.8
1180.6  266.5  1199.7  383.6
1251.2  179.3  1314.3  346.2
1398.1  169.9  1547.1  380.5
 671.0  144.6   507.2  322.8
1190.1  164.5  1226.0  308.5
1183.6  166.6  1217.6  311.6
1156.2  165.4  1181.5  310.2
1225.4  171.2  1274.5  322.4
1210.6  178.1  1253.9  328.6
1233.1  166.4  1287.9  324.0
1252.1  144.4  1319.8  308.6
1246.7  140.9  1310.8  300.1
1371.3  152.8  1491.7  331.8
 545.5   46.1   197.6  280.4
 520.6   24.3   147.2  249.2
 876.3  138.5   810.9  275.6
 880.7  133.8   816.6  269.6
 872.2  109.8   804.0  240.9
 934.4  121.6   888.8  249.3
 959.3  106.0   919.5  239.5
1009.3  104.0   986.5  238.1
 762.6   58.9   652.7  179.0
 767.0   59.2   659.0  179.0
 819.7   56.3   729.7  176.0
 809.0   68.1   716.0  190.9
1030.7   76.6  1015.2  200.9
1020.0   69.5  1000.7  194.6
1286.5   74.7  1361.9  203.9
1404.0   31.1  1545.6  168.9
1413.4   44.1  1558.4  186.9
 747.7   -6.9   627.7   94.7
 861.0   17.9   794.4  107.3
1174.9   16.4  1200.9   99.8
1101.7  852.9  1102.5 1051.7
 878.9  795.9   840.9  980.8
1083.4  776.6  1080.5  954.5
1114.7  747.2  1117.2  921.2
 753.0  727.5   683.2  935.5
 758.3  678.4   698.7  843.5
 910.8  652.0   880.7  790.4
1084.2  674.7  1080.7  822.7
 969.7  625.4   948.5  758.8
 971.7  562.4   949.9  696.1
 399.7  560.0   168.0  852.8
1243.2  541.5  1278.4  728.0
 769.2  507.9   697.7  683.0
1091.2  490.3  1089.4  625.3
 810.2  447.8   755.7  582.5
1184.4  440.1  1200.8  575.2
1370.7  392.5  1444.1  565.9
 792.5  358.1   727.9  492.8
 766.7  298.5   685.6  444.6
 994.3  312.5   973.4  432.0
 994.1  314.9   973.2  434.9
1153.4  285.9  1166.1  404.6
1308.9  214.2  1392.1  393.1
1365.5  224.6  1492.2  446.9
 498.1  186.4   152.7  485.0
1452.1  197.9  1668.7  476.4
 627.6  159.1   416.3  377.7
 796.1  153.7   698.8  307.1
1201.1  148.3  1241.8  290.6
1290.6   94.1  1364.9  226.0
1522.5   91.6  1843.0  366.8
 759.5   65.2   655.0  178.8
1183.4   44.4  1219.0  154.4
 822.8  865.6   773.7 1070.8
 889.2  861.7   852.1 1066.4
 886.0  838.7   849.0 1034.4
1077.5  835.9  1074.0 1030.0
1189.8  792.5  1207.9  994.9
1197.3  794.5  1216.8  997.6
 816.2  765.8   765.4  954.1
 798.1  744.6   742.0  937.2
 928.9  744.8   900.3  911.4
1107.9  774.4  1109.0  949.5
 628.3  729.9   506.3 1005.9
 709.9  704.7   609.5  975.1
 948.4  711.0   923.8  862.9
1281.6  711.6  1338.9  993.9
1265.7  707.5  1316.8  980.8
 909.2  679.3   878.3  826.2
 698.0  640.4   581.0  930.0
1031.3  636.2  1019.4  770.1
1143.5  640.0  1150.2  791.3
 804.3  563.6   746.6  730.1
 831.5  566.4   786.2  703.6
1051.0  585.9  1042.1  720.1
 839.4  528.9   794.7  662.1
 968.0  548.8   945.4  682.4
 962.3  552.9   938.8  686.5
1191.7  526.4  1211.2  686.6
 835.8  479.3   788.0  613.2
 842.6  497.6   796.3  634.3
 846.7  502.9   801.3  639.6
1071.9  489.2  1066.6  624.1
1285.3  484.6  1340.3  692.6
1046.1  406.9  1036.2  536.0
1145.4  408.2  1155.0  541.6
1242.5  409.4  1282.4  584.2
 823.7  389.5   770.8  515.2
1010.7  338.9   993.4  462.7
1150.1  294.9  1162.0  414.6
1175.6  265.3  1193.2  380.8
1220.0  183.4  1267.4  338.7
 813.7  162.3   727.2  309.1
 960.3  133.2   921.7  272.3
 691.3  119.3   545.6  274.8
 808.5  104.6   714.0  243.0
 914.7  118.5   860.5  253.2
1027.2   96.4  1010.6  228.2
 599.9   55.4   340.0  252.7
1234.8  353.7  1270.8  507.7
 693.1  296.6   572.9  478.1
 970.3  723.6   948.9  880.5
 868.2  697.2   830.3  851.4
1055.0  656.4  1046.7  794.5
1061.4  596.0  1054.1  730.4
1295.3  472.0  1353.6  678.5
 822.4  461.2   771.9  592.6
1394.7  523.6  1525.2  853.2
1238.9  124.2  1298.6  273.7
 817.1   97.7   727.9  229.5
 940.2  103.5   893.6  236.9
1003.1   94.5   978.0  225.8
 922.6  701.1   893.7  853.8
1191.6  437.6  1209.7  574.4
1589.8  219.9  1927.7  555.9
 996.8  132.7   970.2  272.5
1023.8   87.7  1005.8  218.4
 555.6   68.2   217.2  315.6
 756.5  531.9   680.6  717.4
 896.7  630.1   864.6  763.8
 800.3  472.6   741.8  619.4
 884.4  564.5   848.5  697.5
1181.3  423.0  1197.0  554.3
 794.7  505.5   731.6  670.8
 879.4  394.7   837.3  521.2
1352.5  158.0  1460.8  331.9
 998.9   91.6   972.3  222.5
1006.3  387.8   988.6  514.2
 894.5   73.9   831.3  199.2
 989.8   83.3   960.0  211.7
1020.5   66.3  1001.3  191.5
 832.8  556.3   788.4  688.9
 899.6  544.3   865.5  678.2
 982.3  556.5   962.1  690.4
1204.0  746.9  1224.9  941.8
 892.7  484.8   855.3  619.3
1009.9  493.0   993.6  629.9
 990.5  491.9   970.7  628.6
 709.5   46.7   577.5  166.1
1228.9   71.5  1283.3  198.5
1305.4   37.3  1390.4  157.0
 859.7   26.1   789.2  124.8
 865.3  279.8   816.8  395.7
1328.7   14.7  1423.7  127.9
 874.9  782.1   836.4  963.0
 894.0  705.1   859.9  862.7
 745.3  537.6   664.3  731.7
1400.6  509.1  1535.7  837.7
1030.2  442.2  1017.4  573.5
 809.2  400.8   752.6  531.7
 957.9  259.4   929.2  368.8
 954.7  295.1   925.9  408.8
1545.0  289.6  1865.3  683.2
1136.1   49.6  1156.0  161.5
1168.3   20.6  1191.8  103.8
 759.5  846.7   692.3 1076.3
1108.9  853.9  1110.9 1052.5
 768.2  799.1   708.3  995.3
 963.8  814.0   940.9  997.5
1070.4  803.0  1065.4  985.5
1072.8  786.3  1068.1  965.3
1040.2  812.8  1030.1  997.0
 980.4  749.2   960.6  911.9
 939.5  753.1   912.7  921.5
1075.1  768.9  1070.6  939.5
1144.8  714.2  1152.9  889.0
1137.6  708.0  1144.5  881.8
1268.6  696.9  1324.9  986.6
1073.0  685.2  1067.7  833.9
1020.2  622.8  1006.6  757.7
1098.0  575.4  1096.6  710.2
1199.0  565.9  1222.8  749.9
1081.6  556.2  1077.7  691.4
 813.0  440.5   758.9  574.3
 820.9  438.7   768.1  572.7
1067.0  432.8  1060.9  562.3
1101.8  432.3  1102.8  570.6
1032.7  399.8  1020.1  530.3
1080.0  429.7  1076.4  559.6
1500.4  427.6  1736.7  822.9
 735.1  361.3   645.9  524.0
 933.5  351.4   901.0  474.8
1074.3  337.9  1069.3  448.1
1111.3  339.4  1114.7  465.4
1085.1  334.2  1082.9  457.1
1459.3  320.9  1654.4  628.9
 586.7  288.1   347.5  581.5
 729.5  297.9   629.6  462.2
 957.9  259.9   929.4  368.1
 951.5  272.0   921.8  382.0
1143.0  291.0  1153.5  411.0
1462.7  258.0  1693.5  581.8
1481.6  265.4  1723.1  593.2
 778.0  252.7   704.8  375.5
1288.0  212.3  1364.0  390.8
1281.7  218.3  1355.1  398.1
1370.6  225.0  1529.0  497.1
 804.3  171.6   712.2  326.7
 800.5  182.8   707.1  341.6
 505.8  137.0   161.5  407.7
1047.1  132.6  1037.4  273.0
1093.1  142.2  1098.5  282.5
1238.4  136.3  1299.0  292.7
 990.1   79.1   960.6  204.7
1038.1   97.8  1025.3  230.1
 866.7   45.0   794.0  159.2
1008.4   77.5   985.2  203.5
1005.3   68.2   980.6  195.1
1394.4    0.5  1537.8  130.6
1479.9   -5.7  1660.5  121.3
1079.6  682.1  1075.3  830.1
 811.4  602.2   753.0  785.4
 903.7  551.1   870.3  685.6
 810.8  103.2   720.4  234.9
1030.2  589.8  1018.0  724.0
 952.8  384.9   924.6  511.3
1056.1   90.9  1049.0  208.7
 766.2  823.2   706.5 1021.9
 753.0  771.4   686.9  975.5
 709.9  604.5   624.6  803.8
 824.5  556.2   772.3  714.9
1229.6  310.0  1261.0  442.2
 899.1  645.6   867.3  782.5
 905.0  639.1   874.5  771.7
1016.7  490.2  1001.6  625.4
1283.3   80.6  1356.7  210.5
 750.2  783.5   682.1  995.5
1249.6  579.3  1288.8  785.3
1202.0  781.3  1223.2  987.8
 617.4  124.4   391.1  336.4
 810.2  613.4   751.8  798.0
1165.8  516.0  1178.1  660.5
 749.4  845.9   679.8 1076.8
 556.5   86.4   232.8  334.5
1508.8  112.7  1818.0  400.8
 786.1  504.8   719.0  676.9
 874.2  482.7   833.4  617.1
1209.7  491.1  1236.0  660.4
1342.4  109.5  1441.6  257.0
1363.3   64.2  1477.3  203.5
 771.1  712.7   707.6  907.7
 950.1  487.6   922.9  623.1
 991.8  132.8   963.8  270.2
 972.6  611.9   951.7  745.4
1196.3  461.8  1216.5  608.3
1207.0  478.3  1232.8  645.3
 877.4  337.9   833.1  459.8
1006.0  338.3   987.6  462.3
1262.6  183.8  1330.0  353.0
1037.5  573.7  1026.4  708.0
 707.7  586.9   617.5  794.2
1365.6  219.5  1493.2  441.2
 580.5   15.1   297.5  198.3
