 799.9  651.4   683.3 1070.6
 890.3  686.1   825.4 1035.7
 924.0  685.9   870.6 1033.6
1056.0  690.3  1047.3 1028.2
 801.2  633.9   692.1 1015.3
 866.6  677.3   793.5 1022.9
 855.7  672.9   778.5 1018.8
 925.2  655.9   872.2  983.6
 971.4  670.4   934.5  997.1
1041.0  683.8  1027.0 1020.5
1044.9  653.3  1031.1  973.8
1076.6  662.9  1073.6  990.6
 795.1  612.8   691.0  955.3
 831.9  607.8   740.7  946.9
 906.8  639.6   847.6  959.4
1080.7  633.2  1077.5  939.7
 804.4  569.6   694.7  923.2
 903.5  601.0   841.9  906.6
 901.6  583.8   839.3  880.2
 959.7  621.9   917.8  925.0
 963.3  611.7   922.0  912.3
1036.0  616.9  1018.1  913.4
1009.8  603.4   983.4  887.9
1034.7  609.0  1016.0  901.1
1018.6  607.7   995.0  897.2
1121.0  614.2  1130.8  923.2
1187.6  583.8  1222.1  906.8
1187.3  574.8  1225.3  920.3
 939.0  565.6   890.2  836.3
 907.5  567.3   847.7  850.7
 964.7  578.3   924.2  851.4
1057.2  582.1  1044.4  860.9
1037.6  579.7  1018.8  851.2
1007.7  594.1   980.3  875.7
1103.9  571.7  1105.5  853.2
1073.1  574.1  1064.8  847.3
 940.6  556.5   892.5  820.3
 912.5  551.4   855.1  819.5
1097.9  556.6  1096.5  825.1
1155.9  492.7  1179.6  815.5
 830.0  451.4   723.0  767.2
 797.0  439.3   664.8  786.9
 831.1  451.7   724.5  767.5
 853.1  468.3   755.8  790.6
 852.0  465.7   753.7  788.8
 954.5  515.1   909.7  759.5
 979.7  526.3   942.6  771.4
1043.8  521.4  1024.8  765.5
1181.7  456.8  1214.4  766.2
1219.5  435.2  1274.2  770.6
 993.4  452.7   956.0  696.4
 986.8  464.1   948.0  708.6
1010.4  486.5   980.0  730.6
1106.5  474.9  1104.6  717.9
1073.7  482.6  1062.1  726.6
1138.7  454.2  1146.6  697.0
1215.4  426.4  1265.9  748.7
 817.6  389.4   693.7  710.2
 871.1  429.5   793.9  674.4
 928.2  446.7   870.5  690.1
 989.5  445.0   950.5  687.9
 994.3  436.3   956.2  679.7
1006.1  436.9   971.8  680.1
 984.5  448.3   944.1  692.2
1016.9  449.2   986.5  692.3
1123.6  455.8  1126.5  696.0
1139.0  436.3  1146.9  678.7
1145.5  442.7  1155.3  683.8
1142.1  408.9  1151.6  656.1
 939.7  374.7   879.4  616.6
1013.7  384.6   978.8  629.2
 996.7  383.5   956.0  627.8
1130.0  387.0  1134.6  627.4
1184.4  374.9  1212.2  637.5
1099.5  350.9  1092.8  586.8
1181.1  337.4  1203.4  572.1
1218.0  325.0  1269.7  620.8
1396.3  137.6  1787.9  706.0
 861.5  317.6   769.1  553.8
 885.4  317.3   801.7  551.9
 912.8  296.2   837.1  526.6
 916.5  311.0   842.7  546.9
 999.6  310.8   956.0  542.0
1004.0  313.0   962.0  545.3
1064.2  328.7  1044.5  562.0
1089.7  308.8  1078.5  539.1
1087.4  300.4  1075.0  529.1
1107.4  300.6  1102.6  530.9
 811.4  214.8   661.3  495.8
 858.0  287.3   761.0  519.3
 896.1  254.1   810.3  478.1
 936.0  260.9   865.1  488.7
 989.4  275.4   939.8  502.0
1007.5  277.9   964.9  503.7
1095.1  274.1  1084.9  498.5
1094.6  257.9  1083.7  478.4
1083.1  261.8  1067.9  483.9
1134.5  259.1  1139.0  481.7
1139.2  265.6  1145.4  487.1
 792.6  175.5   620.2  458.7
 842.8  214.1   729.4  439.8
 872.5  225.6   774.8  445.3
 955.9  251.4   892.4  473.6
 914.8  243.1   834.5  467.4
 976.5  239.0   919.9  459.0
 988.3  238.2   936.0  458.1
 967.2  242.1   907.2  462.6
 963.8  231.7   901.6  451.5
1094.6  248.4  1083.5  468.0
1080.8  227.1  1063.8  443.0
1226.9  227.8  1280.4  484.2
 756.0  136.1   541.7  430.7
 888.1  186.6   792.9  397.3
 912.4  184.7   826.4  395.2
 911.9  194.8   826.7  406.6
 905.5  204.5   818.5  419.2
 980.1  209.3   922.7  423.9
1073.1  215.6  1052.6  430.3
1070.3  214.5  1048.6  424.6
1020.9  217.2   980.0  432.1
1145.5  200.9  1153.5  410.5
1416.6   36.9  1818.6  470.0
 986.1  178.0   930.3  376.2
1166.4  153.3  1183.0  352.5
1227.9   95.8  1307.9  370.5
1416.5   32.3  1818.8  460.6
 849.0   72.7   678.2  345.1
 987.3  178.1   932.0  376.5
1172.6   73.1  1209.0  313.0
1183.8   73.9  1227.0  314.0
1412.0   -5.3  1822.5  391.8
 875.6   32.8   720.1  278.8
 917.0   43.5   796.0  277.5
 915.9   38.2   794.3  268.4
 921.2   42.3   802.2  276.8
 951.4   39.8   851.4  270.4
1170.4   54.1  1206.2  288.3
1175.3   55.8  1213.8  289.6
1186.4   56.9  1231.8  290.9
1311.4   48.7  1461.8  315.9
 895.9   20.0   756.1  250.3
 879.0   -2.4   725.3  217.8
 906.2   10.9   772.8  234.5
 915.8    9.9   789.1  231.4
1002.0   31.1   931.1  263.4
1022.4   34.2   965.0  265.1
1064.5   36.2  1033.9  267.8
1048.7   -0.5  1005.8  216.9
 851.3  679.2   772.5 1029.6
1242.3  555.4  1331.8 1032.6
 965.5  616.9   925.6  915.0
 989.9  616.9   957.6  913.0
 856.6  469.6   760.3  794.1
 986.7  504.9   950.4  748.8
1180.3  448.3  1212.9  758.8
 803.7  364.7   672.8  675.0
1145.4  446.0  1155.8  691.7
1187.5  384.7  1221.4  674.9
1144.6  406.7  1154.8  652.7
 873.4  387.4   789.6  641.8
 706.3   73.2   287.2  530.0
 956.8  323.8   898.7  559.2
1054.8  306.9  1030.9  537.2
 794.4  193.6   629.7  474.9
 973.0  286.9   918.3  514.5
1305.9  140.3  1456.0  473.1
1328.1  120.2  1529.3  497.0
 835.1  214.4   705.1  473.9
 976.5  244.2   920.2  464.7
1030.9  236.4   994.8  457.0
1076.3  219.1  1057.1  433.5
1267.6  186.8  1352.3  456.8
1016.1  212.8   973.1  426.7
 847.5  164.3   730.0  379.1
 767.7   31.7   507.2  322.8
1178.0   72.5  1217.6  311.6
1211.7   75.5  1274.5  322.4
1199.8   81.9  1253.9  328.6
1324.6   52.5  1491.7  331.8
 920.9   31.4   800.5  261.1
1036.4   14.3   986.5  238.1
1096.8  703.1  1102.5 1051.7
 798.8  544.6   698.7  843.5
 931.7  536.0   880.7  790.4
1085.8  556.6  1080.7  822.7
 984.9  514.0   948.5  758.8
 988.7  452.7   949.9  696.1
1224.7  412.8  1278.4  728.0
 851.3  337.6   755.7  582.5
1016.1  217.9   973.4  432.0
 741.2   33.6   416.3  377.7
1192.5   56.6  1241.8  290.6
1184.4  559.2  1219.5  891.0
 910.4  704.3   852.1 1066.4
 907.8  686.6   849.0 1034.4
1174.9  645.0  1207.9  994.9
 848.7  618.6   765.4  954.1
 834.3  595.7   742.0  937.2
 946.7  611.5   900.3  911.4
1104.3  639.5  1109.0  949.5
1248.6  535.5  1338.9  993.9
 930.0  558.0   878.3  826.2
1139.1  522.5  1150.2  791.3
 845.0  434.0   746.6  730.1
 864.6  451.8   786.2  703.6
1058.5  477.0  1042.1  720.1
 872.7  417.6   794.7  662.1
 985.9  439.5   945.4  682.4
 980.7  443.3   938.8  686.5
1182.5  409.2  1211.2  686.6
 872.0  369.0   788.0  613.2
 877.6  385.6   796.3  634.3
 880.9  390.7   801.3  639.6
1079.3  383.2  1066.6  624.1
1058.7  305.8  1036.2  536.0
1145.2  306.9  1155.0  541.6
1225.4  291.8  1282.4  584.2
 864.8  285.8   770.8  515.2
1151.5  204.2  1162.0  414.6
1174.0  178.0  1193.2  380.8
1207.0   85.4  1267.4  338.7
 874.6   60.5   727.2  309.1
 995.5   38.9   921.7  272.3
 781.4   15.6   545.6  274.8
 873.7    9.4   714.0  243.0
 958.5   25.7   860.5  253.2
1051.2    8.2  1010.6  228.2
 825.4  498.8   717.3  838.4
1073.2  586.1  1065.6  868.7
1067.5  486.9  1054.1  730.4
 662.3  380.4   471.8  699.2
1068.3  481.8  1055.0  724.9
 931.9  400.4   870.6  647.7
 946.8  376.4   888.9  619.3
1076.2   74.7  1054.4  319.9
1031.6    6.1   978.0  225.8
 613.8  568.6   374.0 1046.3
 941.7  576.3   893.7  853.8
 808.3  394.2   680.6  717.4
1176.5  323.0  1197.0  554.3
1058.6  290.0  1035.4  518.2
1024.4  287.7   988.6  514.2
 865.6  444.4   788.4  688.9
 998.3  447.1   962.1  690.4
 921.9  375.2   855.3  619.3
1024.8  384.5   993.6  629.9
1007.8  383.1   970.7  628.6
 898.8  639.2   836.4  963.0
 916.5  577.1   859.9  862.7
 799.8  395.7   664.3  731.7
 854.1  331.0   758.9  574.3
1088.0  585.5  1085.1  871.9
 851.5  463.6   753.0  785.4
 867.0  501.9   790.8  771.7
 885.0  398.9   808.3  645.5
1000.0  359.7   959.5  596.2
 965.4  312.0   910.1  541.2
1167.0  205.6  1183.7  416.0
 872.9   55.9   722.6  304.9
 874.3   10.4   720.4  234.9
1039.9  480.3  1018.0  724.0
 977.8  283.7   924.6  511.3
1058.0  481.1  1041.6  724.9
 898.9  428.2   830.4  671.6
1215.5    5.3  1283.2  221.2
1218.8  214.7  1261.0  442.2
 921.4  530.4   867.3  782.5
 926.5  526.5   874.5  771.7
1030.8  382.8  1001.6  625.4
1259.6   -0.8  1356.7  210.5
1185.4  632.5  1223.2  987.8
1152.0  495.5  1174.1  818.5
1326.5  132.4  1494.3  463.9
 850.1  473.7   751.8  798.0
 853.3  182.8   741.5  399.4
 792.2  673.8   679.8 1076.8
1117.1  665.1  1128.4 1002.8
1191.8  662.0  1231.6 1017.3
 609.1  562.5   363.7 1043.5
 898.6  546.5   835.6  821.1
 865.4  496.4   786.5  773.6
1072.1  403.7  1057.8  651.8
 980.1  382.0   933.6  626.6
1027.3  202.7   988.7  405.3
1087.1  189.5  1070.9  388.0
1237.8   92.4  1325.3  367.2
1166.6   72.0  1199.5  312.3
1043.4    9.4   997.7  229.8
1005.2  483.6   972.7  736.3
1189.9  637.1  1231.0 1003.3
1197.6  371.5  1236.0  660.4
1188.1  353.6  1216.5  608.3
 913.7  238.9   833.1  459.8
 977.3  213.7   919.2  428.0
1025.6  241.0   987.6  462.3
1240.1   81.9  1330.0  353.0
1046.8  464.8  1026.4  708.0
 713.8  231.7   402.5  712.2
