1231.7  922.6  1267.2 1085.2
 853.6  867.5   838.4 1001.1
 900.4  870.6   890.9 1004.7
1013.2  868.2  1017.6 1001.0
 755.6  827.9   721.6  985.8
 845.7  830.6   829.6  957.5
 866.1  839.1   852.6  966.9
 877.3  833.5   865.1  959.9
 895.7  849.1   885.9  977.5
 904.5  837.7   895.6  965.1
 950.1  852.7   946.7  981.5
 973.6  846.7   973.1  973.5
1001.0  862.1  1003.8  992.1
1122.5  866.2  1140.2  997.7
1108.8  849.1  1124.8  978.3
1266.9  796.3  1318.9  994.3
 641.6  745.6   576.8  930.4
 682.6  729.2   622.6  919.1
 759.1  797.6   728.2  939.1
 838.9  829.1   822.2  955.0
 839.1  823.9   822.2  949.9
 826.3  824.9   807.9  950.8
 905.4  800.1   896.8  919.2
 962.8  809.0   961.1  927.5
 975.7  804.9   975.6  921.9
 956.2  819.3   953.7  939.7
 958.3  813.9   956.1  932.9
1044.4  806.9  1052.2  925.8
1037.5  829.9  1044.7  953.9
1068.0  818.7  1078.8  941.5
1077.3  804.8  1089.2  925.6
1114.9  800.5  1131.5  924.2
1114.2  805.9  1130.8  930.5
 754.2  763.1   725.4  887.7
 752.8  772.9   722.3  905.6
 796.1  756.2   772.6  879.9
 884.2  781.0   873.2  896.6
 875.2  775.1   862.9  891.5
 881.0  789.5   869.4  908.0
 880.2  773.0   868.8  887.5
 870.4  760.7   857.7  873.7
1014.1  773.0  1018.3  883.5
1017.6  760.1  1022.1  870.1
1047.9  782.9  1056.0  895.6
1080.9  767.1  1092.9  879.0
1205.2  738.7  1236.4  874.8
1253.4  729.0  1301.1  907.0
1430.4  725.3  1505.5  887.9
 583.5  689.2   507.7  863.7
 583.3  681.8   517.3  832.1
 694.7  647.6   634.0  829.2
 692.4  656.1   631.8  837.8
 761.1  722.3   730.4  852.6
 787.1  723.7   762.9  840.1
 806.2  724.3   784.3  841.4
 879.4  736.7   867.7  846.6
 923.3  750.9   917.0  860.5
 933.7  753.8   928.6  863.2
 943.8  756.3   939.9  865.5
1030.0  747.7  1035.9  854.9
1000.1  730.1  1002.6  831.9
1028.2  738.0  1033.9  843.4
1010.1  736.1  1013.7  840.2
1018.0  744.6  1022.5  850.6
1202.9  718.7  1233.4  849.7
 541.0  654.3   465.3  805.9
 919.4  687.8   913.1  783.2
 865.9  694.1   852.9  796.2
 883.6  694.5   872.8  795.1
 875.3  697.4   863.4  799.9
 948.8  701.2   945.7  797.8
1029.0  696.4  1034.6  792.1
1052.8  705.6  1061.1  805.7
1030.7  700.9  1036.5  797.6
 997.4  719.6   999.6  820.2
1091.2  685.8  1103.7  782.3
1105.2  695.2  1119.7  797.1
1070.4  695.3  1080.7  793.1
1081.4  700.7  1093.0  801.5
1088.6  703.6  1101.1  805.4
 910.8  660.6   903.7  750.6
 921.2  676.1   915.1  768.6
 950.5  676.8   947.7  768.7
1038.9  677.3  1045.4  768.8
1034.2  679.7  1040.2  770.5
1097.8  675.4  1111.0  771.6
1079.3  676.6  1090.4  771.3
1085.1  666.2  1096.8  759.5
1164.4  627.4  1189.8  748.9
1193.8  625.1  1223.7  747.5
1202.8  624.6  1234.1  747.0
1199.2  634.8  1230.2  760.0
1273.1  626.3  1317.7  759.9
 709.2  592.7   665.4  720.7
 730.3  569.1   687.6  699.6
 702.9  582.5   657.4  710.7
 786.4  588.1   757.4  703.5
 792.6  610.5   764.7  728.6
 813.5  607.2   788.4  725.5
 914.7  614.8   907.7  701.2
 897.7  622.1   889.1  707.0
 935.9  626.8   931.4  711.4
 964.4  638.0   963.0  723.1
 939.7  637.4   935.8  722.6
 955.9  645.2   953.7  730.3
1026.9  629.8  1032.0  715.4
1035.9  631.7  1042.0  717.1
1040.1  637.6  1046.6  723.2
1087.8  628.0  1099.5  714.0
1197.5  609.6  1227.9  729.7
1162.3  598.6  1186.9  713.8
1177.5  589.6  1204.1  702.2
1233.1  568.2  1271.7  694.7
1238.7  571.0  1278.5  699.5
 615.6  468.2   512.7  663.3
 613.1  458.4   508.0  653.9
 754.0  542.5   716.9  662.4
 763.4  548.6   728.1  668.1
 888.6  565.3   878.0  650.0
 902.3  576.5   893.4  661.7
 976.9  562.5   976.2  647.7
 969.5  569.5   968.0  654.8
 969.9  574.4   968.5  659.9
 942.0  581.2   937.6  666.1
1002.5  578.7  1004.7  664.8
1044.0  573.8  1051.0  659.7
1104.9  583.0  1118.8  668.9
1112.0  567.2  1126.7  652.4
1068.3  591.7  1078.0  677.7
1095.8  580.3  1108.7  666.4
1140.8  561.4  1159.1  647.6
1233.0  557.9  1271.0  680.6
1205.0  536.1  1237.5  650.8
1201.0  539.5  1232.6  653.2
1223.7  552.6  1259.5  671.0
1207.8  544.6  1240.9  661.0
1273.5  546.5  1321.2  678.3
 613.7  414.4   501.0  611.5
 607.1  435.9   497.5  630.4
 767.2  526.1   731.6  644.5
 749.2  507.2   710.7  622.7
 762.2  510.1   726.8  622.6
 766.4  512.8   731.6  626.1
 838.2  541.2   821.3  626.0
 870.4  543.4   857.2  628.6
 903.4  557.3   894.4  641.8
 905.3  551.7   896.3  636.7
 972.3  554.4   971.0  639.3
 977.3  545.7   976.5  630.9
 990.7  546.0   991.4  631.3
 966.8  558.2   964.9  643.5
1031.4  539.4  1036.9  625.1
1123.7  562.4  1139.8  647.3
1099.3  553.8  1112.7  639.8
1092.1  551.9  1104.7  637.9
1140.8  543.0  1159.3  629.2
1148.2  548.9  1167.4  634.6
1144.0  516.6  1163.6  605.2
 511.3  321.7   292.2  589.9
 657.6  460.2   604.7  568.3
 666.0  491.9   616.5  600.7
 786.4  481.7   755.5  586.8
 855.4  481.7   838.7  566.9
 901.7  483.0   890.7  568.1
 899.1  479.8   887.9  564.0
 997.3  493.0   998.4  579.4
1033.2  487.1  1038.8  572.5
1054.8  495.8  1063.2  582.3
1129.6  492.2  1147.3  577.7
1125.0  492.5  1142.2  578.2
1160.4  495.9  1182.2  582.6
1508.6  325.1  1720.8  580.7
 516.2  288.9   303.2  537.3
 758.1  420.7   718.1  529.2
 875.1  436.0   860.1  517.9
 889.5  435.4   876.2  518.3
 889.5  455.2   876.6  538.9
 975.3  466.0   973.5  548.7
 961.8  463.6   958.3  547.1
 968.9  463.3   966.2  547.2
 946.4  463.0   940.9  546.3
 939.3  464.4   933.0  547.3
1003.6  440.4  1005.3  522.5
1069.2  439.8  1079.4  521.9
1085.4  439.8  1097.8  523.0
1175.7  437.2  1200.5  521.7
1188.2  455.8  1214.6  542.1
1233.9  445.0  1273.9  556.6
1376.1  409.0  1442.1  517.8
1498.5  303.5  1701.2  543.4
1508.2  302.9  1714.8  542.0
 594.6  284.5   454.2  474.6
 821.4  424.3   799.1  506.1
 820.7  404.5   798.0  484.8
 812.0  425.5   787.9  509.8
 812.9  423.5   788.5  509.2
 848.7  423.1   830.1  504.4
 856.5  417.5   838.9  497.9
 879.0  399.6   863.9  479.5
 883.7  416.5   869.2  498.8
 881.4  407.5   866.6  488.7
 920.8  434.1   911.6  516.4
 976.1  417.0   974.0  498.0
 994.8  434.3   995.2  516.0
 971.3  416.8   968.6  497.7
 977.7  405.2   975.7  485.5
 978.7  413.4   976.9  494.2
 983.8  415.9   982.7  497.3
 965.3  420.7   961.8  501.6
1053.1  431.3  1061.2  513.5
1081.7  409.6  1093.7  490.8
1081.0  419.5  1092.8  501.0
1078.7  400.5  1090.4  481.0
1130.9  431.4  1149.2  512.7
1101.8  400.9  1116.6  482.3
1164.3  424.1  1187.3  505.8
1183.9  403.4  1209.8  483.7
1184.1  410.1  1210.1  491.5
1230.4  375.0  1270.8  478.2
1369.8  402.0  1435.5  511.1
1372.5  397.2  1438.8  505.6
1403.0  302.9  1521.9  471.2
 594.2  235.0   411.6  462.8
 815.7  392.0   791.8  472.2
 857.9  354.7   838.9  431.9
 848.9  358.7   828.9  436.0
 903.7  362.3   890.9  441.5
 965.7  375.9   961.8  454.8
 986.6  377.8   985.6  456.6
1052.4  385.9  1060.4  465.5
1056.0  385.2  1064.6  464.8
1086.2  364.1  1099.0  442.5
1086.9  372.1  1099.8  450.9
1072.7  358.9  1083.6  436.7
1131.8  355.4  1151.2  433.9
1137.3  361.7  1157.4  439.7
1224.2  354.6  1263.4  453.8
1453.2  248.2  1611.7  431.6
1517.7  242.0  1720.8  447.0
 486.0  212.4   283.0  404.0
 698.5  275.4   632.4  388.0
 681.4  275.9   611.6  388.7
 775.5  323.7   737.5  416.8
 793.6  315.2   763.4  393.1
 878.7  343.3   862.1  420.9
 996.0  339.2   996.0  416.5
 963.0  335.6   958.3  411.9
 938.9  340.1   930.9  416.5
 934.6  329.3   925.7  405.4
1073.9  348.1  1085.1  425.4
1075.8  345.0  1087.3  422.2
1088.2  335.2  1101.5  412.4
1078.5  325.7  1090.5  402.4
1179.7  346.1  1206.2  423.7
1225.0  310.0  1260.7  390.6
1241.8  332.3  1283.8  427.0
1513.3  196.1  1714.8  382.5
1547.1  201.0  1762.9  389.8
 726.1  278.7   671.5  380.5
 771.4  277.8   732.2  363.7
 845.5  281.5   823.1  353.1
 873.4  279.1   854.9  350.9
 873.3  289.8   855.0  362.2
 866.3  300.8   847.2  374.3
 954.6  303.7   948.4  376.8
 952.5  304.4   945.9  378.4
 956.0  289.8   950.2  359.1
1056.6  306.8  1065.3  379.4
 999.8  312.0  1000.2  386.3
1143.1  291.4  1164.9  364.4
1249.8  295.0  1293.7  384.4
1253.8  287.6  1298.6  376.5
1457.7  196.4  1620.1  363.5
1451.9  190.9  1611.2  355.1
1463.2  191.7  1624.8  353.8
1520.5  165.2  1729.7  343.5
1537.7  160.9  1753.4  336.8
 500.0  145.3   301.8  310.6
 604.3  161.4   466.2  309.2
 836.7  236.3   811.6  304.6
 958.6  267.0   952.9  333.8
1166.4  238.9  1192.6  307.7
1162.5  257.9  1187.8  328.7
1346.4  187.1  1437.2  303.2
1501.1  153.6  1702.7  327.8
1521.0  147.6  1728.9  317.2
 800.2  176.0   754.1  269.3
 780.4  159.1   726.0  256.3
 780.7  181.9   727.6  282.5
 769.2  184.0   712.0  287.8
1050.2  169.8  1059.6  256.1
1081.4  184.0  1098.2  279.6
1177.0  167.5  1214.5  255.4
1190.7  168.2  1231.1  256.3
1230.1  179.4  1279.9  271.3
 663.0  120.8   565.5  227.8
 791.1  156.5   740.2  251.0
 865.1  139.7   833.6  223.5
 863.7  133.2   831.9  215.2
 867.8  133.3   836.7  215.8
 870.0  138.6   839.4  222.6
 875.7  132.5   846.3  215.1
1032.0  135.8  1037.4  220.0
1005.5  134.1  1004.9  218.0
1029.9  129.8  1034.8  213.2
1160.2  145.7  1194.5  230.8
1187.1  147.3  1227.4  232.6
1174.1  146.2  1211.6  231.5
1193.6  148.7  1235.4  234.1
1252.2  153.4  1312.9  251.4
1353.0  146.1  1443.2  247.6
1345.6  118.6  1436.5  216.4
1365.8  134.5  1461.3  235.4
 546.9   52.7   353.3  191.4
 698.0   92.9   620.0  179.0
 694.1   90.9   614.6  177.3
 837.4  110.6   798.1  191.5
 861.5  107.8   827.7  187.9
 815.5   88.5   770.2  166.1
 901.3  114.7   876.9  195.4
 967.8  124.6   958.4  208.2
 992.9  127.1   989.4  210.1
1004.2  125.6  1003.2  210.0
1044.5  128.6  1052.8  212.2
1019.9   98.9  1022.4  177.6
1201.9   98.0  1247.1  175.6
1291.5  111.4  1361.9  198.3
1253.8  116.4  1316.9  208.7
1358.6  100.5  1450.2  189.6
1361.9   93.0  1454.5  180.3
1497.2   52.9  1685.2  175.2
 582.0   26.6   423.4  137.4
 645.1   65.7   543.1  156.2
 784.6   86.8   731.5  165.1
 812.5   67.6   766.0  140.9
 883.7   69.9   854.0  143.4
 993.9   80.4   990.3  154.9
1229.6   83.8  1282.1  159.4
1233.4   78.7  1286.9  153.3
1363.0   68.5  1457.5  150.9
1329.9   58.1  1408.7  129.6
1364.7   73.9  1459.3  157.6
1397.1   51.6  1506.7  135.2
 770.2   50.7   713.3  120.6
 768.1   35.8   710.4  102.5
 761.4   46.6   702.0  116.3
 866.1   43.0   832.0  110.3
1285.3   32.8  1354.2   99.8
1326.1   30.4  1405.5   96.8
1387.6   11.9  1495.1   84.5
1386.3   30.3  1494.2  109.1
1464.3   18.1  1595.7   93.4
 748.9   -3.9   683.8   56.1
 896.8   21.1   875.9   66.3
 911.6   24.4   892.3   73.7
1055.1   23.2  1064.2   68.4
1048.7   24.9  1056.6   71.3
1111.9   27.6  1132.2   75.1
1129.6   17.9  1153.1   62.3
1180.1   15.1  1214.3   60.7
1393.3   -7.3  1508.1   64.5
1400.7  -16.3  1515.7   51.0
 892.1  878.2   882.1 1008.7
1024.4  689.4  1029.4  784.4
 815.5  580.0   789.4  699.6
1078.8  550.7  1089.9  636.6
1599.5  597.3  1929.9 1096.1
 756.4  414.4   716.0  522.3
 784.0  381.5   752.1  471.4
1012.0  333.3  1014.2  410.2
1158.9  305.0  1182.8  379.5
 809.0   68.1   761.8  141.4
1286.5   74.7  1353.9  149.7
 909.5  922.3   900.6 1070.0
 920.9  913.5   913.6 1059.2
 916.2  918.5   908.3 1065.4
 855.3  925.9   838.8 1079.3
 932.5  921.1   926.7 1067.9
 952.0  917.1   948.8 1059.9
 929.8  911.2   923.8 1054.7
 954.8  917.6   951.9 1062.3
 942.7  911.5   938.2 1056.2
1005.1  910.6  1008.6 1052.5
1024.8  929.7  1030.8 1080.2
1082.3  934.1  1095.9 1086.9
 727.5  880.8   687.8 1054.3
 770.6  877.7   740.5 1036.2
 879.0  888.1   866.1 1032.5
 890.2  889.8   879.1 1030.2
 960.3  893.8   958.3 1030.9
 982.4  895.7   983.0 1034.1
 994.6  887.1   996.7 1023.3
 929.8  885.2   923.8 1021.8
 979.5  885.5   979.7 1021.5
1120.4  908.0  1139.0 1057.6
1127.6  884.1  1146.1 1019.6
 742.6  836.4   709.4  984.4
 779.0  853.9   754.5  986.3
 864.4  831.4   850.8  957.0
 958.5  853.4   956.3  981.3
 972.6  841.8   972.0  967.9
1005.6  858.3  1009.0  988.9
1055.7  824.1  1065.0  947.7
1208.6  851.4  1242.1 1013.2
 832.9  788.6   815.0  911.5
 798.0  791.2   775.9  913.8
 878.9  795.9   867.0  915.9
 983.8  777.9   984.6  888.3
1067.3  796.3  1077.9  913.9
1047.4  779.0  1055.4  891.8
1261.4  796.2  1312.4  994.1
 696.8  751.6   641.2  940.5
 846.6  739.0   831.1  849.7
 940.8  745.9   936.6  852.2
 951.4  755.1   948.3  865.3
1019.9  749.8  1024.7  857.1
1083.4  776.6  1095.8  892.1
1109.2  758.3  1124.6  872.4
1114.7  747.2  1130.8  860.0
1312.1  777.3  1373.6  974.3
 764.5  733.1   734.7  863.2
 753.0  727.5   720.1  862.4
1085.5  724.7  1097.8  831.1
1192.0  728.0  1219.9  853.6
1427.1  715.4  1501.3  875.5
 565.6  652.1   498.7  793.0
 809.6  674.0   787.9  784.5
 914.2  676.6   907.4  770.0
 910.8  652.0   903.7  740.6
 902.8  660.9   894.6  752.8
 922.1  676.6   916.2  769.3
 939.6  648.6   935.7  735.1
 945.4  652.8   942.0  740.0
1073.9  680.7  1084.4  776.5
1084.2  674.7  1095.8  769.8
1109.4  684.5  1124.3  784.4
1453.5  668.2  1531.8  819.0
 708.5  612.6   664.4  744.5
 885.2  606.1   875.1  690.9
 969.7  625.4   968.8  710.5
1033.8  644.1  1039.7  729.7
1054.3  630.2  1062.3  716.2
 529.6  582.6   451.1  722.9
 971.7  562.4   970.4  647.5
 981.1  577.1   981.0  662.3
1007.6  566.0  1010.4  651.6
1240.0  592.9  1280.2  725.2
 719.8  556.5   675.1  685.6
 992.8  550.5   993.8  636.1
1020.8  547.0  1025.1  632.0
1011.6  560.5  1014.8  646.1
1243.2  541.5  1282.8  661.1
1232.9  522.9  1271.1  640.9
 663.4  485.6   612.9  594.5
 692.0  507.7   644.9  622.6
 769.2  507.9   734.8  620.3
 798.2  507.7   769.9  613.8
 863.3  481.6   847.7  566.3
1035.2  494.3  1041.1  580.9
1091.2  490.3  1104.1  575.8
 810.2  447.8   786.5  533.2
1184.4  440.1  1210.3  525.1
1391.1  449.0  1500.3  649.1
 872.7  431.0   857.4  512.7
 914.6  422.9   904.3  505.4
 879.9  389.4   864.4  469.6
 884.4  397.9   869.9  478.1
 950.0  395.3   944.3  474.9
 955.8  391.0   950.7  470.8
 983.3  408.9   982.1  490.4
1263.0  399.5  1311.9  515.2
1370.7  392.5  1437.4  501.6
 792.5  358.1   762.2  443.0
 833.3  346.8   810.7  423.4
 913.9  366.4   902.9  444.1
 956.9  387.7   952.0  465.6
1590.7  382.5  1902.0  741.6
 518.1  313.2   308.0  569.7
 703.5  303.0   644.6  410.0
 766.7  298.5   725.9  390.2
 776.3  342.9   738.1  440.5
 900.4  327.8   886.5  404.4
 943.7  336.8   936.3  413.4
 994.3  312.5   993.9  386.5
 994.1  314.9   993.7  389.2
1213.5  317.4  1247.3  399.0
1176.8  332.8  1203.1  409.7
 389.3  268.2    22.9  601.7
 526.3  281.9   324.5  518.7
 786.9  285.5   752.3  367.5
 783.8  264.7   749.3  341.5
 994.1  297.7   993.7  368.0
1056.8  271.3  1065.2  337.3
1153.4  285.9  1176.8  358.6
1168.6  295.6  1194.2  369.3
1470.0  255.3  1643.2  452.3
 795.2  250.7   762.3  325.3
 847.0  244.7   823.6  314.0
1170.3  233.4  1197.2  301.8
1158.3  244.3  1183.1  313.7
1308.9  214.2  1381.7  323.3
1362.3  211.1  1461.1  339.4
1551.7  239.7  1769.1  444.2
1549.2  244.1  1768.1  453.0
1627.4  224.9  1848.0  398.1
 520.0  177.5   330.3  354.5
 498.1  186.4   301.1  366.2
 601.2  190.4   461.5  349.1
 605.6  200.0   469.3  359.6
 791.5  178.3   741.1  277.2
1063.5  172.4  1076.0  262.4
1197.3  167.9  1239.2  255.8
1332.3  178.2  1413.8  283.1
 655.4  134.1   547.6  255.5
 627.6  159.1   508.1  292.6
 786.1  157.0   733.4  253.0
 797.7  166.8   753.9  251.8
 859.5  139.2   826.9  222.2
 970.1  141.2   961.7  224.9
 970.7  134.8   962.5  217.1
 978.0  134.0   971.4  215.3
1201.1  148.3  1244.6  233.7
1266.9  148.3  1332.5  247.3
1618.7  115.5  1884.1  283.7
 879.8   84.4   849.6  160.3
 891.3  116.7   864.4  198.5
1277.5   80.7  1342.1  156.4
1290.6   94.1  1357.4  171.3
1303.8  118.7  1377.6  207.8
1287.5  110.6  1356.5  196.7
1522.5   91.6  1744.5  248.9
 686.8   31.2   600.4  107.2
 687.7   39.2   603.0  115.8
 759.5   65.2   704.1  132.9
1089.9   52.6  1109.2  122.6
1183.4   44.4  1223.4  107.3
 583.0   22.2   424.4  131.6
 756.2   11.4   693.5   74.6
 763.2    8.8   702.3   71.2
 779.0   15.3   722.3   78.8
 774.8    8.7   716.7   71.1
1391.3   14.1  1501.6   88.9
1317.7   25.2  1395.4   90.8
1469.1   20.5  1601.2   96.0
 822.8  865.6   803.7  999.1
 752.6  832.5   720.1  982.9
 798.1  744.6   774.2  869.5
1040.7  746.6  1047.8  853.8
 628.3  729.9   562.3  908.4
 709.9  704.7   658.0  879.6
 838.1  732.6   821.2  844.8
 948.4  711.0   945.3  808.8
1281.6  711.6  1336.7  894.7
1265.7  707.5  1316.5  884.8
 909.2  679.3   901.7  773.6
 698.0  640.4   635.9  826.7
1031.3  636.2  1036.9  721.6
 707.5  599.0   663.9  726.5
 992.2  586.7   993.4  672.4
 981.7  568.5   981.5  653.4
 839.4  528.9   822.2  613.6
 832.1  530.2   812.7  621.5
 898.8  540.7   888.8  625.2
 968.0  548.8   966.2  633.7
 962.3  552.9   959.9  637.9
 842.6  497.6   824.5  584.5
1071.9  489.2  1082.4  574.6
1285.3  484.6  1338.9  617.4
1010.2  390.3  1012.4  469.9
1470.1  387.2  1661.8  663.9
 823.7  389.5   801.0  468.6
 724.3  311.2   670.0  418.6
1010.7  338.9  1012.8  415.9
 952.3  259.6   945.6  326.6
1150.1  294.9  1172.9  368.4
1119.5  288.3  1137.6  360.7
1175.6  265.3  1202.5  335.6
1170.4  251.7  1197.1  321.9
 421.0  191.3    71.0  480.3
 808.8  178.8   764.4  273.2
 813.7  162.3   770.6  252.3
1356.5  139.7  1448.5  240.6
 691.3  119.3   610.4  214.2
 808.5  104.6   760.6  188.2
 914.7  118.5   893.3  199.7
 804.3  817.4   782.9  944.6
 880.2  804.4   868.3  927.2
 967.7  809.2   966.5  927.7
1183.5  813.2  1209.5  944.0
 842.0  690.0   825.1  798.8
 473.1  696.2   272.0 1070.1
1105.2  688.4  1119.6  789.8
 534.1  270.8   337.3  500.6
 702.3  733.2   647.7  918.2
 899.1  550.0   889.3  635.0
 795.8  486.9   767.1  589.7
1198.9  424.4  1227.5  510.1
1234.8  353.7  1274.9  450.0
 693.1  296.6   627.6  410.9
 846.2  368.8   826.0  446.4
1384.8  244.1  1472.4  354.5
1464.1  410.9  1615.9  635.6
 845.5  275.7   822.9  346.7
1184.2  290.4  1211.5  360.9
1254.5  195.4  1313.4  298.5
1206.3  183.1  1250.5  274.8
1384.0  148.4  1490.4  260.7
 969.8  180.0   962.0  268.0
 955.0  170.5   943.3  261.5
1348.0  121.0  1434.3  212.4
 849.1  122.2   811.5  208.4
1235.2  118.8  1291.0  206.8
 891.3   71.6   863.4  145.4
1271.5   55.6  1335.8  126.7
 765.9    0.2   704.9   61.3
 766.1   -7.7   705.0   51.5
1055.0  656.4  1063.1  744.8
 386.2  448.3    17.1  891.4
1270.9  207.8  1334.7  316.1
 788.2  618.3   758.8  741.5
 885.3  430.2   871.5  512.1
1589.8  219.9  1825.2  418.5
 996.8  132.7   994.2  217.0
1023.8   87.7  1027.2  165.2
 555.6   68.2   365.2  213.7
1060.8  673.5  1069.7  766.1
 756.5  531.9   719.4  651.2
 896.7  630.1   888.1  715.4
 800.3  472.6   774.1  566.2
1181.3  423.0  1206.8  505.3
 794.7  505.5   765.8  611.4
 879.4  394.7   864.2  474.2
1352.5  158.0  1442.3  262.3
 998.9   91.6   996.4  169.4
1006.3  387.8  1008.1  466.9
 894.5   73.9   867.3  148.3
 989.8   83.3   985.1  159.5
1076.4  796.8  1088.1  915.7
1015.3  584.2  1019.0  669.8
 832.8  556.3   815.8  640.8
 899.6  544.3   889.8  629.6
 982.3  556.5   982.1  641.7
 892.7  484.8   880.7  570.1
1009.9  493.0  1012.6  579.9
 990.5  491.9   990.7  578.6
 833.4  112.1   793.3  192.9
 709.5   46.7   636.7  117.9
1305.4   37.3  1379.4  105.3
 859.7   26.1   826.8   83.2
 961.4  756.6   959.5  865.5
1328.7   14.7  1409.6   78.0
 827.8  921.9   807.4 1077.3
 733.2  871.6   694.3 1043.9
 745.4  867.2   710.0 1031.9
 994.7  892.4   996.9 1029.2
1126.1  877.9  1144.6 1013.9
1187.5  872.5  1214.1 1010.5
 900.8  853.4   891.4  983.9
 989.3  851.6   990.7  980.7
1062.8  850.4  1073.2  979.8
1204.4  830.0  1236.2  982.7
 793.9  814.9   771.8  939.0
 874.9  782.1   862.7  899.4
 975.2  817.0   975.0  936.0
1045.3  786.8  1053.1  900.3
1112.0  791.0  1128.2  912.4
 858.9  753.0   845.2  863.4
 884.7  738.5   873.6  848.9
 540.3  702.1   463.9  863.6
 661.1  731.4   599.7  913.5
 894.0  705.1   884.5  806.7
 944.6  693.8   940.9  790.1
1283.1  735.3  1335.8  911.8
1419.6  695.0  1497.1  863.1
 553.4  680.5   482.3  831.2
 977.5  680.7   977.5  772.1
1460.1  666.9  1540.8  820.4
1444.8  655.5  1520.3  801.3
 347.3  645.3    80.4 1027.0
1034.7  613.3  1040.6  699.0
1181.1  637.3  1207.7  753.0
1276.2  637.1  1321.0  771.5
 991.0  579.5   991.9  664.9
1003.2  573.1  1005.5  659.4
1132.4  561.7  1149.7  647.7
1099.1  565.2  1112.4  651.1
 745.3  537.6   704.9  662.5
1025.1  547.0  1029.8  633.1
1039.5  539.5  1046.0  627.5
1107.6  557.3  1122.1  643.9
1029.0  493.2  1034.1  580.4
1400.6  509.1  1508.2  716.7
1030.2  442.2  1035.4  525.0
1062.6  470.5  1071.9  554.1
 386.4  410.8    19.2  829.4
 673.3  393.6   614.7  507.2
 880.1  404.6   865.2  484.9
1369.2  408.9  1434.8  519.1
1551.7  425.2  1817.0  772.6
 388.7  343.2     9.1  735.5
 789.8  375.6   754.9  476.2
1230.4  359.7  1269.8  457.3
1236.3  374.5  1276.6  474.2
1299.4  351.3  1359.8  469.1
 577.3  338.0   444.6  526.4
 918.6  340.2   907.7  416.3
 868.6  300.3   849.9  373.3
1504.3  311.3  1711.1  556.6
 738.8  279.7   687.4  380.2
 954.7  295.1   948.7  365.2
1088.2  257.7  1102.0  329.3
1377.5  257.3  1461.9  368.4
1369.8  282.0  1448.0  391.2
1545.0  289.6  1767.7  523.8
1552.9  251.9  1770.7  461.3
1158.6  238.4  1183.8  308.4
1304.4  226.1  1379.5  344.9
 601.2  180.2   461.9  334.9
 687.2  189.8   584.6  335.5
1256.3  181.9  1316.5  283.7
1324.3  191.1  1402.9  298.0
1452.4  163.6  1611.7  317.4
1473.8  178.8  1647.5  345.4
 592.0  134.2   440.8  281.9
 665.5  160.2   568.9  278.8
 984.0  135.4   978.6  218.4
1025.0  137.4  1028.8  220.4
1245.4  155.6  1304.7  254.6
1257.3  154.1  1319.8  253.2
1466.3  133.7  1622.5  268.1
1516.4  127.1  1727.7  293.0
 571.4   78.2   401.5  215.3
 701.4  114.9   602.9  236.0
1014.2  121.9  1015.4  204.7
1180.8   98.1  1221.3  176.5
 718.0   68.4   648.9  142.9
 775.6   32.4   718.8   99.5
1136.1   49.6  1165.2  114.0
1391.2   40.5  1498.7  120.4
1168.3   20.6  1199.6   66.2
1492.8   18.1  1687.3  132.6
 813.0  440.5   789.6  525.3
 957.9  259.9   952.1  326.0
 990.1   79.1   985.6  153.4
1394.4    0.5  1507.5   73.0
1079.6  682.1  1090.7  777.2
 811.4  602.2   785.9  720.4
 903.7  551.1   894.4  636.8
1030.2  589.8  1035.6  675.3
 952.8  384.9   947.2  464.1
 755.0  841.0   722.4  994.8
 766.2  823.2   739.9  952.3
 753.0  771.4   722.5  903.9
 709.9  604.5   666.6  733.2
 824.5  556.2   802.7  658.0
 681.2  435.6   629.1  546.0
1229.6  310.0  1266.4  391.6
 899.1  645.6   890.8  733.1
 905.0  639.1   897.5  723.7
 969.5  488.6   967.1  574.8
1283.3   80.6  1349.4  156.2
1286.8   72.7  1354.6  147.5
 617.4  124.4   489.1  252.9
 810.2  613.4   784.7  732.5
 556.5   86.4   373.7  233.4
1508.8  112.7  1723.6  278.4
 874.2  482.7   859.8  568.0
1209.7  491.1  1242.9  599.0
1342.4  109.5  1426.2  196.5
 771.1  712.7   742.2  839.1
 950.1  487.6   945.2  573.6
1244.6  197.8  1300.4  300.1
 991.8  132.8   988.1  215.6
 972.6  611.9   971.9  697.1
 877.4  337.9   860.7  414.0
1006.0  338.3  1007.4  415.4
1262.6  183.8  1324.5  286.4
 677.9  188.0   587.0  311.3
1037.5  573.7  1043.8  659.2
1186.5  805.2  1212.5  932.7
 707.7  586.9   661.4  720.7
1365.6  219.5  1468.0  354.4
 580.5   15.1   419.6  122.9
 989.2  883.2   990.6 1019.4
