1017.6  760.1  1010.3 1072.9
1080.9  767.1  1091.7 1084.7
 879.4  736.7   832.3 1050.0
 923.3  750.9   889.4 1063.1
 943.8  756.3   916.0 1067.2
1030.0  747.7  1026.1 1053.1
1000.1  730.1   988.0 1021.4
1028.2  738.0  1023.7 1038.6
 865.9  694.1   816.0  987.3
 883.6  694.5   839.1  983.6
 875.3  697.4   828.0  991.5
 948.8  701.2   923.3  979.2
1029.0  696.4  1024.4  971.9
1030.7  700.9  1026.5  978.9
 997.4  719.6   984.6 1007.9
1105.2  695.2  1121.7  987.0
1081.4  700.7  1091.1  989.8
 910.8  660.6   875.8  921.7
 921.2  676.1   888.7  943.8
 950.5  676.8   925.8  942.6
1038.9  677.3  1036.6  941.8
1097.8  675.4  1111.3  952.6
1079.3  676.6  1087.8  949.6
1085.1  666.2  1094.9  935.8
1164.4  627.4  1206.8  976.5
 786.4  588.1   694.3  922.2
 792.6  610.5   703.2  951.5
 813.5  607.2   731.0  948.7
 914.7  614.8   879.9  867.4
 935.9  626.8   907.4  874.5
 964.4  638.0   943.3  886.6
 955.9  645.2   932.9  893.8
1026.9  629.8  1021.1  879.6
1035.9  631.7  1032.4  881.1
1087.8  628.0  1097.5  878.9
1197.5  609.6  1252.1  955.4
1177.5  589.6  1222.5  915.0
 754.0  542.5   639.6  892.7
 888.6  565.3   845.0  814.8
 976.9  562.5   956.8  813.3
 942.0  581.2   913.2  830.7
1002.5  578.7   989.5  831.4
1044.0  573.8  1042.1  825.8
1104.9  583.0  1119.3  834.7
1112.0  567.2  1128.3  817.6
1095.8  580.3  1107.9  832.7
1140.8  561.4  1165.5  814.6
1233.0  557.9  1306.3  914.4
1201.0  539.5  1258.1  870.7
1207.8  544.6  1268.6  883.5
 767.2  526.1   656.8  872.6
 749.2  507.2   631.5  846.7
 838.2  541.2   779.3  791.6
 903.4  557.3   863.5  806.5
 905.3  551.7   865.3  802.1
1123.7  562.4  1143.2  812.2
1092.1  551.9  1103.4  804.9
1148.2  548.9  1175.0  801.1
1144.0  516.6  1171.5  777.8
 786.4  481.7   689.2  791.9
 855.4  481.7   796.3  735.2
 901.7  483.0   856.4  736.4
 899.1  479.8   853.3  730.8
 997.3  493.0   980.8  749.4
1129.6  492.2  1152.5  746.3
1125.0  492.5  1146.6  747.1
1160.4  495.9  1192.9  752.9
1191.8  486.1  1239.4  769.6
 975.3  466.0   951.9  713.4
 961.8  463.6   934.1  713.4
 968.9  463.3   943.2  714.1
 946.4  463.0   914.1  712.1
 939.3  464.4   905.0  712.4
1069.2  439.8  1073.9  686.9
1085.4  439.8  1095.3  690.1
1175.7  437.2  1214.9  691.1
1188.2  455.8  1231.2  713.8
 821.4  424.3   748.5  671.3
 820.7  404.5   746.6  648.4
 812.0  425.5   734.4  679.2
 812.9  423.5   734.1  681.4
 830.3  428.3   761.0  673.9
 879.0  399.6   823.1  642.4
 881.4  407.5   826.2  653.5
 976.1  417.0   951.4  662.3
 971.3  416.8   945.2  661.7
 977.7  405.2   953.1  649.1
 978.7  413.4   954.8  658.2
 983.8  415.9   961.4  662.1
1053.1  431.3  1052.8  679.0
1081.0  419.5  1089.4  666.0
1101.8  400.9  1117.2  648.2
1164.3  424.1  1199.1  671.0
1183.9  403.4  1225.3  647.2
 815.7  392.0   738.6  636.2
 857.9  354.7   792.3  592.6
 965.7  375.9   936.3  617.6
 986.6  377.8   964.2  619.0
1052.4  385.9  1051.5  628.9
1086.2  364.1  1096.5  605.1
1086.9  372.1  1097.4  613.9
 681.4  275.9   470.8  633.1
 775.5  323.7   658.6  610.6
 878.7  343.3   818.5  583.1
 996.0  339.2   975.5  578.7
 938.9  340.1   899.5  576.7
 934.6  329.3   893.0  565.8
1075.8  345.0  1082.7  584.0
1088.2  335.2  1099.4  574.9
1225.0  310.0  1289.7  561.6
1241.8  332.3  1323.1  623.9
 726.1  278.7   561.3  598.3
 771.4  277.8   651.6  547.2
 845.5  281.5   771.0  508.6
 873.3  289.8   808.9  518.3
 954.6  303.7   919.3  533.5
 952.5  304.4   916.1  536.7
1056.6  306.8  1056.6  535.3
 958.6  267.0   924.6  481.7
 949.8  289.4   911.2  524.4
 800.2  176.0   652.0  484.5
 780.4  159.1   605.8  485.0
 791.1  156.5   627.1  473.5
1005.5  134.1   977.2  419.4
1187.1  147.3  1266.0  435.9
1174.1  146.2  1245.6  434.9
1353.0  146.1  1571.8  495.2
 698.0   92.9   456.1  393.9
 837.4  110.6   706.2  389.4
 815.5   88.5   667.5  360.4
 992.9  127.1   956.9  410.8
1019.9   98.9   999.3  373.8
1291.5  111.4  1452.7  414.7
1361.9   93.0  1586.1  403.8
 784.6   86.8   615.3  361.2
 883.7   69.9   777.1  331.7
1329.9   58.1  1511.2  319.0
 770.2   50.7   590.7  303.5
 768.1   35.8   586.3  280.6
 761.4   46.6   574.6  299.3
1285.3   32.8  1440.9  283.5
 748.9   -3.9   544.8  226.5
1048.7   24.9  1043.8  205.1
1180.1   15.1  1239.9  194.8
1400.7  -16.3  1696.1  254.0
 717.7  591.6   586.4  970.4
 817.5  609.2   735.8  953.6
 781.3  518.5   680.3  849.4
1386.9  303.2  1699.6  884.2
 712.2    4.8   488.8  236.2
1078.8  550.7  1086.4  803.6
1073.1  553.8  1079.0  805.9
1148.3  553.9  1175.7  811.2
1198.1  505.3  1253.5  823.1
 756.4  414.4   632.8  738.2
1041.7  408.2  1037.6  653.6
 717.2  304.8   547.0  639.9
 727.5  311.9   572.5  630.3
 825.1  394.3   753.2  631.5
 677.2  249.5   452.1  610.6
 726.9  284.4   563.5  605.1
 729.4  303.2   571.1  626.0
 780.4  326.3   666.2  612.7
1012.0  333.3   996.9  571.9
1063.7  312.8  1066.2  546.4
1292.4  293.1  1413.0  611.1
 994.1  307.2   972.4  539.3
1158.9  305.0  1195.2  539.0
1190.1  164.5  1268.4  454.6
1210.6  178.1  1302.6  480.5
 880.7  133.8   780.6  413.0
1009.3  104.0   982.1  382.3
 762.6   58.9   579.2  315.7
 767.0   59.2   587.1  315.3
 819.7   56.3   671.7  312.0
 809.0   68.1   655.8  328.9
1286.5   74.7  1437.7  343.8
1404.0   31.1  1688.5  327.1
1413.4   44.1  1704.5  349.2
 861.0   17.9   757.6  213.3
 951.4  755.1   925.5 1068.7
1019.9  749.8  1013.3 1055.3
1114.7  747.2  1135.4 1067.6
1022.2  698.8  1015.8  977.1
1085.5  724.7  1096.9 1028.2
1192.0  728.0  1241.3 1084.5
 758.3  678.4   674.0  984.1
 914.2  676.6   879.7  946.7
1204.5  679.8  1267.1 1077.9
 969.7  625.4   949.5  874.3
1074.6  615.3  1080.9  865.5
1054.3  630.2  1055.4  881.1
 971.7  562.4   950.2  812.7
 981.1  577.1   962.5  827.4
1112.5  576.4  1129.0  828.4
1020.8  547.0  1012.3  797.5
 863.3  481.6   806.8  733.9
1091.2  490.3  1102.7  744.3
1507.4  478.3  1647.7  733.3
 810.2  447.8   733.7  703.5
1146.4  435.3  1175.1  681.7
1184.4  440.1  1226.4  695.2
 840.0  428.9   773.2  676.6
 884.4  397.9   829.8  641.8
 950.0  395.3   916.4  637.8
 955.8  391.0   923.8  634.4
 792.5  358.1   698.1  617.6
 833.3  346.8   759.1  583.7
 913.9  366.4   867.6  605.1
 994.1  314.9   972.6  547.5
1213.5  317.4  1273.7  571.3
1176.8  332.8  1218.9  571.8
1153.4  285.9  1188.2  516.4
 725.7  198.5   526.0  534.1
 791.5  178.3   629.4  506.0
1028.2  176.8  1014.2  475.0
 744.8  151.9   534.6  493.8
 879.8   84.4   772.3  351.5
 872.0   95.5   760.4  368.3
1277.5   80.7  1421.1  350.8
1303.8  118.7  1474.3  428.3
 759.5   65.2   588.1  307.0
1183.4   44.4  1260.2  276.8
 763.2    8.8   571.1  244.6
 928.9  744.8   896.9 1052.0
 899.2  700.2   859.3  989.0
 948.4  711.0   922.9  992.0
1048.1  700.8  1048.6  983.9
 909.2  679.3   873.1  951.7
1031.3  636.2  1026.7  885.6
 831.5  566.4   771.1  823.4
 839.4  528.9   779.9  779.5
 832.1  530.2   766.3  798.7
 898.8  540.7   856.6  790.4
 968.0  548.8   945.1  799.2
 835.8  479.3   770.7  732.6
 842.6  497.6   780.0  755.4
 846.7  502.9   785.6  760.6
1071.9  489.2  1077.6  742.9
1035.8  491.0  1030.8  745.9
1073.5  513.3  1080.0  773.9
1046.1  406.9  1043.4  652.6
1010.2  390.3   995.7  632.9
1163.3  415.0  1198.9  666.3
1095.4  367.6  1108.3  604.2
1010.7  338.9   995.3  577.5
1150.1  294.9  1183.5  526.8
1220.0  183.4  1319.8  495.3
 599.9   55.4    82.1  511.4
 795.8  486.9   704.7  790.1
1198.9  424.4  1247.1  682.4
1234.8  353.7  1311.5  648.2
1254.5  195.4  1384.5  536.8
 970.3  723.6   950.3 1013.3
1191.3  676.7  1238.0 1004.7
 868.2  697.2   820.4  982.6
 967.1  687.7   946.6  957.1
 600.3  573.1   426.3  936.3
 892.8  647.5   853.2  904.8
 822.4  461.2   752.8  710.4
 903.0  462.2   858.1  708.0
 687.4  305.6   487.2  667.8
1004.5  420.2   988.9  665.9
1089.2  407.9  1100.4  655.0
1149.7  331.9  1182.1  569.2
1350.7  147.0  1566.1  494.1
1238.9  124.2  1362.6  431.5
1003.1   94.5   971.8  368.1
1294.5   43.0  1454.8  298.1
 756.5  564.9   641.8  928.2
 922.6  701.1   889.8  983.6
1075.2  689.2  1082.2  951.3
1191.6  437.6  1236.6  695.9
 885.3  430.2   832.9  677.0
 692.0  103.9   444.8  413.9
 996.8  132.7   963.1  419.5
1023.8   87.7  1005.1  360.8
1060.8  673.5  1064.2  941.1
 800.3  472.6   716.8  750.1
 794.7  505.5   702.9  816.6
 879.4  394.7   823.3  636.9
 998.1  578.4   983.9  829.3
 832.8  556.3   773.9  805.4
 899.6  544.3   857.6  795.7
 982.3  556.5   963.4  807.2
 892.7  484.8   844.9  738.7
1009.9  493.0   997.1  750.6
 990.5  491.9   971.8  749.3
 833.4  112.1   700.5  390.3
 709.5   46.7   485.5  304.5
1228.9   71.5  1341.6  336.9
1305.4   37.3  1474.8  291.0
1328.7   14.7  1516.7  257.2
 894.0  705.1   852.6  996.5
 977.5  680.7   959.7  945.1
 991.0  579.5   975.0  830.1
1030.2  442.2  1022.9  691.0
1062.6  470.5  1065.4  720.3
 954.7  295.1   920.0  517.0
1324.3  191.1  1509.0  547.6
 775.6   32.4   595.0  279.5
1136.1   49.6  1184.8  285.9
1073.0  685.2  1079.8  960.5
 813.0  440.5   737.1  694.9
1032.7  399.8  1025.6  648.4
1080.0  429.7  1088.1  675.9
1085.1  334.2  1095.1  571.0
 729.5  297.9   570.0  620.3
1047.1  132.6  1043.6  420.4
1005.3   68.2   974.1  336.1
1394.4    0.5  1684.9  285.2
1079.6  682.1  1088.1  956.2
 811.4  602.2   727.7  943.5
 903.7  551.1   863.0  803.4
1341.7  108.4  1533.0  403.9
 810.8  103.2   663.1  378.3
1030.2  589.8  1024.8  840.4
 952.8  384.9   919.6  626.9
 857.0  637.9   806.0  905.1
 899.1  645.6   861.4  900.6
 905.0  639.1   869.5  886.5
 984.4  546.7   965.7  798.4
 882.2  492.2   831.4  747.9
 969.5  488.6   944.5  744.7
1016.7  490.2  1006.0  744.8
 896.1  432.6   846.8  681.1
1283.3   80.6  1430.7  350.5
1286.8   72.7  1439.1  341.9
 756.6   49.5   567.7  302.8
1249.6  579.3  1334.7  964.4
 810.2  613.4   726.6  957.0
1165.8  516.0  1201.4  786.4
 786.1  504.8   687.2  829.0
 874.2  482.7   820.6  736.6
1209.7  491.1  1270.3  808.8
1342.4  109.5  1539.8  413.9
 771.1  712.7   679.3 1073.3
 950.1  487.6   919.2  743.1
1244.6  197.8  1366.1  535.4
 991.8  132.8   955.7  414.5
1196.3  461.8  1245.2  737.3
1227.5  575.5  1301.8  952.2
 877.4  337.9   817.2  573.8
1006.0  338.3   988.9  577.4
