 850.4  719.4   866.4  560.3
1340.8 1056.7  1274.2  788.9
 391.3  910.5   490.1  688.5
 923.9 1074.9   928.2  885.0
 987.2 1076.9   983.4  887.9
 806.8 1042.8   826.8  852.6
 831.2 1038.0   847.7  850.7
 833.8 1057.4   850.0  867.0
 814.5 1029.1   833.3  842.2
 819.4 1047.2   837.8  856.4
1025.7 1023.8  1016.9  845.2
1027.9 1031.5  1018.8  851.2
 983.7 1062.7   980.3  875.7
1054.7 1063.0  1042.3  873.5
1109.2 1030.6  1089.7  844.4
1080.1 1067.1  1064.4  875.6
1095.5 1046.3  1077.7  857.2
1105.2 1052.3  1086.1  861.4
 870.7  968.9   880.6  801.1
 859.1  973.1   870.8  802.2
 840.9  994.9   855.1  819.5
 922.7  991.2   926.4  820.0
1038.6  991.1  1028.2  819.9
1032.5  991.0  1022.8  821.3
1105.9  994.3  1087.0  816.6
1116.9 1006.3  1096.5  825.1
1092.2 1001.8  1075.1  824.0
1099.8  993.6  1081.7  817.1
1099.7  987.3  1081.6  811.6
1128.2  963.8  1106.5  790.4
1220.1 1055.8  1179.6  815.5
1223.2 1049.9  1182.4  811.8
 549.4 1032.9   627.4  775.5
 586.8 1042.0   657.7  784.1
 671.9 1014.8   721.7  783.4
 674.2  993.0   723.0  767.2
 594.9 1046.9   664.8  786.9
 713.1 1021.7   755.8  790.6
 867.9  946.0   878.0  782.4
 904.1  918.7   909.7  759.5
 941.5  931.2   942.6  771.4
 930.6  938.1   932.9  778.6
1022.8  925.4  1014.3  763.9
1034.7  926.8  1024.8  765.5
1040.1  933.1  1029.6  771.7
1026.7  911.7  1017.8  749.1
1085.0  912.1  1068.9  749.3
1102.7  925.6  1084.5  762.8
1122.1  943.3  1101.3  775.0
1115.7  921.8  1095.7  755.1
1262.0  998.1  1214.4  766.2
1268.8 1034.8  1219.8  795.8
 618.2  987.0   682.0  743.5
 613.1  970.6   678.1  728.9
 738.6  914.9   768.1  738.3
 777.1  871.2   799.3  709.9
 863.3  861.5   875.1  699.9
 838.5  860.2   853.5  698.4
 955.6  860.2   956.0  696.4
 955.5  867.1   955.9  701.6
 946.0  866.8   947.4  703.4
 910.0  876.5   915.8  714.6
 989.9  878.8   985.7  713.9
 983.5  893.0   980.0  730.6
1045.1  873.6  1034.0  708.7
1063.2  863.2  1049.7  697.3
1174.9  864.1  1146.6  697.0
1346.4  984.3  1279.8  734.0
1378.0 1019.3  1302.2  749.2
1329.0 1000.1  1265.9  748.7
1287.9  963.1  1233.9  726.0
1393.1 1025.1  1313.3  749.7
 601.2  936.9   669.6  697.1
 639.8  908.9   698.6  682.6
 604.2  922.1   671.3  687.2
 628.4  926.2   689.6  695.5
 605.7  946.2   672.9  706.0
 769.3  837.3   793.9  674.4
 814.3  844.2   832.7  682.2
 859.7  848.3   872.4  685.2
 964.6  846.3   964.0  681.2
 964.3  859.4   963.5  695.6
 955.6  844.4   956.2  679.7
 941.9  856.2   944.1  692.2
 990.7  856.5   986.5  692.3
1151.5  860.4  1126.5  696.0
1185.1  850.6  1155.3  683.8
1288.2  936.6  1234.0  703.3
1435.1  972.3  1340.9  686.4
 786.2  783.5   811.2  615.9
 849.7  785.1   865.9  617.2
 980.9  799.9   978.8  629.2
1007.6  801.2  1001.7  630.5
1030.1  791.4  1021.0  622.0
1059.8  803.4  1046.6  632.2
1162.4  797.6  1134.6  627.4
1078.1  805.6  1062.2  633.1
1156.1  798.4  1129.2  628.0
1256.7  824.5  1212.0  631.6
1205.1  805.4  1171.0  632.9
1258.6  839.4  1213.5  644.0
1259.7  806.6  1214.6  617.1
1216.7  786.0  1181.2  617.4
1260.6  811.7  1215.3  621.4
1592.6  898.6  1476.8  655.4
1611.9  877.1  1490.3  633.6
 746.5  758.8   776.3  597.0
 811.0  730.2   833.5  565.7
 827.0  744.4   846.5  581.1
 858.1  747.7   873.4  583.2
 978.5  735.7   976.9  570.2
 950.6  761.5   952.7  596.8
 926.4  766.5   932.4  595.9
 910.7  760.5   918.5  594.7
 901.1  760.3   910.2  595.5
1079.8  736.6  1063.6  570.3
1102.5  740.9  1082.8  572.0
1229.6  744.3  1190.5  571.6
1247.5  761.2  1205.7  586.3
1246.7  768.0  1205.2  592.8
1244.5  743.2  1203.4  572.1
 368.2  173.3   554.7    9.0
 442.1  813.8   564.4  546.6
 558.7  783.6   645.0  546.9
 735.3  718.5   769.1  553.8
 733.2  695.1   767.7  531.9
 719.8  728.5   756.9  558.7
 859.4  719.1   875.0  555.6
 873.9  730.2   887.5  564.5
 950.1  710.9   952.9  545.9
 976.5  729.4   975.3  564.1
 943.5  710.1   947.3  545.5
 952.0  697.6   954.6  533.1
1039.9  708.1  1029.5  543.2
1057.5  728.9  1044.5  562.0
1095.8  709.6  1077.0  544.1
1096.4  716.1  1077.6  549.4
1098.3  702.3  1078.8  529.5
1173.1  724.8  1143.0  558.3
1228.7  724.4  1189.9  555.4
1241.6  708.4  1200.6  540.2
 437.0  791.1   562.9  524.2
 577.7  723.2   661.3  495.8
 735.2  683.6   770.0  520.3
 724.4  683.3   761.0  519.3
 751.5  674.0   783.7  512.9
 781.1  639.2   810.3  478.1
 972.1  672.9   972.0  508.4
 934.1  666.0   939.8  502.0
 963.8  667.3   964.9  503.7
1052.0  684.3  1039.8  518.6
1048.0  677.0  1036.3  512.0
1061.6  677.8  1047.9  512.5
1104.6  654.9  1084.1  489.9
1105.5  663.8  1084.9  498.5
1104.2  641.6  1083.7  478.4
1085.4  648.1  1067.9  483.9
1177.3  651.9  1145.4  487.1
1173.9  660.5  1142.7  495.7
1186.7  656.4  1153.4  491.5
1414.5  783.6  1325.3  538.8
 410.6  729.1   554.5  455.5
 611.9  703.1   686.2  485.5
 631.9  675.0   698.7  471.5
 738.0  605.0   774.8  445.3
 737.1  594.4   774.2  436.3
 733.6  627.0   769.0  470.9
 808.6  630.8   834.5  467.4
 909.9  620.4   919.9  459.0
 894.9  624.0   907.2  462.6
 982.6  623.3   981.4  458.6
1088.6  623.7  1070.4  459.4
1104.1  631.7  1083.5  468.0
1080.7  605.1  1063.8  443.0
1087.3  636.4  1069.4  472.4
1108.1  625.2  1086.7  459.7
1239.1  637.2  1196.8  471.4
1615.2  761.3  1454.4  465.6
 645.3  612.2   707.0  426.6
 912.6  583.8   922.7  423.9
 980.9  592.5   980.0  432.1
 980.8  587.6   979.9  427.2
 990.0  587.9   987.6  427.9
1312.0  610.8  1253.3  432.6
1775.6  813.8  1514.5  413.2
 271.7  677.5   506.5  341.3
 553.9  578.9   675.8  317.5
1278.7  542.9  1209.0  313.0
1302.8  544.5  1227.0  314.0
1422.7  611.0  1307.3  340.6
1482.7  645.3  1347.7  358.8
1768.8  711.5  1515.2  352.8
 296.2  580.9   509.4  292.1
 224.5  633.2   480.3  303.7
 579.5  563.3   692.1  310.7
 728.6  498.1   796.0  277.5
 732.8  487.8   799.4  269.4
 736.2  498.7   802.2  276.8
 628.2  552.9   723.3  313.0
 826.1  489.7   869.5  270.8
1262.5  516.0  1195.9  288.7
1299.6  518.1  1223.3  289.5
1276.8  517.0  1206.2  288.3
1214.6  513.0  1160.1  286.2
1263.5  510.7  1196.2  283.2
1310.8  519.0  1231.8  290.9
1377.0  560.4  1278.0  313.7
1322.5  509.6  1240.3  283.3
1486.7  576.8  1345.4  298.7
1659.8  612.6  1461.8  315.9
1665.0  596.9  1465.6  305.1
1591.9  560.2  1419.8  287.6
1903.4  311.3  1585.5   70.6
 346.9  533.0   538.0  266.9
 379.6  481.3   557.3  234.9
 480.2  456.2   625.5  222.7
 670.7  465.4   756.3  244.6
1000.7  443.9  1001.2  223.3
1000.4  451.6  1000.8  231.1
1119.0  470.7  1088.0  245.4
1272.9  449.5  1200.3  227.9
1517.9  510.1  1371.3  258.4
1538.5  524.3  1385.6  267.9
1669.7  520.6  1469.3  252.2
1689.7  516.8  1478.7  243.4
1677.4  507.3  1474.2  242.2
1671.6  484.0  1470.4  226.3
 566.4  436.6   682.6  217.0
 532.5  391.8   657.5  184.2
 593.0  396.3   701.5  188.3
 532.1  385.5   657.9  178.6
 734.4  420.0   804.9  207.6
 658.8  403.4   749.4  194.7
 655.7  415.1   746.6  204.4
 952.1  430.0   965.6  211.8
1007.0  437.1  1005.8  216.9
 967.9  432.2   977.2  213.5
1194.5  435.2  1142.8  216.1
1278.4  431.5  1203.7  212.4
1251.3  434.1  1183.7  213.1
1243.4  434.1  1178.2  214.2
1297.9  427.5  1217.8  209.0
1406.2  426.1  1296.0  206.9
1418.0  406.6  1303.5  190.7
1520.9  413.7  1376.9  194.6
1471.0  430.1  1343.1  210.1
1687.9  468.6  1478.1  210.9
1584.0  398.5  1421.6  182.6
1573.5  395.6  1414.0  180.5
1563.8  419.4  1408.7  200.1
1792.4  472.6  1534.9  197.1
1805.8  450.2  1542.4  180.5
1859.8  471.3  1578.8  195.2
1813.7  485.4  1549.7  206.4
 126.9  355.3   403.3  123.3
 246.1  365.7   486.7  129.5
 545.9  366.5   668.4  164.0
 538.7  371.6   662.6  168.5
 618.5  349.4   726.4  143.8
1053.5  275.1  1040.3  127.6
1513.7  368.8  1369.0  157.9
1525.9  359.8  1377.3  150.8
1513.9  381.5  1370.1  168.4
1583.7  374.8  1420.0  163.6
1565.7  369.8  1406.2  158.6
1795.8  407.7  1530.7  147.0
1814.7  416.7  1543.3  153.1
1804.6  408.5  1538.0  149.0
1805.7  390.0  1531.8  130.0
1802.5  433.7  1541.9  171.2
1775.6  392.0  1522.3  141.4
1778.2  436.7  1521.8  169.1
 122.6  346.9   402.7  115.8
 262.6  332.2   502.8  102.3
 239.0  299.4   489.9   77.5
 478.1  282.3   626.5   93.4
 473.7  293.8   622.4  102.8
 482.9  288.6   628.6   99.6
 470.2  274.3   620.8   87.7
 366.0  289.3   550.1   94.4
 499.9  312.1   639.7  118.0
 769.2  248.7   818.4  106.6
 825.2  254.1   862.1  111.1
1061.7  237.6  1047.0  104.8
1051.5  244.3  1038.8  108.3
1154.7  252.2  1119.8  113.0
1169.7  197.0  1132.0   71.4
1423.4  267.5  1311.9   96.4
1387.9  296.8  1285.9  118.2
1527.9  302.3  1379.4  110.2
1529.1  279.7  1373.8   85.8
1536.0  279.5  1379.1   86.2
1602.0  323.1  1428.0  120.2
1713.2  282.8  1492.5   78.7
1605.6  307.0  1428.9  106.9
1617.2  300.8  1437.1  102.5
1834.9  317.3  1550.9   82.1
1841.5  358.4  1556.8  110.7
  94.7  265.8   399.9   49.6
  84.7  284.8   384.4   68.0
 241.8  288.2   493.8   68.4
 237.2  279.6   491.7   61.8
 382.7  214.0   563.4   39.3
 385.8  220.3   565.4   44.0
 434.0  233.9   596.8   56.5
 498.1  234.5   643.9   55.9
 508.7  233.5   650.7   55.9
1527.5  246.4  1370.9   60.1
1692.1  253.3  1484.6   64.3
1689.3  214.0  1478.7   33.3
1101.9 1078.5  1083.1  882.0
 835.0 1048.5   851.1  859.2
 920.5 1024.8   924.8  846.2
1085.4 1007.4  1069.1  829.2
 546.2 1050.7   622.2  797.2
 554.9 1055.9   632.1  793.9
 718.0 1027.5   760.3  794.1
 820.6  978.0   837.5  803.4
1081.7  978.5  1066.0  807.7
1054.0  966.9  1041.8  799.2
1030.2  946.6  1020.8  783.8
1347.3 1046.7  1279.7  781.4
 132.0  942.3   251.5  746.3
1275.1  931.4  1224.2  704.5
 903.8  841.2   911.1  676.9
1095.3  826.0  1077.0  652.7
1186.0  862.3  1155.8  691.7
1200.8  871.4  1166.6  684.1
 760.3  816.9   789.6  641.8
 603.7  812.1   675.6  583.8
1222.3  767.3  1185.3  597.5
 664.5  710.8   716.9  523.6
 806.8  720.7   829.9  557.1
1468.1  817.4  1359.8  544.7
 533.1  707.3   629.7  474.9
 909.1  677.8   918.3  514.5
 530.2  705.3   630.0  468.0
 910.4  626.0   920.2  464.7
 998.6  621.1   994.8  457.0
1173.3  629.3  1141.6  464.6
1240.0  630.8  1196.1  458.7
 675.4  563.6   727.8  395.9
 972.7  586.8   973.1  426.7
1203.5  590.4  1166.2  427.8
1861.8  809.4  1557.7  391.4
 708.5  528.5   779.8  303.3
 838.9  531.0   878.4  304.9
 921.7  528.9   941.0  302.1
1000.7  541.0  1000.3  312.5
1339.8  566.9  1253.9  328.6
1393.4  582.0  1287.9  324.0
 518.0  552.3   657.0  285.4
 733.1  480.2   800.5  261.1
 737.0  455.3   804.0  240.9
 890.4  460.5   919.5  239.5
 981.0  461.1   986.5  238.1
1864.4  504.7  1584.2  220.2
 525.9  384.9   652.7  179.0
 603.3  387.6   709.8  180.9
 630.1  381.6   729.7  176.0
 612.7  399.7   716.0  190.9
1479.7  415.0  1348.4  197.4
1499.1  425.0  1361.9  203.9
1828.8  458.5  1558.4  186.9
1219.6  287.3  1168.3  132.6
1090.5  182.7  1069.8   62.2
1458.7  225.3  1334.4   60.7
1723.1  253.1  1500.9   59.6
 996.3  143.1   995.0   31.9
1155.1  338.0  1115.7  154.3
 948.0  919.2   948.5  758.8
 948.7  859.4   949.9  696.1
1109.8  795.2  1089.4  625.3
 719.4  752.9   755.7  582.5
 197.9  436.0   448.6  182.4
 972.9  594.9   973.2  434.9
1498.4  447.1  1364.9  226.0
1295.0  340.7  1219.0  154.4
 940.9 1064.1   942.8  878.9
1408.0 1026.2  1323.9  745.6
 867.5 1001.8   878.3  826.2
1028.6  931.1  1019.4  770.1
 760.6  870.5   786.2  703.6
1317.7  975.6  1257.9  734.1
 769.7  825.6   794.7  662.1
 943.4  846.2   945.4  682.4
 759.2  780.6   788.0  613.2
 769.0  804.4   796.3  634.3
 775.0  809.6   801.3  639.6
1083.2  793.5  1066.6  624.1
 264.8  766.2   479.6  433.4
 278.1  770.7   491.1  433.7
 357.3  544.2   545.6  274.8
 982.8  450.8   988.0  228.9
1701.0  257.2  1490.0   66.2
  69.0  303.0   378.2   77.5
 666.1 1082.2   717.3  838.4
 692.6 1019.7   738.4  790.0
1338.4  719.8  1270.8  507.7
 439.6  750.3   572.9  478.1
1613.6  741.2  1455.1  454.2
 487.8  297.8   632.3  106.0
 811.5 1057.7   831.0  865.2
 837.2 1077.0   853.1  883.3
 913.0 1087.2   918.8  894.3
 947.7 1068.2   948.9  880.5
 953.6 1066.7   954.0  880.4
1081.6 1059.3  1065.6  868.7
 820.3 1025.2   838.0  840.6
 811.8 1035.5   830.3  851.4
 821.9  989.9   838.9  812.8
 863.6 1015.6   875.1  836.8
 922.7  980.8   926.4  812.2
1067.3  991.5  1053.4  818.3
1237.1 1052.6  1193.9  814.1
1228.5 1046.0  1186.7  807.8
1445.2 1071.6  1360.9  807.6
 618.1  993.7   680.1  754.6
 665.8 1013.9   716.4  783.3
 691.5 1029.1   737.6  797.1
 815.4  968.8   832.8  796.3
 768.3  989.4   793.5  805.2
 841.9  966.9   855.6  797.6
1059.9  955.1  1047.0  794.9
1059.6  960.7  1046.7  794.5
1125.8  974.9  1104.5  801.2
1527.3  996.4  1431.2  754.9
 474.0  986.8   560.5  749.0
1068.1  894.0  1054.1  730.4
1231.7  955.7  1190.8  742.1
1409.0 1007.7  1323.1  725.0
1578.9  956.8  1470.3  714.2
1551.5  962.6  1448.8  721.1
 364.6  932.1   471.8  699.2
 412.1  892.6   507.0  674.5
1069.2  888.5  1055.0  724.9
1151.4  870.2  1126.4  704.0
1453.7  969.7  1353.6  678.5
 897.3  842.6   905.4  678.0
 855.7  816.9   870.6  647.7
1116.8  828.4  1095.5  654.8
1107.0  828.6  1087.1  655.6
 876.5  787.2   888.9  619.3
1074.7  799.8  1059.3  628.5
 555.0  776.2   642.3  540.3
 740.4  757.5   771.9  592.6
1070.3  744.1  1055.4  576.5
1096.1  723.4  1077.3  555.7
1116.3  723.5  1094.4  554.4
 454.9  770.0   581.5  498.9
 433.9  768.8   566.8  495.5
 719.8  714.0   756.7  547.0
 992.2  690.8   988.9  526.5
 446.8  755.1   578.4  481.8
 520.5  707.8   620.9  472.9
 535.3  699.3   634.5  462.3
 772.4  630.6   803.0  470.5
 862.8  639.5   879.6  477.7
1006.2  669.4  1001.0  504.8
 890.0  600.1   903.3  440.3
1185.3  618.9  1151.5  455.1
1566.9  693.1  1408.4  394.3
1899.5  777.7  1585.5  375.7
1534.0  661.2  1383.7  368.8
1903.0  744.3  1593.7  361.6
 265.4  642.8   501.6  318.3
1413.2  603.0  1301.2  336.8
1494.9  624.0  1352.4  334.8
1072.7  552.5  1054.4  319.9
1174.9  523.1  1131.2  298.4
1184.5  529.2  1138.5  303.5
1179.8  509.6  1134.2  283.7
1275.3  516.2  1205.4  289.0
 351.8  501.0   541.2  244.5
 318.3  499.4   524.4  235.2
 558.7  509.9   685.0  257.1
 681.0  486.2   760.4  268.2
 682.3  500.7   761.0  279.9
1413.8  526.6  1298.6  273.7
1514.7  516.0  1369.9  264.2
1675.9  532.8  1473.4  260.4
1813.3  565.3  1550.1  261.3
 630.2  449.2   727.9  229.5
 719.0  418.0   794.1  204.7
 855.0  458.6   893.6  236.9
 862.5  459.0   899.2  237.0
 869.6  458.7   904.5  236.8
 876.0  459.2   909.2  237.0
 973.3  437.4   981.1  218.4
 969.4  445.5   978.0  225.8
 945.2  420.9   960.5  205.6
 974.1  430.9   981.7  213.0
 967.2  430.4   976.8  211.8
1009.4  427.6  1007.6  208.9
1254.8  442.9  1186.3  219.6
1203.6  447.5  1150.0  228.0
1494.3  418.9  1358.5  199.5
 189.0  408.2   442.5  163.0
 534.1  395.2   658.4  187.2
 525.7  390.4   652.1  183.7
1017.0  416.3  1013.2  197.8
1131.7  370.0  1097.8  175.2
 347.9  349.7   542.9  132.0
 414.7  353.7   576.5  149.7
 560.0  351.9   680.2  151.2
 543.5  318.5   671.0  123.0
1413.5  329.8  1301.4  136.8
1561.5  352.5  1401.9  144.5
 228.9  282.3   486.6   63.2
 476.3  271.6   625.1   85.8
 514.0  302.0   650.2  110.3
1009.8  271.2  1006.3  124.0
 996.1  270.1   995.7  123.1
1407.8  276.8  1301.8  105.6
1557.4  280.2  1393.1   85.5
1517.0  268.5  1363.9   76.1
  92.1  244.8   398.0   35.6
 105.1  226.6   409.8   21.6
 246.1  258.5   495.4   49.3
 357.3  200.5   546.5   28.7
 457.1  251.0   613.8   68.4
 519.5  217.8   661.8   41.2
 532.3  228.9   665.0   55.6
 826.9  164.0   861.6   44.7
 959.9  176.7   966.5   55.8
1013.5  163.6  1008.6   49.3
1178.6  206.1  1139.0   78.5
1584.2  206.4  1407.3   28.9
1587.1  221.7  1410.9   41.2
1576.8  213.1  1402.7   34.1
1680.5  212.4  1473.6   33.0
1696.0  233.2  1485.1   48.3
 367.2  186.4   553.1   19.1
 340.0  167.3   537.1    3.0
 515.2  194.4   658.8   24.5
 833.3  147.9   867.1   30.9
 975.1  124.6   978.0   17.8
 965.1  134.9   970.1   25.4
1016.3  121.6  1011.0   13.2
1046.5  139.3  1035.0   28.4
1475.3  183.6  1342.9   25.9
1380.9  119.1  1293.1    3.4
1503.3  181.0  1362.3   23.4
1504.9  161.7  1362.9    8.9
1485.7  172.2  1349.8   17.2
 835.3  168.2   867.9   48.7
 907.4 1087.1   914.0  894.3
 861.7 1059.4   874.1  871.1
 751.9 1029.4   780.6  833.5
 826.0 1022.2   842.8  838.8
 884.6 1036.3   893.7  853.8
 953.4 1003.9   953.4  831.4
 757.7  960.1   784.5  778.3
 769.7  982.8   794.6  799.9
 974.2  995.2   971.6  824.8
 953.0  989.5   953.0  819.6
1193.7  978.7  1162.0  789.8
1563.7  987.7  1459.4  743.4
 791.8  948.5   812.6  776.3
1279.4  930.7  1227.2  701.0
1341.4  922.2  1273.1  672.3
 784.4  877.8   805.7  715.9
1079.9  876.0  1064.2  710.9
 743.1  829.5   775.2  651.3
1182.5  850.1  1153.0  683.2
 552.0  804.0   652.8  532.8
 996.4  798.6   992.1  627.9
1609.2  789.9  1459.3  505.3
 665.7  751.6   715.4  565.0
1252.9  750.7  1209.7  574.4
1391.8  771.9  1307.5  529.8
 309.8  722.6   528.4  378.1
 888.2  720.1   899.7  555.9
1461.2  698.9  1335.0  404.3
 223.8  679.4   483.1  331.0
 631.3  666.0   698.4  463.9
1099.4  680.9  1079.3  505.0
1213.5  665.5  1176.2  499.8
1244.1  664.7  1201.4  496.3
1558.0  683.3  1406.6  396.2
 990.8  620.7   988.2  457.4
1222.1  620.6  1182.3  455.8
1846.7  567.6  1573.3  263.7
 350.7  511.8   540.5  252.0
 684.5  511.3   761.8  289.9
 959.7  499.5   970.2  272.5
1666.5  492.1  1469.0  234.7
1868.8  476.0  1584.5  198.1
1007.0  438.9  1005.8  218.4
 377.0  387.8   554.7  168.5
 386.9  392.2   559.7  174.0
 748.9  424.9   815.5  211.5
 740.6  417.8   809.7  205.5
1770.0  392.0  1521.0  143.9
1505.9  374.6  1364.4  163.5
1555.4  357.1  1402.5  154.5
  77.8  306.8   382.6   81.1
 541.7  338.3   666.8  141.3
 260.4  289.3   505.9   69.5
 634.8  255.5   730.0   87.7
1003.3  277.0  1001.2  128.4
1226.6  279.2  1174.4  128.7
 379.0  196.3   560.2   27.1
1469.2  203.2  1341.3   43.6
1685.2  158.7  1472.6   -7.7
1016.7  153.7  1011.0   44.1
 981.6   96.8   983.6   -7.1
 859.7  992.5   871.4  819.1
 615.5  958.5   680.6  717.4
 632.0  928.7   691.6  700.6
 852.8  923.9   864.6  763.8
 832.9  859.4   848.5  697.5
 915.3  846.6   920.6  685.8
 972.9  710.1   972.0  549.5
1212.4  715.5  1176.3  548.9
1224.3  718.9  1185.8  548.8
 814.3  684.0   837.3  521.2
1046.9  684.2  1035.4  518.2
1461.8  653.9  1335.1  370.7
1575.8  676.6  1413.8  380.4
1002.5  629.5   998.1  464.9
1657.5  634.2  1460.8  331.9
 344.5  523.1   536.8  259.3
 603.2  549.4   707.9  303.8
 562.0  534.2   686.6  275.9
 614.2  556.1   714.3  312.3
 323.2  513.1   527.6  245.2
 333.9  510.7   532.5  246.7
 525.4  499.5   661.8  248.4
 516.7  503.7   655.9  250.8
 836.2  490.8   877.4  270.2
 961.5  442.2   972.3  222.5
1380.3  468.4  1279.4  243.2
1441.8  439.9  1322.1  217.7
1503.7  442.8  1367.7  220.9
 769.1  411.8   831.3  199.2
 944.5  428.3   960.0  211.7
1004.0  427.8  1003.7  208.6
1045.0  430.0  1033.6  211.9
1000.5  406.5  1001.3  191.5
1554.1  395.0  1400.8  181.0
 547.6  345.9   671.6  146.2
 791.6  350.5   846.1  158.8
 948.2  313.1   960.2  143.6
1132.4  339.0  1098.8  155.4
1257.8  332.1  1191.7  148.6
1399.8  299.3  1295.5  121.6
 894.9  258.7   916.4  115.3
1606.4  288.2  1428.8   92.8
 584.1  225.6   695.4   61.6
 580.7  164.6   693.3   16.2
1064.0  182.2  1048.8   59.8
1394.3  192.0  1302.0   57.7
1483.7  176.9  1350.8   23.3
 380.0  157.0   567.4   -5.7
1184.2  128.0  1143.3   16.1
1247.0  127.5  1191.7   13.8
 763.9  850.3   788.4  688.9
 837.5  787.5   855.3  619.3
 890.4  791.0   901.0  622.0
1371.6  591.3  1275.3  340.5
1580.3  347.7  1414.7  140.3
1185.8  203.1  1144.8   76.7
 444.2  760.0   575.2  487.6
 845.3 1051.4   859.9  862.7
1025.8  740.7  1017.4  573.5
1210.0  350.6  1156.0  161.5
1646.2  546.5  1457.0  276.3
 183.3  998.5   340.5  725.2
1414.4 1000.6  1327.1  717.9
1108.6  313.5  1083.8  163.5
 722.9  744.0   758.9  574.3
1857.0  504.0  1578.3  218.6
1028.9  699.2  1020.1  530.3
1094.9  725.6  1076.4  559.6
1323.3  963.2  1261.7  720.6
 528.8  699.7   629.6  462.2
1131.9  508.1  1098.5  282.5
 719.2  355.7   794.0  159.2
1813.8  389.9  1537.8  130.6
1092.5 1008.6  1075.3  830.1
 709.5 1016.5   753.0  785.4
 819.3  999.1   836.9  819.0
 857.1  850.2   870.3  685.6
1135.7  765.7  1111.2  594.4
 539.9  779.6   628.7  546.3
1455.3  665.7  1331.4  381.6
 421.0  440.6   578.7  216.1
 622.2  452.7   720.4  234.9
 849.3 1073.7   863.5  881.2
 982.6 1036.0   979.1  857.1
1545.2 1042.1  1443.5  786.2
 628.8  958.9   689.0  725.4
 632.0  960.3   691.9  726.1
 703.5  982.0   746.8  760.8
1518.3  990.9  1424.0  751.0
  60.3  966.4   397.2  492.6
 451.7  931.3   538.6  710.0
 925.8  941.9   928.6  781.8
1318.2  951.0  1260.1  722.1
 390.4  905.5   490.2  682.7
 454.8  902.9   539.7  689.4
1026.9  887.3  1018.0  724.0
 897.2  844.5   905.4  679.8
1706.8  850.6  1469.4  437.7
 267.6  757.2   529.6  359.3
 559.0  754.4   644.0  526.3
 741.8  748.5   773.5  583.7
 528.0  712.6   627.8  474.7
 576.2  719.9   660.6  491.9
1598.1  716.0  1426.9  403.4
 377.7  690.3   533.4  420.2
 883.3  650.8   897.6  483.7
 916.4  675.0   924.6  511.3
 593.8  606.1   700.9  346.0
 552.5  626.1   672.7  356.2
 731.8  606.7   770.0  445.9
1175.0  630.9  1143.1  466.1
1603.6  633.4  1424.6  333.5
1647.2  642.9  1455.0  340.3
 703.9  591.4   781.2  337.7
 799.6  575.0   827.5  417.7
 895.7  600.4   908.2  440.2
 420.6  544.5   590.8  274.8
 517.8  527.3   644.0  288.6
1021.8  533.7  1016.2  305.5
1199.8  524.5  1149.9  299.1
1280.8  531.1  1210.3  303.2
1259.1  529.0  1194.1  301.4
 630.6  515.6   726.5  282.1
 848.6  491.4   886.8  270.3
1362.2  480.3  1266.1  251.7
 351.3  436.4   543.8  195.1
1152.3  473.2  1112.3  246.4
1518.8  457.1  1379.5  232.9
1841.1  470.7  1567.1  195.5
1057.8  430.4  1042.9  211.6
1288.3  421.2  1210.3  202.7
1891.0  413.0  1585.0  143.0
 131.7  347.6   412.7  113.4
1157.3  345.7  1117.1  159.1
1146.8  336.4  1109.4  152.5
1635.7  301.1  1450.6  103.2
 437.2  290.7   595.9  100.6
1670.8  276.3  1471.8   82.3
 966.0  234.0   971.3  100.8
1599.9  205.0  1418.0   27.9
1639.7  207.5  1447.2   31.2
 474.2  174.3   631.1    8.9
1485.0  193.4  1351.4   34.9
 776.9  132.7   823.1   17.9
1178.6  149.0  1137.8   29.1
1241.0  121.2  1186.5    7.6
 737.3  912.8   772.3  714.9
1053.9  888.7  1041.6  724.9
 612.7  963.9   677.8  723.2
 827.9  975.4   843.7  802.8
 855.8  946.1   867.3  782.5
1007.5  794.9  1001.6  625.4
1490.4  431.4  1356.7  210.5
1726.0  228.4  1500.9   40.9
 764.3  180.6   812.3   57.3
 989.8  136.8   989.8   26.9
 530.2 1033.5   609.7  781.1
1360.5 1060.2  1288.8  785.3
 120.2  323.2   404.0   97.3
 708.3 1030.4   751.8  798.0
1214.1  842.7  1178.1  660.5
 694.5  561.1   741.5  399.4
1096.1  425.5  1071.0  209.4
 665.3  899.6   719.0  676.9
 811.9  785.2   833.4  617.1
1290.3  882.9  1236.0  660.4
 168.6  525.0   430.6  241.9
1618.4  510.9  1441.6  257.0
 453.8  780.8   580.4  507.8
 706.8  790.9   747.4  607.1
1262.1  797.3  1216.5  608.3
 351.7  427.0   542.2  190.5
1479.2  372.8  1345.2  162.1
1286.6  865.3  1232.8  645.3
  99.6  288.8   398.1   68.4
 541.0 1059.3   615.6  811.0
 391.0  674.7   540.8  412.4
 807.4  620.3   833.1  459.8
 908.7  587.1   919.2  428.0
 990.1  626.4   987.6  462.3
1456.3  633.1  1330.0  353.0
1000.1  260.2   998.6  117.0
 425.4  715.1   566.0  444.4
 445.1  298.1   601.2  106.4
1041.7  451.7  1031.2  231.0
