 787.1 1037.9   898.5  619.1
 910.8 1042.7   984.3  624.4
 961.5 1054.8  1019.2  634.5
 705.2 1020.1   845.0  594.4
 758.1 1023.7   880.0  602.9
 905.6 1033.8   981.4  613.1
 961.6 1032.6  1020.2  613.6
 793.6  976.4   912.3  536.9
 916.6  988.2   993.7  547.2
1028.7  984.3  1068.4  544.5
1159.2  980.9  1155.8  548.6
1092.4  995.8  1110.6  553.3
1209.3  990.7  1188.9  553.2
1278.0 1019.1  1227.3  530.8
1259.0  959.4  1219.6  513.0
 634.0  931.3   816.4  477.9
1346.3  818.4  1208.4  146.0
 330.6  764.1   794.6  111.4
 430.5  781.5   831.1  125.8
1537.5  778.9  1281.5  116.1
 209.7  735.5   753.1   90.2
1743.6  721.1  1354.4   78.2
 158.3  673.9   747.0   50.3
 604.9  485.4   876.5   61.6
 161.5  579.7   766.2   -2.8
1207.0 1076.5  1184.1  597.0
1187.2 1013.7  1174.0  571.9
1376.2  816.2  1221.7  148.5
 226.4  752.4   754.6  103.4
 383.0  746.3   818.3  100.9
 360.8  768.0   806.4  113.8
1551.6  771.9  1287.7  114.3
1571.1  783.9  1296.3  121.3
1659.5  779.8  1331.5  119.1
1690.2  797.1  1342.5  124.3
1618.9  491.1  1321.0    6.4
 913.6 1035.6   986.6  617.3
1097.9  979.9  1114.7  546.2
1657.0  800.2  1332.0  130.6
 919.7  773.4  1034.1  113.9
1134.8  738.5  1120.9   98.4
 182.0  665.2   754.7   48.8
 699.3 1001.1   849.3  551.8
1051.4 1064.3  1081.6  652.3
 762.9  974.9   891.8  536.5
 885.4  980.6   973.1  541.7
 721.6  305.5   927.4   -7.8
 952.5  818.2  1046.3  136.9
 364.7  758.0   808.9  108.4
1636.7  461.8  1326.6   -8.2
 780.5 1037.2   894.0  618.3
 940.8  781.9  1042.9  113.4
 246.0  709.0   771.7   74.9
 981.3 1055.2  1032.8  639.9
1043.5 1063.0  1076.1  650.6
 800.4 1024.0   910.1  598.4
 929.3 1031.1   997.9  611.5
1295.7 1029.5  1235.8  523.4
1356.0 1015.4  1262.2  462.4
 703.3  971.9   852.5  532.8
 841.4  982.5   944.0  541.3
 810.9  981.8   924.0  539.1
 778.8  993.7   902.4  546.8
 967.7  993.2  1027.8  548.9
 936.4  992.1  1007.0  547.5
1123.3  996.2  1131.2  554.8
1084.1  978.4  1105.6  546.1
 452.5  841.8   833.7  161.7
1503.3  805.0  1271.9  137.4
  42.0  762.0   694.8   90.6
1523.7  781.4  1277.3  120.1
1512.7  781.4  1271.9  117.9
1772.9  735.4  1365.1   83.3
1831.7  708.2  1385.0   69.1
1011.6  427.5  1072.7   58.9
1110.8  410.6  1124.5   57.6
 774.7  382.2   951.8   35.2
1189.5  365.9  1165.8   32.7
1037.8  805.1  1081.1  133.5
1673.1  799.4  1338.6  130.5
 617.5 1014.5   808.2  518.8
  66.3  659.6   716.2   40.3
1436.7  517.7  1268.0   61.9
