 712.1 1002.1   673.6 1086.6
 752.9 1007.2   719.1 1083.6
 838.4 1001.1   810.2 1072.8
 890.9 1004.7   865.4 1076.5
1017.6 1001.0   998.5 1071.9
1052.2 1009.6  1034.8 1081.2
1051.6 1015.5  1034.2 1087.0
1011.3 1002.7   992.0 1073.2
1056.5 1009.7  1039.3 1081.3
1086.3 1012.4  1070.5 1084.7
1221.1 1006.4  1211.8 1079.1
 380.2  976.5   302.2 1092.3
 475.5  988.4   410.1 1096.9
 491.8  989.1   427.5 1098.4
 721.6  985.8   683.3 1070.6
 759.7  984.7   726.2 1060.5
 798.5  999.0   768.0 1071.9
 830.9  962.6   802.6 1031.4
 823.5  964.4   794.7 1033.7
 829.6  957.5   801.3 1025.8
 808.6  981.2   778.8 1052.5
 788.7  973.7   757.8 1044.5
 826.7  970.1   798.2 1039.1
 891.7  998.9   866.2 1070.9
 852.6  966.9   825.4 1035.7
 873.3  972.2   847.0 1041.9
 865.1  959.9   838.6 1028.1
 885.9  977.5   860.4 1046.5
 895.6  965.1   870.6 1033.6
 946.7  981.5   924.3 1050.5
 927.1  996.0   903.5 1067.1
 973.1  973.5   952.0 1041.6
 962.5  980.9   940.9 1049.7
 983.8  983.1   963.2 1052.0
 973.9  973.8   952.9 1041.4
1052.7  998.6  1035.4 1069.1
1003.8  992.1   984.1 1061.6
1002.2  980.8   982.5 1049.3
1013.6  994.4   994.3 1064.2
1064.1  961.4  1047.3 1028.2
1062.3  989.8  1045.4 1059.5
1057.5  955.4  1040.5 1021.6
1140.2  997.7  1127.0 1067.6
1141.4  975.5  1128.2 1043.7
1124.8  978.3  1110.9 1047.2
1133.8  993.1  1120.3 1062.3
1135.5  999.2  1122.1 1068.4
1139.4  991.7  1126.2 1060.8
1118.6  973.6  1104.3 1042.1
1137.8  984.2  1124.4 1052.4
1218.7 1000.2  1209.3 1072.5
1217.9  986.5  1208.4 1057.4
1220.1  965.6  1210.8 1036.3
1212.2 1000.0  1202.4 1071.8
1222.2  974.7  1213.0 1045.4
1220.9  980.8  1211.6 1051.4
1213.7  967.4  1204.0 1036.8
1345.8  971.7  1348.6 1076.3
1393.4  977.1  1399.2 1080.5
1430.8  971.9  1438.6 1072.4
1461.1  967.5  1471.0 1067.7
1538.7  971.2  1554.0 1072.5
1519.4  966.6  1532.8 1065.6
1577.5  984.9  1596.7 1090.8
1661.0  978.8  1689.7 1093.5
1660.1  984.6  1689.2 1100.8
 339.4  923.5   254.4 1040.1
 344.4  922.1   261.7 1035.6
 356.9  957.4   276.2 1072.5
 427.1  920.6   358.1 1022.9
 418.1  925.0   347.8 1028.6
 437.0  951.1   369.0 1055.4
 427.1  952.9   357.8 1058.3
 424.5  953.6   354.8 1059.4
 453.2  950.1   386.8 1054.0
 447.8  942.4   380.6 1046.1
 460.3  956.3   394.5 1060.5
 581.8  945.9   526.4 1048.5
 576.8  930.4   521.2 1031.3
 622.6  919.1   569.2 1023.1
 627.1  936.6   574.2 1041.5
 609.5  924.1   554.9 1028.8
 636.9  927.7   584.8 1031.8
 728.2  939.1   692.1 1015.3
 732.8  944.1   698.8 1014.3
 688.0  949.1   642.8 1046.8
 739.4  921.3   705.8  990.1
 822.2  955.0   793.5 1022.9
 822.2  949.9   793.5 1017.8
 807.9  950.8   778.5 1018.8
 896.8  919.2   872.2  983.6
 873.0  920.4   847.0  986.0
 900.8  928.3   876.3  993.6
 961.1  927.5   939.6  991.4
 975.6  921.9   954.9  985.2
 953.7  939.7   931.9 1004.6
 956.1  932.9   934.5  997.1
 972.3  916.0   951.5  978.6
 972.0  911.0   951.2  973.4
1053.0  931.0  1035.7  995.8
1052.2  925.8  1035.0  989.9
1053.1  946.3  1035.9 1012.4
1058.5  951.1  1041.5 1016.9
1044.7  953.9  1027.0 1020.5
1048.5  910.4  1031.1  973.8
1078.8  941.5  1062.8 1007.4
1078.5  936.3  1062.5 1002.1
1089.2  925.6  1073.6  990.6
1131.5  924.2  1117.9  990.6
1130.8  930.5  1117.2  997.3
1105.8  925.3  1091.0  991.0
1219.4  939.4  1210.1 1009.5
1229.4  944.6  1220.3 1012.1
1235.4  940.5  1227.1 1012.3
1237.4  929.6  1229.2 1000.5
1329.2  949.5  1331.1 1053.9
1515.9  938.5  1528.5 1034.0
1554.9  936.0  1570.6 1033.0
1522.1  939.0  1535.0 1034.3
1529.9  939.4  1543.3 1034.7
1547.7  934.6  1563.0 1031.6
1526.7  931.6  1539.6 1025.6
1534.9  943.8  1548.6 1039.4
1539.5  917.7  1553.4 1011.2
1560.5  919.1  1575.7 1012.5
1559.3  952.3  1576.6 1054.2
1630.1  963.2  1654.5 1071.5
1579.7  919.6  1598.2 1018.7
1673.8  922.5  1704.5 1035.0
1665.2  930.4  1694.7 1042.3
1676.3  928.1  1707.6 1041.9
 362.4  893.9   282.3 1003.4
 343.9  915.6   260.6 1029.4
 342.7  905.2   258.2 1019.8
 339.6  914.3   253.7 1031.7
 404.9  905.7   331.8 1010.8
 397.0  873.3   323.8  974.6
 370.0  888.9   291.9  995.8
 404.2  914.1   331.2 1019.7
 383.0  881.3   307.3  985.5
 427.0  906.8   356.5 1010.7
 465.9  874.7   401.8  970.3
 511.0  910.3   449.4 1011.1
 520.3  899.7   460.2  998.0
 508.1  899.0   446.4  998.5
 517.3  910.6   456.1 1011.8
 653.1  889.5   603.6  987.5
 647.1  874.8   596.6  973.1
 660.6  888.4   612.1  985.1
 758.3  888.9   725.3  957.5
 734.2  869.6   698.8  940.9
 765.9  872.7   733.4  940.4
 725.4  887.7   691.0  955.3
 722.3  905.6   686.6  977.2
 697.5  894.8   654.9  983.0
 777.1  887.7   745.5  955.2
 772.6  879.9   740.7  946.9
 796.3  888.8   765.9  955.5
 804.1  906.2   774.3  972.4
 826.9  878.0   798.7  941.5
 841.4  904.8   813.8  970.1
 873.2  896.6   847.6  959.4
 862.9  891.5   836.7  954.7
 846.1  896.8   818.9  961.1
 869.4  908.0   843.4  972.2
 868.8  887.5   843.0  949.7
 857.7  873.7   831.4  935.3
 992.4  870.2   972.6  930.2
 973.2  868.7   952.6  928.1
 968.3  882.2   947.4  941.8
1018.3  883.5   999.7  943.6
1022.1  870.1  1003.6  930.0
1069.1  877.8  1052.7  938.1
1048.0  900.2  1030.7  961.5
1018.4  888.2   999.8  948.3
1023.7  887.9  1005.3  948.1
1036.7  887.4  1018.9  947.6
1056.0  895.6  1039.0  956.7
1089.2  907.5  1073.7  970.8
1092.1  898.5  1076.7  961.1
1092.9  879.0  1077.5  939.7
1104.3  904.2  1089.5  967.7
1204.0  874.1  1194.1  941.9
1210.3  894.7  1200.7  963.0
1229.3  904.4  1220.7  974.8
1157.0  905.0  1144.7  971.0
1236.4  874.8  1228.7  947.8
1301.1  907.0  1300.2 1003.0
1514.8  916.2  1526.0 1005.9
1554.3  906.8  1567.6  995.6
1529.7  892.8  1542.0  981.9
1509.9  902.9  1520.3  990.4
1505.5  887.9  1515.8  975.1
1619.3  880.1  1642.2  980.8
1595.3  889.6  1616.6  991.1
1581.6  912.2  1600.4 1011.4
1622.9  875.0  1646.6  976.5
1630.2  881.2  1654.5  983.4
1614.5  885.9  1636.6  985.7
1557.9  871.9  1573.3  963.3
 435.2  867.7   367.3  965.1
 437.2  862.3   370.8  957.0
 400.9  837.4   328.4  935.4
 471.8  869.8   408.4  964.5
 507.7  863.7   446.6  959.3
 458.8  867.6   393.2  964.4
 467.7  847.8   406.3  936.8
 517.3  832.1   462.7  913.9
 637.5  824.5   583.1  926.5
 634.0  829.2   580.2  929.5
 631.8  837.8   578.2  938.0
 730.4  852.6   694.7  923.2
 737.5  837.5   702.7  905.8
 762.9  840.1   731.0  903.6
 784.3  841.4   753.4  905.2
 867.7  846.6   841.9  906.6
 859.3  836.1   833.0  896.2
 917.0  860.5   893.7  920.3
 865.1  822.0   839.3  880.2
 928.6  863.2   905.9  923.0
 939.9  865.5   917.8  925.0
 949.7  828.7   928.2  885.0
 944.0  853.2   922.0  912.3
 953.5  855.6   931.9  914.8
1035.9  854.9  1018.1  913.4
1002.6  831.9   983.4  887.9
1033.9  843.4  1016.0  901.1
1013.7  840.2   995.0  897.2
1022.5  850.6  1004.1  908.5
1076.1  838.5  1060.0  896.6
1141.3  856.1  1128.2  917.4
1131.7  855.5  1118.1  916.0
1119.5  859.5  1105.3  920.4
1143.8  861.6  1130.8  923.2
1132.8  836.7  1119.2  895.8
1230.8  841.4  1222.1  906.8
1202.3  835.4  1192.3  901.7
1223.8  859.7  1215.2  930.1
1233.4  849.7  1225.3  920.3
1550.1  869.7  1563.4  956.7
1542.6  872.4  1555.2  958.7
1632.1  834.8  1654.7  929.4
1582.8  859.1  1600.0  950.2
 319.2  827.8   232.1  936.2
 384.1  791.1   311.0  884.0
 412.9  785.7   345.3  873.3
 410.0  794.8   341.0  884.9
 404.7  811.4   335.4  902.6
 394.0  798.5   322.7  890.3
 460.1  813.8   398.0  900.5
 465.3  805.9   405.4  888.7
 470.4  818.8   410.1  903.9
 460.5  813.9   399.4  898.8
 462.3  812.7   400.9  898.4
 614.4  817.8   559.1  916.8
 913.1  783.2   890.2  836.3
 852.9  796.2   826.8  852.6
 872.8  795.1   847.7  850.7
 875.1  810.5   850.0  867.0
 859.0  786.7   833.3  842.2
 863.4  799.9   837.8  856.4
 945.7  797.8   924.2  851.4
 957.9  783.4   937.1  835.5
1034.6  792.1  1016.9  845.2
1061.1  805.7  1044.4  860.9
1036.5  797.6  1018.8  851.2
 999.6  820.2   980.3  875.7
1059.0  817.7  1042.3  873.5
1103.7  782.3  1088.8  835.9
1104.5  789.6  1089.7  844.4
1080.2  819.3  1064.4  875.6
1119.7  797.1  1105.5  853.2
1080.7  793.1  1064.8  847.3
1093.0  801.5  1077.7  857.2
1101.1  805.4  1086.1  861.4
1225.3  793.7  1217.4  866.1
1224.2  808.1  1216.3  881.7
1231.0  793.9  1223.4  866.2
1234.9  817.8  1227.5  891.3
1234.4  783.7  1226.7  853.9
1248.2  811.7  1241.8  886.7
1310.0  794.5  1308.0  873.6
1347.4  804.0  1346.5  878.8
1345.2  790.1  1344.2  863.8
1621.3  786.6  1640.0  871.1
1607.2  806.7  1624.6  891.1
1657.3  817.7  1679.8  907.4
 435.0  767.7   370.5  851.8
 444.6  757.3   382.0  838.6
 373.3  743.9   300.8  830.7
 509.3  743.6   435.2  854.1
 523.7  753.9   452.1  863.7
 586.5  763.0   522.7  870.6
 598.1  776.6   537.0  882.2
 588.9  768.9   525.0  877.6
 537.5  740.9   465.0  853.9
 733.9  766.2   696.9  837.0
 740.1  765.7   703.2  837.2
 734.4  761.2   697.2  832.3
 903.7  750.6   880.6  801.1
 894.0  775.9   870.2  829.1
 915.1  768.6   892.5  820.3
 894.4  751.0   870.8  802.2
 879.5  767.0   855.1  819.5
 947.7  768.7   926.4  820.0
1050.1  755.9  1033.1  806.8
1045.4  768.8  1028.2  819.9
1036.2  765.7  1018.6  817.6
1040.2  770.5  1022.8  821.3
1101.9  764.0  1087.0  816.6
1111.0  771.6  1096.5  825.1
1090.4  771.3  1075.1  824.0
1096.8  764.7  1081.7  817.1
1096.8  759.5  1081.6  811.6
1120.6  739.0  1106.5  790.4
1189.8  748.9  1179.6  815.5
1192.4  745.7  1182.4  811.8
1218.1  746.5  1209.4  813.2
1188.0  754.2  1177.6  820.0
1223.7  747.5  1215.4  814.6
1299.1  739.1  1296.1  813.1
1234.1  747.0  1226.3  814.1
1230.2  760.0  1222.3  828.4
1317.7  759.9  1315.3  832.9
1315.5  758.2  1313.2  831.9
1314.2  777.1  1311.7  851.0
1535.4  770.0  1563.1  889.9
1628.8  766.2  1645.7  844.5
1602.9  765.8  1619.4  846.4
1616.1  780.6  1634.8  865.4
1603.1  741.1  1619.4  819.6
1754.1  748.5  1864.2  970.4
 321.1  709.5   160.4  906.0
 375.1  704.4   304.5  785.7
 395.8  707.6   327.3  788.7
 384.3  732.9   313.7  817.4
 503.5  729.9   426.9  842.4
 500.4  740.2   428.9  844.0
 665.4  720.7   623.1  791.1
 687.6  699.6   645.7  771.5
 669.8  705.0   627.4  775.5
 712.7  701.2   672.9  771.8
 718.0  698.2   678.8  768.4
 698.2  713.4   657.7  784.1
 756.4  718.4   721.7  783.4
 691.8  693.0   650.2  764.2
 757.4  703.5   723.0  767.2
 764.7  728.6   730.8  793.6
 704.9  715.7   664.8  786.9
 758.9  703.9   724.5  767.5
 788.4  725.5   755.8  790.6
 786.5  723.5   753.7  788.8
 770.1  725.6   736.2  791.4
 781.7  691.3   748.9  753.6
 775.5  696.8   742.3  759.5
 901.0  733.1   878.0  782.4
 907.7  701.2   884.7  750.1
 920.5  719.5   898.3  767.9
 890.5  724.5   867.0  773.5
 889.1  707.0   865.6  755.2
 931.4  711.4   909.7  759.5
 963.0  723.1   942.6  771.4
 935.8  722.6   914.3  770.9
 953.7  730.3   932.9  778.6
 989.2  696.6   969.8  744.9
1032.0  715.4  1014.3  763.9
1042.0  717.1  1024.8  765.5
1046.6  723.2  1029.6  771.7
1035.4  700.4  1017.8  749.1
1046.6  694.3  1029.5  743.1
1084.5  700.6  1068.9  749.3
1099.5  714.0  1084.5  762.8
1115.7  724.8  1101.3  775.0
1110.3  705.5  1095.7  755.1
1085.9  694.5  1070.4  743.2
1222.7  701.9  1214.4  766.2
1227.9  729.7  1219.8  795.8
1186.9  713.8  1176.5  777.4
1204.1  702.2  1194.5  764.7
1269.9  733.5  1265.2  807.0
1271.7  694.7  1266.9  764.9
1265.2  703.0  1259.6  771.2
1278.5  699.5  1274.2  770.6
1322.0  698.5  1320.5  770.7
1463.5  722.0  1485.4  840.5
1535.3  715.7  1565.2  836.0
1500.3  726.3  1527.4  849.3
1623.7  724.0  1641.7  802.5
1623.3  730.7  1641.3  810.0
1668.8  731.6  1742.5  911.4
 282.8  666.9   101.5  871.6
 403.6  663.7   337.1  739.6
 384.0  687.8   317.0  763.9
 402.3  675.4   335.6  752.1
 512.7  663.3   432.5  777.0
 508.0  653.9   426.3  768.2
 538.5  659.1   462.5  770.1
 543.8  672.2   468.7  784.1
 543.2  687.0   469.5  797.8
 720.4  676.4   682.0  743.5
 726.0  676.5   687.9  743.5
 716.9  662.4   678.1  728.9
 728.1  668.1   690.3  734.3
 711.0  654.0   671.7  720.4
 813.7  676.4   785.8  727.6
 826.1  661.6   799.3  709.9
 898.7  651.6   875.1  699.9
 878.0  650.0   853.5  698.4
 883.3  656.3   859.0  704.9
 893.4  661.7   869.6  710.2
 976.2  647.7   956.0  696.4
 976.2  652.5   955.9  701.6
 968.0  654.8   947.4  703.4
 968.5  659.9   948.0  708.6
 937.6  666.1   915.8  714.6
 930.5  649.3   908.2  698.1
1004.7  664.8   985.7  713.9
 999.1  682.0   980.0  730.6
1051.0  659.7  1034.0  708.7
1066.1  648.1  1049.7  697.3
1143.4  657.5  1130.3  706.8
1118.8  668.9  1104.6  717.9
1126.7  652.4  1112.9  701.2
1075.9  664.4  1060.0  713.3
1078.0  677.7  1062.1  726.6
1108.7  666.4  1094.1  715.5
1229.2  648.7  1221.4  711.9
1159.1  647.6  1146.6  697.0
1284.0  666.3  1279.8  734.0
1304.5  677.4  1302.2  749.2
1271.0  680.6  1265.9  748.7
1237.5  650.8  1230.3  715.1
1232.6  653.2  1225.0  716.8
1259.5  671.0  1253.5  737.0
1261.6  676.2  1255.8  742.1
1240.9  661.0  1233.9  726.0
1236.1  658.5  1228.6  721.9
1327.6  678.1  1327.0  751.7
1321.2  678.3  1320.2  751.6
1314.8  676.7  1313.3  749.7
1417.0  682.4  1418.7  746.2
1419.7  672.2  1421.5  735.1
1648.2  686.4  1669.8  766.8
1748.6  687.2  1854.3  892.1
1737.4  658.0  1839.4  854.7
 501.0  611.5   413.6  728.8
 497.5  630.4   412.8  744.9
 472.5  614.4   383.9  728.5
 618.4  605.8   574.1  667.1
 709.3  631.5   669.6  697.1
 735.6  620.0   698.6  682.6
 731.6  644.5   693.7  710.2
 710.7  622.7   671.3  687.2
 727.4  631.8   689.6  695.5
 712.3  640.1   672.9  706.0
 726.8  622.6   689.2  685.3
 731.6  626.1   694.2  689.4
 821.3  626.0   793.9  674.4
 815.4  611.2   787.5  659.6
 857.2  628.6   831.4  677.3
 858.3  633.9   832.7  682.2
 894.4  641.8   870.5  690.1
 896.3  636.7   872.4  685.2
 971.0  639.3   950.5  687.9
 971.8  639.6   951.3  688.4
 984.0  632.3   964.0  681.2
 983.4  646.9   963.5  695.6
 976.5  630.9   956.2  679.7
 991.4  631.3   971.8  680.1
 964.9  643.5   944.1  692.2
1005.5  643.5   986.5  692.3
1036.9  625.1  1019.2  674.2
1045.0  626.9  1027.7  676.0
1097.8  638.2  1082.8  687.5
1139.8  647.3  1126.5  696.0
1093.5  606.4  1078.3  656.2
1112.7  639.8  1098.4  689.0
1084.7  605.1  1069.1  655.0
1080.1  629.0  1064.3  678.1
1114.9  630.8  1100.6  679.5
1084.0  619.0  1068.4  667.8
1104.7  637.9  1090.0  687.2
1159.3  629.2  1146.9  678.7
1177.2  643.7  1165.9  699.2
1167.4  634.6  1155.3  683.8
1163.6  605.2  1151.6  656.1
1239.4  639.2  1232.3  702.6
1240.9  639.3  1234.0  703.3
1248.4  646.0  1241.9  710.9
1384.8  629.2  1385.5  692.1
1339.6  612.4  1340.9  686.4
1430.1  622.5  1433.7  686.8
1502.6  644.9  1528.6  756.0
1690.7  631.7  1778.3  813.6
1752.9  627.7  1858.5  820.2
 276.1  584.1    94.3  771.2
 292.2  589.9   118.1  773.1
 297.9  568.6   125.8  746.8
 485.6  598.2   396.7  713.3
 604.7  568.3   558.5  629.1
 628.8  585.7   582.9  650.1
 616.5  600.7   572.0  661.6
 663.7  568.0   617.9  636.1
 663.8  572.3   619.0  638.6
 755.5  586.8   720.3  646.0
 720.5  588.3   680.9  652.9
 838.7  566.9   811.2  615.9
 827.4  565.3   799.3  614.2
 903.6  567.8   879.4  616.6
 890.7  568.1   865.9  617.2
 887.9  564.0   862.9  612.6
 998.4  579.4   978.8  629.2
 925.2  568.7   902.0  617.6
 976.7  578.2   956.0  627.8
1055.4  574.8  1038.4  624.7
1020.3  580.7  1001.7  630.5
1017.2  571.3   998.5  620.5
1060.6  573.8  1043.9  622.9
1038.8  572.5  1021.0  622.0
1063.2  582.3  1046.6  632.2
1099.2  576.6  1084.3  626.2
1147.3  577.7  1134.6  627.4
1078.1  582.9  1062.2  633.1
1142.2  578.2  1129.2  628.0
1093.2  580.4  1078.0  629.5
1099.9  583.6  1085.0  633.9
1221.0  582.3  1212.2  637.5
1220.8  576.8  1212.0  631.6
1182.2  582.6  1171.0  632.9
1222.2  588.5  1213.5  644.0
1223.3  563.2  1214.6  617.1
1191.9  568.2  1181.2  617.4
1224.0  567.3  1215.3  621.4
1312.4  600.4  1311.5  671.9
1413.8  562.4  1417.6  626.3
1463.9  586.6  1470.4  651.8
1444.0  597.4  1448.9  661.6
1548.5  585.4  1591.3  716.1
1469.9  590.0  1476.8  655.4
1482.2  568.3  1490.3  633.6
1470.1  571.9  1477.4  637.2
1667.9  601.2  1744.6  766.0
1675.7  603.3  1757.4  774.6
1689.1  602.4  1774.8  776.5
1721.9  582.0  1816.0  757.3
1720.8  580.7  1813.9  754.6
1730.0  588.2  1827.9  767.9
1805.4  574.3  1913.1  747.5
 217.0  524.5    29.9  692.6
 317.7  524.5   156.1  687.1
 336.5  527.3   182.5  685.9
 303.2  537.3   135.1  706.2
 299.6  542.7   128.5  715.2
 351.0  533.5   201.7  690.9
 407.9  550.3   269.1  710.9
 473.0  531.4   374.4  649.9
 467.2  557.6   372.7  672.5
 479.6  529.9   382.0  647.9
 540.3  539.2   488.6  600.0
 537.7  524.2   485.2  584.9
 534.6  535.7   482.8  595.8
 589.6  521.8   540.4  583.1
 561.2  546.0   511.7  606.1
 613.4  523.1   560.7  593.7
 659.4  546.9   611.6  617.0
 757.0  531.6   724.1  582.3
 718.1  529.2   678.0  590.9
 755.7  542.3   720.0  600.3
 793.9  526.2   763.4  575.3
 803.0  522.8   773.2  571.3
 773.7  528.7   742.1  578.3
 805.3  549.5   776.3  597.0
 778.3  560.2   745.7  614.4
 860.1  517.9   833.5  565.7
 907.4  518.9   883.0  567.1
 876.2  518.3   850.3  566.6
 872.4  533.4   846.5  581.1
 898.0  535.2   873.4  583.2
 919.9  536.9   896.4  584.9
 996.8  522.0   976.9  570.2
 973.5  548.7   952.7  596.8
 958.3  547.1   936.7  595.7
 954.4  546.4   932.4  595.9
 966.2  547.2   945.0  595.9
 925.3  537.3   902.0  585.5
 940.9  546.3   918.5  594.7
 933.0  547.3   910.2  595.5
 984.9  534.3   964.1  585.2
1073.3  540.2  1057.1  588.5
1005.3  522.5   985.8  570.6
1051.4  518.2  1034.2  565.9
1079.4  521.9  1063.6  570.3
1097.8  523.0  1082.8  572.0
1107.4  537.8  1092.8  586.8
1126.4  535.0  1112.7  584.0
1200.5  521.7  1190.5  571.6
1215.1  535.8  1205.7  586.3
1214.6  542.1  1205.2  592.8
1212.9  522.6  1203.4  572.1
1180.2  530.2  1169.1  579.3
1179.5  523.1  1168.3  571.2
1273.9  556.6  1269.7  620.8
1407.0  527.2  1413.2  596.7
1392.4  556.3  1396.5  624.7
1411.7  557.6  1416.1  623.1
1442.1  517.8  1448.5  581.5
1400.9  533.5  1407.3  605.5
1469.2  546.2  1476.4  609.8
1591.3  553.4  1647.1  694.2
1579.8  521.1  1629.1  648.4
1592.1  537.4  1644.1  668.9
1701.2  543.4  1787.9  706.0
1706.4  560.3  1794.1  726.0
1714.8  542.0  1803.4  704.1
1747.6  559.5  1842.8  726.2
1796.5  552.7  1901.3  720.3
1790.7  553.4  1894.4  721.0
1818.9  553.0  1927.2  720.5
1814.8  547.9  1922.2  714.2
 153.7  495.7   -27.4  641.6
 283.1  503.9   116.6  660.7
 237.5  514.1    58.2  676.6
 250.8  487.4    78.2  640.9
 355.9  516.3   207.4  670.8
 354.6  473.6   208.9  617.3
 343.9  493.5   192.2  645.2
 337.1  507.2   183.2  662.2
 367.3  476.2   225.1  619.2
 354.0  495.9   205.7  646.3
 460.5  485.9   355.9  603.7
 454.2  474.6   346.0  594.2
 554.2  502.6   502.9  561.9
 592.0  512.2   542.5  573.7
 535.0  480.4   481.5  539.4
 563.9  489.9   512.3  549.9
 584.1  513.3   533.9  575.0
 559.1  504.1   507.5  564.4
 548.8  497.3   496.6  557.2
 617.1  508.3   566.9  573.8
 612.9  473.7   559.5  541.5
 618.9  490.0   566.6  558.3
 684.2  488.3   639.1  552.6
 617.2  478.6   564.4  546.6
 688.9  484.4   645.0  546.9
 750.4  481.4   714.6  535.3
 799.1  506.1   769.1  553.8
 798.0  484.8   767.7  531.9
 787.9  509.8   756.9  558.7
 788.5  509.2   757.2  558.9
 830.1  504.4   801.7  551.9
 838.9  497.9   811.0  545.0
 863.9  479.5   837.1  526.6
 869.2  498.8   842.7  546.9
 866.6  488.7   839.9  536.3
 899.7  508.0   875.0  555.6
 911.6  516.4   887.5  564.5
 974.0  498.0   952.9  545.9
 995.2  516.0   975.3  564.1
 968.6  497.7   947.3  545.5
 975.7  485.5   954.6  533.1
 976.9  494.2   956.0  542.0
 982.7  497.3   962.0  545.3
 961.8  501.6   940.2  549.3
1005.6  501.8   986.1  550.0
1006.3  506.9   986.8  554.8
1000.2  513.8   980.4  562.2
1047.0  495.3  1029.5  543.2
1061.2  513.5  1044.5  562.0
1092.3  496.1  1077.0  544.1
1093.7  490.8  1078.5  539.1
1092.8  501.0  1077.6  549.4
1099.2  491.0  1084.3  539.6
1090.4  481.0  1075.0  529.1
1149.2  512.7  1136.6  560.9
1116.6  482.3  1102.6  530.9
1094.0  480.0  1078.8  529.5
1187.3  505.8  1176.6  554.4
1209.8  483.7  1200.2  531.8
1155.3  509.9  1143.0  558.3
1200.0  506.4  1189.9  555.4
1210.1  491.5  1200.6  540.2
1154.6  514.4  1142.3  562.6
1270.8  478.2  1266.7  539.2
1267.4  512.5  1262.1  570.4
1436.6  490.8  1443.3  554.5
1426.1  476.4  1434.6  545.4
1435.5  511.1  1441.8  575.2
1438.8  505.6  1445.2  569.4
1447.8  498.9  1454.5  561.5
1421.5  498.2  1427.8  563.6
1506.7  479.5  1537.5  583.0
1521.9  471.2  1555.8  576.5
1541.4  496.6  1580.9  611.4
1589.6  512.5  1644.1  645.5
1594.1  510.0  1648.2  640.9
1574.1  477.4  1622.8  599.0
1585.3  508.1  1637.9  638.2
1581.5  502.3  1633.1  630.7
1659.4  500.6  1724.4  633.5
1658.6  499.3  1728.2  639.1
1790.3  509.6  1888.6  663.0
1735.2  508.6  1824.4  661.3
1728.7  510.2  1817.0  663.4
 196.0  461.4    32.3  593.0
 267.5  467.5   105.4  610.5
 319.8  447.8   169.0  585.7
 469.4  430.0   363.9  543.0
 496.6  468.5   403.3  575.9
 497.7  463.6   404.5  570.5
 470.2  439.8   375.2  541.2
 583.5  458.7   530.7  520.9
 573.6  461.0   522.0  520.1
 616.5  456.8   562.9  524.2
 619.7  462.0   565.8  530.7
 663.3  439.0   613.8  504.8
 704.4  436.1   661.3  495.8
 756.6  458.1   721.5  510.1
 710.5  464.6   668.4  525.3
 758.6  467.0   725.2  515.6
 800.3  473.3   770.0  520.3
 791.8  472.2   761.0  519.3
 813.2  466.4   783.7  512.9
 838.9  431.9   810.3  478.1
 828.9  436.0   799.8  482.0
 812.3  436.0   782.6  481.2
 912.6  461.6   888.2  508.3
 890.9  441.5   865.1  488.7
 992.3  461.0   972.0  508.4
 984.2  463.7   963.5  511.3
 961.8  454.8   939.8  502.0
 985.6  456.6   964.9  503.7
1056.8  470.8  1039.8  518.6
1053.5  464.5  1036.3  512.0
1060.4  465.5  1043.6  513.2
1064.6  464.8  1047.9  512.5
1099.0  442.5  1084.1  489.9
1099.8  450.9  1084.9  498.5
1098.6  431.4  1083.7  478.4
1083.6  436.7  1067.9  483.9
1097.8  465.7  1082.8  513.6
1151.2  433.9  1139.0  481.7
1157.4  439.7  1145.4  487.1
1154.8  448.2  1142.7  495.7
1155.3  455.4  1143.3  504.6
1196.2  436.8  1186.3  484.7
1165.0  443.9  1153.4  491.5
1161.2  454.4  1149.4  502.2
1277.5  459.0  1273.7  518.1
1281.7  452.7  1278.2  511.2
1263.4  453.8  1258.8  513.0
1273.8  434.9  1269.8  492.3
1250.2  447.5  1243.1  497.2
1351.7  471.7  1355.2  541.0
1418.3  472.0  1427.9  544.8
1420.0  465.2  1430.1  538.7
1433.8  462.4  1442.3  529.0
1440.3  446.2  1450.4  514.3
1493.8  438.2  1521.0  532.8
1632.4  447.6  1696.6  577.2
1611.7  431.6  1668.8  552.8
1621.3  431.3  1682.4  556.2
1567.3  466.0  1614.1  584.5
1637.5  441.7  1702.7  571.1
1736.8  429.6  1823.8  566.5
1749.9  458.5  1838.3  599.3
1729.3  441.5  1815.2  580.4
1737.1  435.7  1823.7  573.0
1720.8  447.0  1805.6  586.9
1744.3  463.8  1832.3  605.9
1817.4  432.0  1917.3  569.9
 187.7  399.2    30.1  514.6
 228.7  415.1    73.2  537.0
 283.0  404.0   129.8  530.4
 290.8  412.0   137.2  541.5
 305.9  388.1   156.8  511.9
 288.9  425.1   133.3  558.4
 425.8  406.7   308.2  522.3
 399.3  428.4   271.7  553.5
 529.8  421.4   446.0  516.3
 530.3  414.5   448.1  506.6
 534.2  410.1   453.4  500.3
 668.4  397.5   620.2  458.7
 632.4  388.0   577.2  454.7
 630.9  425.6   576.5  494.0
 611.6  388.7   554.5  455.5
 695.2  397.8   649.6  458.3
 726.9  427.8   686.2  485.5
 739.0  425.7   700.3  481.0
 737.5  416.8   698.7  471.5
 735.7  402.3   695.9  457.9
 763.4  393.1   729.4  439.8
 822.0  430.1   792.6  475.7
 805.6  399.9   774.8  445.3
 805.0  391.3   774.2  436.3
 819.7  422.4   790.2  467.7
 799.4  426.0   769.0  470.9
 916.8  427.3   892.4  473.6
 908.1  425.8   883.2  471.9
 916.4  402.2   891.7  448.0
 862.1  420.9   834.5  467.4
 996.0  416.5   975.6  463.4
 943.0  412.8   919.9  459.0
 958.3  411.9   936.0  458.1
 930.9  416.5   907.2  462.6
 925.7  405.4   901.6  451.5
1072.9  387.6  1056.6  433.9
1001.9  415.8   981.9  462.4
1001.5  411.7   981.4  458.6
1086.0  412.3  1070.4  459.4
1098.5  421.1  1083.5  468.0
1079.7  396.6  1063.8  443.0
1085.1  425.4  1069.4  472.4
1101.5  412.4  1086.7  459.7
1090.5  402.4  1075.2  449.6
1206.2  423.7  1196.8  471.4
1211.9  399.5  1202.7  445.7
1206.0  396.3  1196.6  442.7
1182.3  389.7  1171.8  437.1
1260.7  390.6  1254.9  440.6
1255.8  403.5  1249.8  454.8
1283.8  427.0  1280.4  484.2
1331.5  389.3  1333.8  453.2
1455.5  420.8  1467.0  488.0
1440.9  393.7  1454.4  465.6
1597.4  417.4  1651.2  534.3
1618.0  393.5  1677.4  511.3
1598.1  390.9  1652.4  504.9
1613.4  392.6  1670.3  507.6
1603.6  412.6  1658.7  529.6
1601.3  422.3  1656.1  540.6
1714.8  382.5  1798.5  512.1
1708.0  426.5  1790.8  563.2
1715.9  391.9  1799.1  522.0
1702.8  426.4  1784.6  562.7
1762.9  389.8  1854.4  521.1
1746.5  416.0  1834.8  550.6
1778.2  402.1  1871.7  534.9
 221.2  351.7    79.8  451.5
 249.8  377.6    98.8  492.7
 227.4  347.9    76.3  455.5
 219.4  352.3    72.0  456.6
 349.2  346.6   209.5  462.1
 322.9  357.2   177.2  475.6
 414.5  364.8   291.9  477.4
 414.9  371.2   292.4  484.8
 409.5  364.5   284.4  478.7
 409.3  345.8   281.9  459.3
 409.8  379.2   283.0  497.6
 462.7  347.3   356.0  448.6
 468.4  350.3   364.6  449.9
 487.3  353.3   385.4  454.2
 600.0  365.6   541.7  430.7
 618.4  375.7   561.5  442.1
 671.5  380.5   623.4  440.8
 618.1  342.8   560.0  408.0
 732.2  363.7   693.0  415.1
 735.0  343.7   694.3  397.0
 717.5  361.6   676.1  414.9
 734.5  371.8   694.9  425.0
 753.1  366.7   716.6  415.9
 729.6  374.2   690.2  426.3
 744.5  376.1   707.0  426.6
 753.2  375.0   716.6  425.0
 823.1  353.1   792.9  397.3
 804.0  343.5   772.4  387.6
 808.3  352.7   776.8  397.7
 854.9  350.9   826.4  395.2
 855.0  362.2   826.7  406.6
 847.2  374.3   818.5  419.2
 948.4  376.8   925.5  421.8
 945.9  378.4   922.7  423.9
 950.2  359.1   927.5  402.4
1069.1  384.1  1052.6  430.3
1065.3  379.4  1048.6  424.6
1073.2  387.1  1056.9  433.2
1000.2  386.3   980.0  432.1
1000.1  381.5   979.9  427.2
1007.4  382.2   987.6  427.9
1014.4  368.8   995.1  412.4
1006.4  368.2   986.8  411.2
1019.9  369.3  1000.9  412.8
1164.9  364.4  1153.5  410.5
1293.7  384.4  1291.1  439.7
1259.2  382.6  1253.3  432.6
1298.6  376.5  1296.4  431.5
1441.4  346.6  1453.0  410.6
1444.6  354.3  1459.9  425.9
1474.4  362.4  1500.4  450.3
1619.9  358.7  1679.8  471.8
1620.1  363.5  1679.5  476.7
1610.4  381.8  1668.1  496.9
1611.2  355.1  1668.9  466.3
1624.8  353.8  1683.3  463.5
1633.6  342.6  1696.8  455.3
1652.4  372.9  1721.6  494.5
1656.3  379.4  1725.4  501.0
1729.7  343.5  1818.6  470.0
1763.1  347.1  1856.3  473.3
1736.2  370.4  1823.8  498.6
1753.4  336.8  1845.6  461.8
1749.9  344.4  1840.9  469.9
1763.5  338.3  1856.8  463.1
1754.4  351.3  1845.5  477.4
1744.5  362.8  1834.3  491.0
1738.1  364.1  1825.4  490.8
 246.5  313.2    89.4  422.5
 254.1  320.5    89.3  437.9
 337.5  323.0   194.4  435.7
 301.8  310.6   152.5  421.1
 289.8  319.3   137.9  431.6
 343.8  319.3   202.1  431.2
 316.5  321.5   169.6  434.0
 362.4  322.2   224.0  434.5
 315.9  329.0   168.7  442.8
 413.0  312.7   289.2  418.1
 424.8  301.2   305.7  402.3
 466.2  309.2   360.4  404.8
 461.6  335.4   355.4  434.4
 453.4  334.9   345.2  434.6
 587.4  318.4   519.3  390.5
 676.5  318.3   624.5  380.6
 707.7  300.0   656.3  364.3
 758.9  335.8   723.6  381.3
 802.3  324.4   770.2  368.3
 802.1  304.8   769.7  348.3
 811.6  304.6   780.1  347.6
 815.6  333.2   784.7  376.9
 817.1  311.4   786.0  354.7
 820.8  320.7   790.0  364.0
 853.1  338.6   824.5  382.3
 952.9  333.8   930.3  376.2
1066.1  341.6  1049.5  384.0
1192.6  307.7  1183.0  352.5
1186.8  319.0  1176.8  364.2
1187.8  328.7  1177.8  374.2
1288.0  341.0  1287.9  403.7
1304.6  303.7  1307.9  370.5
1387.4  323.6  1398.1  393.0
1454.4  331.4  1476.7  413.0
1437.2  303.2  1456.3  378.9
1453.7  336.7  1476.1  419.1
1486.8  328.3  1514.5  413.2
1469.5  313.8  1494.1  394.8
1662.0  293.1  1734.8  405.0
1637.8  317.4  1702.4  427.5
1646.3  316.0  1713.2  427.2
1702.7  327.8  1787.5  451.9
1668.2  303.3  1742.6  417.6
1671.7  299.1  1743.8  409.6
1658.5  325.2  1728.7  439.6
1728.9  317.2  1816.7  438.4
1729.7  335.3  1818.8  460.6
1763.4  333.5  1856.7  457.3
1825.2  320.0  1930.3  444.1
 311.3  279.5   161.9  386.2
 293.3  267.3   140.1  372.4
 340.9  270.0   196.8  375.2
 440.2  286.8   325.2  384.1
 446.7  277.7   333.5  373.0
 431.9  275.0   314.3  371.8
 595.3  297.5   525.4  370.8
 579.8  269.3   506.5  341.3
 653.2  267.4   595.6  329.8
 656.1  289.9   599.0  354.2
 644.0  266.1   585.0  328.9
 651.6  294.0   597.7  353.6
 726.0  256.3   675.8  317.5
 710.6  261.3   659.6  321.9
 727.6  282.5   678.2  345.1
 704.1  263.1   651.7  325.0
 712.0  287.8   660.3  352.2
 959.0  261.9   932.6  318.5
 938.4  275.3   910.0  333.6
1046.4  257.0  1027.1  314.4
1048.4  256.7  1029.4  313.2
1059.6  256.1  1041.5  311.8
1098.2  279.6  1083.3  340.8
1214.5  255.4  1209.0  313.0
1231.1  256.3  1227.0  314.0
1303.9  275.7  1307.3  340.6
1294.0  287.5  1296.3  352.5
1280.8  285.3  1281.7  349.2
1279.9  271.3  1280.0  331.2
1340.5  291.0  1347.7  358.8
1316.4  276.4  1321.2  341.9
1505.8  283.0  1536.5  364.5
1483.4  269.7  1512.8  351.7
1488.2  275.2  1515.2  352.8
1559.8  284.7  1603.3  376.2
1585.3  286.9  1635.0  382.6
1656.2  252.8  1725.6  355.9
1655.7  257.5  1726.1  362.4
1683.0  255.0  1759.9  362.1
1659.6  260.1  1729.8  364.5
1675.8  257.5  1751.7  365.0
1680.5  247.9  1756.7  353.6
1722.3  277.9  1815.4  399.1
1729.4  272.8  1822.5  391.8
 276.3  245.6   119.0  347.6
 417.3  235.0   295.0  327.7
 579.3  228.3   509.4  292.1
 565.5  227.8   489.6  296.3
 557.5  234.3   480.3  303.7
 643.4  250.1   583.1  313.1
 617.9  228.5   553.6  290.9
 619.9  233.6   556.3  296.0
 740.2  251.0   692.1  310.7
 760.6  239.3   715.3  296.7
 765.8  221.5   720.1  278.8
 833.6  223.5   796.0  277.5
 831.9  215.2   794.3  268.4
 836.7  215.8   799.4  269.4
 839.4  222.6   802.2  276.8
 767.5  255.1   723.3  313.0
 774.4  222.6   731.0  277.4
 846.3  215.1   809.7  268.8
 865.4  231.4   830.7  286.1
 884.6  216.7   851.4  270.4
 901.2  217.0   869.5  270.8
 916.6  217.4   886.2  271.4
 932.9  218.1   903.9  272.3
1044.2  229.3  1024.7  284.9
1004.5  225.8   981.7  280.5
1037.6  227.6  1017.6  282.7
1045.3  220.3  1025.8  275.7
1037.4  220.0  1017.3  275.7
1004.9  218.0   981.9  273.3
1021.2  226.5   999.7  281.8
1034.8  213.2  1014.4  268.5
1095.9  225.3  1080.8  280.8
1153.0  228.9  1142.7  285.1
1129.8  227.2  1117.5  283.5
1103.0  226.3  1088.4  282.0
1136.2  228.0  1124.4  284.1
1081.5  224.7  1065.1  280.1
1202.1  232.1  1195.9  288.7
1194.5  230.8  1187.6  287.3
1227.4  232.6  1223.3  289.5
1211.6  231.5  1206.2  288.3
1218.8  232.9  1213.8  289.6
1169.1  229.9  1160.1  286.2
1202.4  226.7  1196.2  283.2
1235.4  234.1  1231.8  290.9
1235.9  228.7  1232.5  285.8
1277.5  253.2  1278.0  313.7
1243.2  226.8  1240.3  283.3
1314.2  240.7  1319.5  305.4
1312.9  251.4  1317.9  316.3
1337.5  233.8  1345.4  298.7
1343.9  216.9  1352.8  281.2
1332.0  222.5  1341.2  290.9
1443.2  247.6  1461.8  315.9
1446.7  237.8  1465.6  305.1
1436.5  216.4  1455.7  283.6
1461.3  235.4  1482.6  304.0
1405.7  223.6  1419.8  287.6
1634.4  219.5  1695.9  312.4
1580.9  229.1  1614.9  299.1
1646.6  218.5  1712.6  314.2
1647.9  224.8  1713.3  320.6
1654.7  226.6  1723.8  325.6
1637.1  208.2  1704.9  305.6
1757.5  201.4  1859.3  311.9
1749.9  241.4  1850.2  358.7
1766.5  236.8  1870.3  353.9
1756.8  207.7  1859.2  319.9
1814.5  207.5  1929.3  321.8
 353.3  191.4   203.5  289.0
 347.5  172.3   194.0  268.2
 345.9  191.3   193.0  289.9
 340.4  178.3   185.7  275.2
 348.6  200.3   197.8  299.5
 370.3  191.9   224.1  289.3
 423.6  185.7   303.3  270.0
 489.0  168.3   409.6  225.0
 491.3  180.7   411.8  239.0
 607.1  186.6   542.0  244.3
 593.7  185.8   525.5  245.1
 603.5  207.1   538.0  266.9
 591.3  195.6   523.3  255.4
 613.6  183.2   550.0  239.8
 609.6  205.0   544.7  264.6
 612.3  188.7   548.9  245.5
 620.0  179.0   557.3  234.9
 614.6  177.3   550.8  233.5
 680.8  168.8   625.5  222.7
 765.4  179.3   719.2  233.4
 729.5  194.0   678.1  251.8
 723.1  193.6   671.0  251.3
 798.1  191.5   756.3  244.6
 798.0  196.6   756.1  250.3
 827.7  187.9   788.7  240.8
 770.2  166.1   725.3  217.8
 813.2  182.1   772.8  234.5
 834.3  199.0   796.3  252.1
 828.0  179.4   789.1  231.4
 876.9  195.4   842.5  248.7
 880.5  181.6   846.0  234.9
 994.2  210.0   970.1  265.8
 958.4  208.2   931.1  263.4
 989.4  210.1   965.0  265.1
 929.4  188.2   899.5  241.8
1003.2  210.0   979.8  265.8
1047.9  212.3  1028.6  268.5
1052.8  212.2  1033.9  267.8
1022.9  170.0  1001.2  223.3
1022.4  177.6  1000.8  231.1
1097.5  189.3  1082.5  244.1
1102.5  190.5  1088.0  245.4
1092.5  189.0  1077.0  243.8
1205.8  173.6  1200.3  227.9
1213.6  192.2  1208.8  247.9
1222.1  195.4  1218.2  252.2
1247.1  175.6  1245.1  229.7
1268.5  173.7  1268.3  227.5
1311.0  167.6  1315.1  223.0
1361.9  198.3  1371.3  258.4
1316.9  208.7  1323.1  271.7
1369.7  205.2  1379.9  266.2
1374.9  206.8  1385.6  267.9
1450.2  189.6  1469.3  252.2
1435.7  196.9  1453.8  260.7
1445.7  198.5  1463.7  260.7
1454.5  180.3  1474.2  242.2
1464.7  191.6  1485.9  255.5
1451.1  165.9  1470.4  226.3
1509.2  204.4  1536.5  272.1
1631.9  193.7  1696.4  286.3
1583.2  177.7  1618.7  244.1
1685.2  175.2  1759.7  267.5
1700.3  159.6  1780.9  252.8
1736.3  169.4  1830.1  270.5
1742.8  175.3  1837.8  277.5
1731.6  183.7  1821.6  284.7
1817.8  175.7  1938.6  288.2
 237.7  142.8    57.6  235.8
 223.8  146.4    40.4  240.4
 307.9  147.6   144.6  240.1
 307.1  126.9   132.1  222.3
 446.9  146.3   332.8  222.8
 445.7  152.1   331.0  229.7
 429.6  143.7   309.9  221.8
 438.6  133.3   322.2  208.5
 423.4  137.4   303.0  214.3
 426.4  118.4   304.8  193.5
 459.4  153.9   346.8  232.0
 454.1  154.0   342.1  230.9
 450.0  140.5   335.6  216.7
 513.0  132.6   434.0  187.5
 512.4  150.7   433.1  207.8
 513.7  118.3   435.2  171.5
 605.7  121.5   539.7  173.4
 595.6  150.3   528.1  205.4
 592.4  125.0   523.3  178.7
 543.1  156.2   465.2  215.9
 731.5  165.1   682.6  217.0
 767.8  168.1   723.2  219.0
 755.8  141.0   709.4  190.6
 708.6  135.2   657.5  184.2
 748.6  138.9   701.5  188.3
 709.0  129.9   657.9  178.6
 842.9  156.6   804.9  207.6
 792.2  144.9   749.4  194.7
 810.3  139.2   768.9  189.1
 797.9  139.7   755.5  189.3
 820.8  157.2   780.7  208.1
 768.0  127.8   722.5  176.5
 789.5  154.1   746.6  204.4
 766.0  140.9   720.5  190.6
 844.3  161.1   806.5  212.4
 854.0  143.4   816.8  193.7
 997.7  151.3   973.8  202.8
 990.3  154.9   965.7  206.3
 990.3  159.3   965.6  211.8
1009.3  162.6   986.4  215.4
1027.2  163.8  1005.8  216.9
1023.3  159.0  1001.8  210.9
1000.9  160.8   977.2  213.5
1152.9  162.7  1142.8  216.1
1208.8  158.8  1203.7  212.4
1190.3  159.4  1183.7  213.1
1185.4  160.7  1178.2  214.2
1221.7  155.6  1217.8  209.0
1282.1  159.4  1283.4  213.1
1286.9  153.3  1288.6  206.6
1293.5  153.2  1296.0  206.9
1295.8  126.4  1298.8  178.6
1287.2  158.7  1289.0  212.7
1300.3  137.9  1303.5  190.7
1270.7  161.1  1270.8  214.4
1286.6  141.1  1288.6  194.1
1367.2  135.7  1376.9  189.7
1367.7  140.9  1376.9  194.6
1336.9  156.0  1343.1  210.1
1457.5  150.9  1478.1  210.9
1408.7  129.6  1421.6  182.6
1459.3  157.6  1480.0  218.1
1445.9  158.2  1463.4  215.9
1401.7  127.6  1414.0  180.5
1452.8  156.2  1472.1  215.4
1397.1  146.2  1408.7  200.1
1462.8  126.4  1484.7  184.9
1506.7  135.2  1534.9  197.1
1513.3  119.9  1542.4  180.5
1520.2  149.9  1549.5  213.2
1546.4  133.1  1578.8  195.2
1520.2  143.6  1549.7  206.4
1599.3  136.8  1640.5  202.9
1621.7  152.5  1653.7  209.4
1616.1  152.3  1648.7  210.0
1606.8  138.5  1644.0  200.2
1611.7  157.4  1645.5  217.3
1701.5  151.8  1782.6  244.1
1760.7  129.1  1859.6  224.3
1737.7  135.3  1830.7  230.0
1823.5  141.0  1949.2  249.6
 203.3   66.5     3.0  150.9
 314.8   65.9   147.4  146.1
 398.7  110.7   271.3  185.3
 383.7   80.1   249.0  152.5
 518.1  115.2   442.2  166.4
 486.3   74.1   403.3  123.3
 508.2   76.7   428.0  126.1
 598.5  118.2   530.8  170.6
 592.8  107.7   523.1  160.1
 588.7   88.1   519.7  137.5
 586.6   82.9   517.5  131.6
 561.3   79.1   486.7  129.5
 633.2   96.2   573.3  142.8
 629.9   89.7   570.3  135.1
 659.9   99.4   603.7  145.4
 652.5   96.8   595.5  142.6
 625.5  104.1   564.9  151.3
 718.7  116.4   668.4  164.0
 712.2   88.9   660.2  135.2
 713.3  120.6   662.6  168.5
 710.4  102.5   659.3  148.9
 702.0  116.3   649.9  164.0
 696.1  105.8   643.2  152.8
 772.8   96.1   726.4  143.8
 772.3   89.0   727.1  134.4
 832.0  110.3   792.7  157.6
 829.8   86.7   792.4  128.5
 907.2  105.7   875.9  150.6
 859.4   89.0   824.4  131.6
 897.8  106.0   866.2  149.8
 873.9   79.0   841.7  117.8
 992.0  101.6   968.5  144.6
 928.6  105.7   899.1  151.2
 932.9   99.9   904.0  144.1
1058.1   88.3  1040.3  127.6
1046.8  113.6  1027.8  158.6
1134.5  116.6  1122.7  164.9
1210.3   92.4  1205.1  138.9
1189.6   99.5  1182.1  144.1
1297.0   94.1  1300.5  144.2
1272.2   87.4  1272.3  133.9
1365.2  111.5  1374.8  163.5
1359.9  106.4  1369.0  157.9
1367.4   99.7  1377.3  150.8
1354.2   99.8  1362.9  150.8
1361.0  116.3  1370.1  168.4
1343.6  118.7  1351.0  170.7
1372.4  111.1  1382.7  163.3
1406.9  111.7  1420.0  163.6
1394.0  106.9  1406.2  158.6
1405.5   96.8  1418.9  147.9
1501.9   88.7  1530.7  147.0
1513.3   94.1  1543.3  153.1
1508.7   90.7  1538.0  149.0
1502.0   72.4  1531.8  130.0
1513.2  111.7  1541.9  171.2
1495.1   84.5  1522.3  141.4
1494.2  109.1  1521.8  169.1
1611.4   81.1  1651.6  139.1
1624.9   88.5  1664.3  145.6
1606.1   89.7  1646.3  149.1
1580.3  112.8  1615.6  172.4
1600.2   90.3  1639.4  149.4
1595.7   93.4  1634.1  152.5
1682.8   74.0  1721.6  125.4
1667.9  105.8  1704.4  159.2
1692.3   69.9  1731.5  120.6
 197.7   54.6    -5.9  137.4
 303.1   24.5   127.0   99.6
 351.5   61.4   201.0  136.0
 370.8   36.0   228.3  103.9
 482.1   57.1   397.6  105.1
 486.3   66.9   402.7  115.8
 576.7   53.8   502.8  102.3
 558.5   36.4   482.9   82.6
 564.8   58.4   490.6  106.5
 578.5   37.8   503.4   85.5
 570.0   52.7   495.9  100.6
 578.4   44.1   504.3   91.8
 565.8   31.1   489.9   77.5
 682.3   50.2   626.5   93.4
 678.4   58.9   622.4  102.8
 683.8   56.1   628.6   99.6
 677.1   45.0   620.8   87.7
 639.4   64.8   579.2  109.3
 620.7   68.3   559.1  112.6
 613.9   50.7   550.1   94.4
 694.7   42.8   640.2   85.4
 693.7   73.1   639.7  118.0
 714.2   53.8   665.2   93.9
 791.2   57.5   751.4   95.5
 799.7   64.7   760.2  103.9
 802.5   52.8   765.1   88.6
 841.1   77.6   806.4  116.0
 846.2   73.8   812.1  111.6
 874.3   35.3   843.8   68.1
 851.7   69.6   818.4  106.6
 875.9   66.3   845.4  101.3
 892.3   73.7   862.1  111.1
 851.5   46.1   818.5   80.7
 845.1   45.4   813.2   77.6
 970.1   63.6   946.1   99.7
1064.2   68.4  1047.0  104.8
1056.6   71.3  1038.8  108.3
1053.0   60.5  1035.1   96.3
1037.3   69.6  1018.5  104.5
1126.8   76.3  1114.0  114.7
1132.2   75.1  1119.8  113.0
1143.6   36.5  1132.0   71.4
1153.1   62.3  1142.0   99.0
1214.3   60.7  1207.7   98.4
1184.0   71.0  1175.3  109.9
1308.7   52.7  1311.9   96.4
1284.7   72.8  1285.9  118.2
1369.4   62.7  1379.4  110.2
1363.3   38.7  1373.8   85.8
1368.1   39.2  1379.1   86.2
1356.3   37.7  1366.3   84.6
1355.1   42.8  1365.0   90.4
1413.4   70.7  1428.0  120.2
1470.0   29.9  1492.5   78.7
1413.9   58.1  1428.9  106.9
1421.4   54.0  1437.1  102.5
1458.1   49.9  1477.4   98.4
1396.3   55.8  1409.8  104.6
1514.0   38.1  1545.2   92.1
1513.7   62.7  1544.5  119.1
1508.1   64.5  1539.4  122.1
1515.7   51.0  1546.9  106.2
1519.2   29.1  1550.9   82.1
1524.9   55.1  1556.8  110.7
1608.7   61.8  1650.2  119.0
1636.8   33.9  1678.7   86.4
1610.0   49.6  1651.3  105.2
 487.0    5.5   399.9   49.6
 471.5   23.1   384.4   68.0
 467.1    3.3   377.7   46.8
 471.2   11.4   383.2   55.4
 594.1   11.2   518.1   57.8
 569.7   22.6   493.8   68.4
 568.1   16.5   491.7   61.8
 568.9  -10.4   492.2   32.1
 626.3    0.3   563.4   39.3
 628.0    4.6   565.4   44.0
 655.8   16.3   596.8   56.5
 662.2   20.3   604.0   60.8
 655.7   10.8   596.0   50.9
 714.4   27.0   661.3   68.6
 698.7   15.3   643.9   55.9
 704.7   15.5   650.7   55.9
 713.2   14.9   659.8   55.6
 715.7    7.7   662.6   47.7
 977.0   12.2   953.6   44.5
1286.3   23.0  1285.0   59.2
1300.4   24.8  1304.9   70.0
1360.2   14.8  1370.9   60.1
1391.9  -13.6  1406.2   29.8
1356.6   21.1  1367.1   67.3
1325.6    4.4  1330.8   45.1
1455.8   23.4  1475.2   69.7
1464.1   12.6  1484.7   58.4
1464.1   18.0  1484.6   64.3
1457.9  -10.9  1478.7   33.3
1445.3    2.5  1464.7   47.8
1526.3    1.5  1559.3   52.0
1557.7   22.4  1594.3   75.5
1618.0   18.5  1661.4   71.7
 882.1 1008.7   856.5 1078.7
 789.4  699.6   756.1  765.6
 493.0  592.6   405.5  706.1
1089.9  636.6  1074.5  685.9
1177.9  630.2  1166.6  684.1
 716.0  522.3   675.6  583.8
 752.1  471.4   716.9  523.6
 540.2  388.9   461.1  475.7
1751.6  347.0  1841.9  471.8
1014.2  410.2   994.8  457.0
1182.8  379.5  1172.4  426.1
 761.8  141.4   716.0  190.9
1341.6  143.9  1348.4  197.4
1353.9  149.7  1361.9  203.9
 400.1  797.6   330.3  887.7
1128.0  108.0  1115.7  154.3
1648.3  797.6  1670.7  886.8
1646.3  811.9  1670.5  906.4
 410.9  761.5   342.4  848.4
 867.0  915.9   840.9  980.8
1095.8  892.1  1080.5  954.5
1130.8  860.0  1117.2  921.2
 667.1  360.5   618.1  420.1
 720.1  862.4   683.2  935.5
 903.7  740.6   880.7  790.4
1095.8  769.8  1080.7  822.7
1223.6  871.7  1214.9  941.9
 968.8  710.5   948.5  758.8
 970.4  647.5   949.9  696.1
1682.0  576.1  1760.1  735.7
1282.8  661.1  1278.4  728.0
 452.0  280.6   341.1  374.9
 734.8  620.3   697.7  683.0
1104.1  575.8  1089.4  625.3
 786.5  533.2   755.7  582.5
1210.3  525.1  1200.8  575.2
 359.6  374.0   220.6  495.0
1437.4  501.6  1444.1  565.9
 279.3  317.6   124.4  430.4
 762.2  443.0   727.9  492.8
1442.4  303.9  1461.7  379.0
 725.9  390.2   685.6  444.6
 901.4  233.2   869.9  287.7
 993.9  386.5   973.4  432.0
 993.7  389.2   973.2  434.9
1591.8  275.1  1643.8  371.2
1669.2  249.1  1742.9  354.2
1735.3  274.4  1831.6  396.0
 368.2  232.0   225.7  333.4
1176.8  358.6  1166.1  404.6
1435.5  348.4  1457.6  435.0
1656.4  234.1  1722.7  331.0
 349.3  181.7   196.8  278.9
1381.7  323.3  1392.1  393.1
 301.1  366.2   152.7  485.0
1572.7  131.9  1607.8  194.1
 508.1  292.6   416.3  377.7
1244.6  233.7  1241.8  290.6
1357.4  171.3  1364.9  226.0
1744.5  248.9  1843.0  366.8
 704.1  132.9   655.0  178.8
1223.4  107.3  1219.0  154.4
 821.5  861.2   793.1  923.5
1212.9  977.2  1203.0 1046.4
1248.1  996.3  1241.5 1081.4
1330.8  942.0  1332.7 1045.3
1324.5  671.8  1323.9  745.6
1531.9  931.7  1545.2 1025.9
1234.0  895.6  1225.8  967.2
1228.0  823.3  1219.5  891.0
 626.8  834.1   572.1  935.7
 803.7  999.1   773.7 1070.8
1280.7  749.9  1276.5  824.0
1318.6  766.4  1316.2  838.8
1317.0  758.8  1314.8  832.7
1331.0  752.6  1329.2  824.2
1312.5  765.3  1309.9  838.8
 774.2  869.5   742.0  937.2
1278.5  709.0  1274.1  779.9
1515.0  728.2  1543.7  851.7
 562.3  908.4   506.3 1005.9
 658.0  879.6   609.5  975.1
 945.3  808.8   923.8  862.9
1336.7  894.7  1338.9  993.9
1316.5  884.8  1316.8  980.8
 901.7  773.6   878.3  826.2
 635.9  826.7   581.0  930.0
1036.9  721.6  1019.4  770.1
1377.0  583.6  1380.4  654.4
1263.6  668.1  1257.9  734.1
 378.5  478.4   242.2  617.4
 354.3  481.9   205.5  630.5
 822.2  613.6   794.7  662.1
 966.2  633.7   945.4  682.4
 959.9  637.9   938.8  686.5
 824.5  584.5   796.3  634.3
1082.4  574.6  1066.6  624.1
1338.9  617.4  1340.3  692.6
 561.8  358.0   491.1  433.7
 801.0  468.6   770.8  515.2
1012.8  415.9   993.4  462.7
1172.9  368.4  1162.0  414.6
1202.5  335.6  1193.2  380.8
 444.6  170.6   330.2  250.7
 441.7  152.9   327.7  229.7
 770.6  252.3   727.2  309.1
 478.9   47.1   393.4   94.3
 610.4  214.2   545.6  274.8
 760.6  188.2   714.0  243.0
 893.3  199.7   860.5  253.2
1010.7  175.3   988.0  228.9
 771.9  725.2   738.4  790.0
1283.6  539.8  1280.4  605.1
1274.9  450.0  1270.8  507.7
 627.6  410.9   572.9  478.1
 687.3   61.9   632.3  106.0
1494.2  725.0  1520.6  847.5
 771.3  731.8   737.6  797.1
1063.4  746.6  1047.0  794.9
1063.1  744.8  1046.7  794.5
1200.6  681.9  1190.8  742.1
1071.6  262.1  1054.4  319.9
1145.2  227.6  1134.2  283.7
1520.8  193.5  1550.1  261.3
 570.9    5.6   495.4   49.3
1453.5  -11.0  1473.6   33.0
 439.7  946.3   374.0 1046.3
1173.8  734.8  1162.0  789.8
1724.4  895.3  1757.9 1003.7
1647.1  309.3  1714.3  419.8
1825.2  418.5  1927.7  555.9
 605.8  193.6   540.5  252.0
 994.2  217.0   970.2  272.5
1027.2  165.2  1005.8  218.4
1630.2  319.4  1693.4  429.4
1720.5  291.2  1810.1  411.4
 522.5  418.0   439.2  510.6
 470.5   34.5   382.6   81.1
 365.2  213.7   217.2  315.6
 717.6   95.1   666.8  141.3
1000.1  367.9   980.1  411.5
1335.1    2.7  1341.3   43.6
 895.0  767.1   871.4  819.1
 430.4  862.8   363.8  956.8
 719.4  651.2   680.6  717.4
 888.1  715.4   864.6  763.8
 774.1  566.2   741.8  619.4
1718.0  885.3  1752.0  994.8
1535.1  716.2  1565.3  837.2
1206.8  505.3  1197.0  554.3
 765.8  611.4   731.6  670.8
1196.0  499.6  1185.8  548.8
 864.2  474.2   837.3  521.2
1052.6  470.3  1035.4  518.2
1329.3  303.1  1335.1  370.7
1017.3  417.9   998.1  464.9
1442.3  262.3  1460.8  331.9
 595.5  185.9   527.6  245.2
 714.7  190.9   661.8  248.4
 996.4  169.4   972.3  222.5
1008.1  466.9   988.6  514.2
 867.3  148.3   831.3  199.2
 985.1  159.5   960.0  211.7
1413.7   45.0  1428.8   92.8
 815.8  640.8   788.4  688.9
 889.8  629.6   865.5  678.2
 982.1  641.7   962.1  690.4
 717.6  194.8   664.8  252.9
 880.7  570.1   855.3  619.3
 924.2  572.6   901.0  622.0
 903.1  570.5   878.8  619.9
1012.6  579.9   993.6  629.9
 990.7  578.6   970.7  628.6
 990.3  571.0   970.2  620.6
1094.5  575.6  1079.3  625.1
 964.3  998.7   942.7 1068.7
1275.8  164.0  1276.5  218.1
1274.7  159.4  1275.3  213.3
 636.7  117.9   577.5  166.1
1379.4  105.3  1390.4  157.0
1401.5   89.6  1414.7  140.3
1030.3  504.0  1012.1  551.9
1007.9  210.4   985.0  266.0
 826.8   83.2   789.2  124.8
1224.7  245.8  1220.2  302.9
1155.7   41.6  1144.8   76.7
1155.5   32.0  1144.7   67.0
1409.6   78.0  1423.7  127.9
1346.4  871.5  1350.7  976.0
 276.5  666.2   110.6  850.4
 862.7  899.4   836.4  963.0
 629.5  420.2   575.2  487.6
 884.5  806.7   859.9  862.7
1584.5  654.9  1620.1  770.3
1729.6  516.7  1818.9  672.1
 704.9  662.5   664.3  731.7
 205.1  457.8    49.8  582.8
1508.2  716.7  1535.7  837.7
1035.4  525.0  1017.4  573.5
 948.7  365.2   925.9  408.8
1767.7  523.8  1865.3  683.2
1764.8  200.8  1866.1  309.8
1644.8  200.6  1710.2  293.4
1165.2  114.0  1156.0  161.5
1199.6   66.2  1191.8  103.8
1511.0  685.0  1540.7  807.5
 405.4  652.1   340.5  725.2
 789.6  525.3   758.9  574.3
 952.1  326.0   929.4  368.1
 985.6  153.4   960.6  204.7
1507.5   73.0  1537.8  130.6
1090.7  777.2  1075.3  830.1
 785.9  720.4   753.0  785.4
 894.4  636.8   870.3  685.6
1035.6  675.3  1018.0  724.0
 947.2  464.1   924.6  511.3
1344.2   -5.6  1351.4   34.9
1308.0  969.1  1308.1 1073.0
 739.9  952.3   706.5 1021.9
 722.5  903.9   686.9  975.5
 482.0  861.1   421.2  952.0
 666.6  733.2   624.6  803.8
 802.7  658.0   772.3  714.9
1058.3  676.1  1041.6  724.9
 856.2  623.3   830.4  671.6
 367.2  472.0   225.4  613.7
 452.5  453.7   341.9  573.0
1266.4  391.6  1261.0  442.2
 484.4  341.7   386.2  436.6
 890.8  733.1   867.3  782.5
 897.5  723.7   874.5  771.7
1065.6  161.1  1047.7  214.0
1349.4  156.2  1356.7  210.5
1477.7   -4.6  1500.9   40.9
1681.0  261.4  1756.7  368.7
 518.5  759.1   446.8  868.4
 759.9  891.2   727.0  960.0
 298.9  545.5   109.6  738.4
1184.6  752.0  1174.1  818.5
 488.1   50.0   404.0   97.3
 489.1  252.9   391.1  336.4
 784.7  732.5   751.8  798.0
 775.1  354.1   741.5  399.4
1086.9  156.9  1071.0  209.4
 430.8  942.5   363.7 1043.5
 373.7  233.4   232.8  334.5
1320.4  300.1  1325.3  367.2
1723.6  278.4  1818.0  400.8
 859.8  568.0   833.4  617.1
1242.9  599.0  1236.0  660.4
1608.3  463.0  1661.5  582.9
1426.2  196.5  1441.6  257.0
 742.2  839.1   707.6  907.7
1272.4  720.9  1267.7  792.9
 945.2  573.6   922.9  623.1
 633.7  439.7   580.4  507.8
 476.2  606.5   386.2  722.4
1599.5  515.0  1655.8  649.2
 988.1  215.6   963.8  270.2
 584.1  757.4   519.2  866.3
 971.9  697.1   951.7  745.4
 779.3  554.6   747.4  607.1
 607.4  137.5   542.2  190.5
1338.2  110.7  1345.2  162.1
1572.1  979.2  1590.4 1083.3
 484.4   23.0   398.1   68.4
 573.7   45.0   499.1   92.8
 369.0  220.8   222.4  323.5
 860.7  414.0   833.1  459.8
 942.5  382.7   919.2  428.0
1007.4  415.4   987.6  462.3
1324.5  286.4  1330.0  353.0
1019.2   78.8   998.6  117.0
1043.8  659.2  1026.4  708.0
 661.4  720.7   617.5  794.2
 445.1  461.8   332.2  583.7
 490.5  597.7   402.5  712.2
1468.0  354.4  1493.2  441.2
1531.7  722.0  1562.2  845.2
 659.0   62.4   601.2  106.4
1213.0  803.2  1203.5  867.2
 419.6  122.9   297.5  198.3
 786.4   87.2   742.6  132.4
1268.8   76.9  1267.4  119.5
 381.2  110.2   244.0  188.9
