 799.9  651.4   750.4  918.5
 890.3  686.1   871.5  916.0
 924.0  685.9   912.5  915.0
1056.0  690.3  1073.0  914.6
 801.2  633.9   755.9  879.8
 866.6  677.3   842.7  904.7
 855.7  672.9   829.3  900.2
 925.2  655.9   913.9  872.9
 971.4  670.4   970.2  887.4
1041.0  683.8  1054.5  907.2
1076.6  662.9  1097.3  880.7
 795.1  612.8   752.4  836.5
 831.9  607.8   797.2  829.6
 906.8  639.6   891.6  851.6
 804.4  569.6   758.8  798.4
 903.5  601.0   886.9  804.0
 959.7  621.9   955.4  824.2
 963.3  611.7   959.4  812.3
1036.0  616.9  1047.1  815.6
1009.8  603.4  1015.4  794.7
1018.6  607.7  1026.0  802.1
1121.0  614.2  1150.0  820.3
1187.6  583.8  1232.5  797.3
 939.0  565.6   930.3  748.0
 907.5  567.3   892.0  757.0
 964.7  578.3   961.3  762.4
1057.2  582.1  1071.6  769.9
1037.6  579.7  1048.2  763.1
1007.7  594.1  1012.7  783.6
1103.9  571.7  1127.7  761.0
1073.1  574.1  1090.5  758.5
 940.6  556.5   932.4  734.7
1097.9  556.6  1119.8  738.0
1155.9  492.7  1193.5  703.3
 830.0  451.4   786.5  656.4
 797.0  439.3   739.1  661.0
 853.1  468.3   815.5  677.3
 852.0  465.7   813.7  675.1
 954.5  515.1   948.4  681.3
 979.7  526.3   978.5  693.1
1219.5  435.2  1276.3  650.7
 993.4  452.7   992.2  617.5
 986.8  464.1   984.7  629.5
1010.4  486.5  1013.6  652.1
1106.5  474.9  1128.1  639.8
1073.7  482.6  1089.1  648.2
1138.7  454.2  1166.7  618.6
1215.4  426.4  1269.7  634.6
 817.6  389.4   764.7  595.3
 871.1  429.5   845.0  594.4
 928.2  446.7   914.2  611.1
 989.5  445.0   987.3  609.2
 994.3  436.3   992.7  600.6
1006.1  436.9  1006.9  601.1
 984.5  448.3   981.4  613.1
1016.9  449.2  1020.2  613.6
1123.6  455.8  1148.3  618.8
1139.0  436.3  1167.0  600.1
1145.5  442.7  1174.8  605.9
1142.1  408.9  1171.0  574.8
 939.7  374.7   924.5  536.9
1013.7  384.6  1014.3  548.5
 996.7  383.5   993.7  547.2
1130.0  387.0  1155.8  548.6
1184.4  374.9  1224.8  548.6
1181.1  337.4  1218.2  494.6
1218.0  325.0  1272.7  515.2
1396.3  137.6  1617.9  431.4
 861.5  317.6   826.7  475.5
 885.4  317.3   856.0  474.3
 912.8  296.2   888.3  450.3
 916.5  311.0   893.2  468.5
1004.0  313.0  1000.4  468.4
1064.2  328.7  1074.5  485.0
1089.7  308.8  1105.4  462.9
1087.4  300.4  1102.4  453.4
1107.4  300.6  1127.2  454.5
 811.4  214.8   744.7  394.0
 858.0  287.3   820.6  442.2
 896.1  254.1   865.7  403.8
 936.0  260.9   914.7  412.8
 989.4  275.4   981.2  426.8
1007.5  277.9  1003.6  428.9
1095.1  274.1  1111.5  424.1
1083.1  261.8  1096.4  410.2
1134.5  259.1  1160.2  407.5
1139.2  265.6  1166.0  413.6
 842.8  214.1   796.2  364.0
 955.9  251.4   939.2  399.9
 976.5  239.0   964.1  385.9
 988.3  238.2   978.5  385.1
 967.2  242.1   952.6  389.4
 963.8  231.7   948.0  378.4
1094.6  248.4  1110.5  395.0
1080.8  227.1  1093.0  371.2
1226.9  227.8  1282.6  393.3
 888.1  186.6   852.4  327.5
 912.4  184.7   882.3  325.4
 911.9  194.8   882.2  336.4
 905.5  204.5   874.7  347.9
 980.1  209.3   967.3  352.5
1073.1  215.6  1083.1  358.7
1070.3  214.5  1079.6  355.1
1020.9  217.2  1018.2  360.7
1416.6   36.9  1644.5  263.3
 986.1  178.0   974.3  311.5
1166.4  153.3  1199.5  285.9
 849.0   72.7   773.9  240.7
 987.3  178.1   975.8  311.7
1172.6   73.1  1216.5  223.3
1183.8   73.9  1231.7  224.2
 875.6   32.8   809.2  185.8
 917.0   43.5   869.4  191.1
 915.9   38.2   867.9  183.7
 921.2   42.3   874.8  190.1
 951.4   39.8   915.8  185.3
1170.4   54.1  1213.8  200.5
1175.3   55.8  1220.4  202.1
1186.4   56.9  1235.5  203.2
1311.4   48.7  1420.2  209.3
 895.9   20.0   838.1  164.7
 879.0   -2.4   813.6  136.4
1002.0   31.1   983.4  176.5
1022.4   34.2  1011.5  178.9
1064.5   36.2  1069.1  181.1
 851.3  679.2   823.9  909.2
1242.3  555.4  1319.2  850.9
 965.5  616.9   962.5  816.2
 989.9  616.9   991.8  815.2
 856.6  469.6   819.6  679.8
 986.7  504.9   986.1  670.7
1180.3  448.3  1223.5  650.7
 803.7  364.7   746.7  564.2
1145.4  446.0  1175.0  611.9
1187.5  384.7  1231.5  574.0
1144.6  406.7  1174.0  571.9
 873.4  387.4   843.7  556.9
 706.3   73.2   514.1  320.6
 956.8  323.8   943.1  481.3
1054.8  306.9  1062.6  461.0
 794.4  193.6   719.6  372.2
1328.1  120.2  1462.4  336.0
 835.1  214.4   779.5  382.3
 976.5  244.2   964.2  391.5
1030.9  236.4  1031.2  383.5
1076.3  219.1  1087.1  362.2
1267.6  186.8  1341.6  357.4
1016.1  212.8  1012.2  355.6
 847.5  164.3   798.8  307.0
 767.7   31.7   646.3  206.2
1178.0   72.5  1223.8  222.3
1211.7   75.5  1271.1  229.0
1199.8   81.9  1254.2  235.8
1324.6   52.5  1442.4  218.8
1313.7   27.6  1424.8  182.0
 920.9   31.4   873.8  176.2
1036.4   14.3  1030.0  154.4
 933.6  791.1   924.1 1068.1
1000.4  787.2  1006.6 1061.2
 960.0  799.9   956.8 1080.5
1041.1  788.0  1057.1 1063.8
1041.4  799.0  1057.8 1082.9
1108.5  788.1  1141.6 1075.8
 822.0  739.1   781.5 1021.8
 816.5  742.6   774.6 1026.9
 927.5  752.4   916.6 1010.6
 937.6  745.6   929.0 1000.9
 933.4  749.4   923.9 1006.5
 871.3  759.8   845.7 1034.6
 947.6  752.4   941.3 1009.3
1000.9  771.4  1007.1 1037.9
 977.6  775.4   978.4 1044.7
1010.5  759.1  1018.7 1019.9
1012.5  745.8  1021.0  998.1
1067.5  772.3  1089.5 1042.6
1030.1  761.9  1043.0 1022.1
1012.7  768.0  1021.6 1032.3
1088.6  775.6  1116.0 1051.7
 767.1  691.2   704.5  990.2
 846.9  706.4   818.7  944.6
 855.7  722.2   827.1  978.5
 899.5  711.5   883.0  947.8
1056.7  723.6  1074.8  965.0
 786.3  666.2   737.7  921.9
1116.2  698.4  1146.6  928.7
1096.8  703.1  1123.0  934.1
1188.0  680.7  1240.2  950.3
 786.6  633.7   732.9  898.4
 862.5  640.3   836.5  862.3
 896.9  645.6   879.6  860.5
 886.8  635.6   866.8  850.8
 986.4  663.4   988.3  877.6
1068.0  656.7  1086.6  870.4
1027.0  618.8  1036.3  817.7
1096.2  631.9  1120.3  840.7
1243.1  572.6  1320.6  873.3
1394.6  202.2  1640.7  572.7
 914.4  570.0   900.3  759.6
 633.2  415.0   401.8  868.3
 934.5  556.1   925.0  735.6
 931.8  537.1   921.9  709.0
 931.7  536.0   921.6  708.4
 923.1  558.2   911.2  739.8
 924.7  541.8   913.0  718.9
1064.3  552.2  1079.4  728.0
1059.9  556.3  1074.2  732.5
1085.8  556.6  1105.3  736.6
1107.9  562.8  1132.2  749.2
 751.5  435.4   657.2  719.9
 839.5  471.7   800.1  676.0
 984.9  514.0   984.2  680.5
 944.6  511.9   936.5  678.0
1078.8  506.0  1095.5  671.8
1041.6  533.3  1051.9  700.3
1099.1  511.6  1119.8  678.3
1156.7  476.0  1193.7  680.0
 772.0  424.9   706.9  644.0
 770.6  417.3   703.6  637.8
 863.4  466.3   836.8  637.3
 988.7  452.7   986.6  617.3
 996.6  467.1   996.5  632.2
1020.5  456.6  1024.8  621.5
 812.1  415.9   759.5  625.2
1032.7  438.7  1039.0  602.3
1224.7  412.8  1281.0  616.6
 834.4  362.4   784.8  562.1
 896.1  372.0   871.5  534.8
 975.3  396.4   968.2  561.4
1004.9  398.6  1004.1  564.3
1046.9  386.5  1054.8  550.3
 504.7  169.1     0.9  663.8
 851.3  337.6   814.6  500.7
1008.5  331.2  1006.5  487.0
1078.9  338.0  1092.6  494.0
1145.9  334.8  1174.6  489.6
1182.5  344.7  1220.8  506.6
 906.1  325.3   881.6  482.7
 914.1  286.1   889.1  440.3
 917.7  294.4   894.1  448.8
 975.0  293.5   964.3  446.5
1003.8  306.0   999.9  461.4
1000.8  298.6   996.0  451.8
 875.0  246.2   839.4  395.3
 944.5  266.1   925.8  416.2
 981.1  287.5   971.7  438.1
1068.7  255.0  1078.4  400.9
1077.4  285.1  1089.9  437.9
1422.6  160.1  1693.8  508.6
 971.5  238.8   957.8  386.3
1016.1  217.9  1012.3  361.0
 928.6  201.9   903.1  345.1
1071.2  184.6  1079.9  316.1
1148.4  195.3  1177.0  334.4
1223.9  195.6  1278.4  353.3
 882.6  144.9   843.0  280.2
 891.0  152.7   853.8  289.5
 989.7  150.2   977.8  279.0
1120.7  147.4  1141.8  280.6
1159.3  157.9  1190.6  291.6
1436.8   96.7  1677.8  357.7
 789.7   87.3   692.2  263.4
1106.8   81.1  1127.1  232.5
1189.2   73.7  1239.1  223.8
1228.5   89.8  1297.8  256.0
 767.1   17.2   647.2  183.1
 741.2   33.6   590.1  231.2
 810.1   65.3   732.4  212.4
 912.2   43.4   863.2  190.2
1192.5   56.6  1244.0  202.9
1243.1   50.5  1321.1  209.7
1283.0   62.1  1375.9  221.7
1319.0   43.9  1431.7  203.3
 931.3   -4.3   885.4  131.8
 915.2   15.5   864.7  157.2
 924.7    4.8   876.7  144.0
1254.8   -0.8  1332.0  130.6
1274.1   28.4  1362.7  175.5
1014.8  781.1  1024.4 1050.6
 892.4  728.9   873.0  981.8
1104.3  639.5  1130.0  846.8
1042.2  579.0  1053.7  762.5
1241.0  511.3  1316.7  794.4
 877.6  385.6   849.3  551.8
1079.3  383.2  1094.0  544.9
1236.8   99.1  1309.6  268.9
 975.8  670.6   975.5  887.7
1014.1  619.4  1020.9  817.3
 941.8  576.7   933.8  762.8
 951.7  580.7   945.7  767.6
 840.8  362.9   797.2  548.6
 870.2  426.1   843.8  590.4
 981.7  181.6   968.8  317.2
1067.5  486.9  1081.6  652.3
 931.9  400.4   915.9  566.2
 985.8  439.1   982.7  603.2
1246.2  101.8  1323.8  274.3
1031.6    6.1  1023.1  143.8
 831.7  475.1   787.8  690.6
1065.0  556.9  1080.3  733.8
 808.3  394.2   753.1  601.5
1176.5  323.0  1212.4  477.9
 852.4  294.9   813.8  452.3
1058.6  290.0  1066.8  442.5
1059.7    9.4  1061.8  147.5
1011.6  468.5  1014.5  633.8
1075.9  656.5  1096.3  871.7
 998.3  447.1   997.9  611.5
1024.8  384.5  1027.8  548.9
1007.8  383.1  1007.0  547.5
 898.8  639.2   881.7  853.4
 916.5  577.1   903.0  768.2
 799.8  395.7   740.2  609.8
 854.1  331.0   817.6  493.1
 851.5  463.6   813.1  672.2
 874.3   10.4   808.5  151.9
 977.8  283.7   967.3  435.9
 805.8  557.6   763.1  773.1
 966.6  728.6   964.7  972.3
 798.0  666.8   750.4  929.6
1103.9  695.4  1131.5  925.2
1043.8  668.9  1057.6  890.2
1059.2  613.9  1074.8  812.8
1178.0  510.6  1220.1  716.0
 898.9  428.2   878.2  592.3
1167.3  267.0  1200.3  412.4
1218.8  214.7  1268.0  364.3
 863.0   52.9   794.8  208.7
 921.4  530.4   909.4  701.3
 926.5  526.5   915.8  693.3
1000.5  437.3  1000.2  601.8
 989.4  379.8   984.6  543.7
1030.8  382.8  1035.1  545.6
1259.6   -0.8  1338.6  130.5
 918.2  791.7   904.7 1071.8
 855.9  792.3   826.6 1079.1
 937.9  784.9   929.3 1059.5
 916.3  774.8   902.4 1047.2
 926.8  773.5   915.5 1043.1
 999.4  759.4  1005.0 1019.1
1105.4  747.8  1136.2 1015.1
 797.2  724.3   748.9 1009.2
 844.9  719.3   811.9  984.7
 979.2  731.8   980.0  977.0
1180.7  670.0  1228.4  920.2
1185.4  632.5  1232.2  865.7
 893.3  569.3   874.6  761.9
 725.7  540.2   634.4  836.1
 808.9  550.2   764.4  772.7
1032.1  555.8  1041.2  729.0
1097.2  539.2  1118.4  714.6
 760.0  516.6   678.4  806.0
 826.9  490.2   780.5  716.1
 854.7  488.5   818.6  699.7
1152.0  495.5  1188.6  706.3
1152.7  435.3  1184.0  602.6
 801.2  421.2   744.2  637.5
 999.6  397.9   997.6  564.1
1151.0  418.5  1183.5  596.2
1194.9  384.6  1241.0  574.8
 941.1  318.0   923.7  474.8
1072.6  296.9  1084.1  448.1
1226.2  268.3  1282.8  445.8
 757.8  237.6   670.5  435.2
 845.8  247.3   787.9  440.9
 996.5  240.9   988.8  387.4
1086.2  253.6  1100.0  400.6
1214.8  254.6  1266.7  424.8
 784.1  181.2   702.0  363.6
1271.7  167.1  1349.5  338.0
1469.5  167.4  1829.7  583.1
 874.9  146.6   834.2  280.4
1155.0  142.9  1185.3  275.0
1157.1  162.7  1187.7  296.9
 874.1  116.2   819.5  274.9
 941.0   38.1   901.3  184.7
 850.1  473.7   811.9  683.9
 792.2  673.8   744.8  932.7
1237.8   92.4  1311.1  260.2
1005.2  483.6  1007.1  654.2
1189.9  637.1  1238.8  876.6
1197.6  371.5  1244.4  559.6
1378.4  216.1  1540.2  476.4
1188.1  353.6  1228.9  522.3
 962.9  378.0   952.6  540.8
 913.7  238.9   886.6  386.5
1240.1   81.9  1314.7  247.3
1046.8  464.8  1056.5  629.6
 713.8  231.7   566.1  506.3
 590.6  494.8   455.4  780.0
 997.5  725.0  1002.4  966.5
