 713.7 1044.1   824.0  656.0
 815.8 1038.0   898.7  651.6
 787.1 1037.9   878.0  650.0
 910.8 1042.7   968.0  654.8
 870.2 1050.9   937.6  666.1
 961.5 1054.8  1004.7  664.8
 705.2 1020.1   821.3  626.0
 694.8 1007.1   815.4  611.2
 758.1 1023.7   858.3  633.9
 905.6 1033.8   964.9  643.5
 961.6 1032.6  1005.5  643.5
 718.9  976.6   838.7  566.9
 793.6  976.4   890.7  568.1
 916.6  988.2   976.7  578.2
1028.7  984.3  1055.4  574.8
1090.9  980.4  1099.2  576.6
1159.2  980.9  1147.3  577.7
1061.3  995.1  1078.1  582.9
1092.4  995.8  1099.9  583.6
1209.3  990.7  1182.2  582.6
1278.0 1019.1  1223.3  563.2
1221.9  965.6  1191.9  568.2
1279.2 1025.2  1224.0  567.3
1259.0  959.4  1214.6  542.1
 634.0  931.3   787.9  509.8
 493.0  953.0   737.5  416.8
1706.0 1087.5  1337.5  233.8
1346.3  818.4  1205.8  173.6
1769.7  976.2  1374.9  206.8
1912.7  966.0  1431.7  196.7
 391.8  797.5   767.8  168.1
 330.6  764.1   748.6  138.9
 233.6  756.2   709.0  129.9
 432.7  767.9   792.2  144.9
 430.5  781.5   789.5  154.1
 952.4  816.0  1027.2  163.8
1568.4  771.5  1300.3  137.9
1537.5  778.9  1286.6  141.1
1643.3  795.9  1336.9  156.0
1821.3  762.2  1408.7  129.6
1805.7  758.5  1401.7  127.6
 209.7  735.5   702.0  116.3
1743.6  721.1  1367.4   99.7
1677.2  746.8  1343.6  118.7
 109.4  654.1   678.4   58.9
 158.3  673.9   693.7   73.1
 498.4  505.7   799.7   64.7
 604.9  485.4   841.1   77.6
 710.0  456.7   892.3   73.7
1027.6  412.2  1064.2   68.4
1007.6  399.6  1053.0   60.5
1186.1  404.7  1153.1   62.3
1873.1  680.4  1413.4   70.7
 161.5  579.7   713.2   14.9
1775.8  588.3  1360.2   14.8
1207.0 1076.5  1177.9  630.2
 360.8  768.0   761.8  141.4
1659.5  779.8  1341.6  143.9
1690.2  797.1  1353.9  149.7
 913.6 1035.6   970.4  647.5
1097.9  979.9  1104.1  575.8
1657.0  800.2  1342.1  156.4
1134.8  738.5  1109.2  122.6
 182.0  665.2   702.3   71.2
 704.5 1010.1   822.2  613.6
 699.3 1001.1   824.5  584.5
 917.3  829.9  1010.7  175.3
 955.5 1050.0  1000.3  664.2
1024.9 1034.6  1051.4  645.4
1215.6 1004.2  1186.4  591.9
1295.8 1057.4  1233.2  580.6
 686.7  988.3   816.4  573.4
 906.0  990.5   969.4  577.8
 995.0  987.8  1031.8  576.9
1127.6  980.4  1125.1  576.9
1258.0  964.8  1214.3  548.9
 681.0  919.3   816.6  513.8
 541.0 1019.7   749.7  499.1
 464.4  852.0   803.0  188.8
1465.2  870.3  1263.6  209.9
 376.9  741.8   773.6  122.5
1872.9  692.8  1415.3   78.4
 173.8  658.3   704.9   61.3
1103.8  410.2  1107.0   66.7
 872.0  374.9   978.1   41.5
 762.9  974.9   869.1  567.9
 875.4 1045.7   941.9  659.2
 952.5  818.2  1027.2  165.2
1326.1  819.2  1196.9  175.0
1636.7  461.8  1335.1    2.7
1255.3  967.5  1212.3  550.4
 190.9  986.2   714.7  190.9
 885.3  818.5   996.4  169.4
 981.3 1055.2  1019.0  669.8
 700.4 1030.3   815.8  640.8
 800.4 1024.0   889.8  629.6
 929.3 1031.1   982.1  641.7
1295.7 1029.5  1232.6  556.8
 192.4 1004.9   717.6  194.8
 703.3  971.9   827.6  564.4
 779.3  979.5   880.7  570.1
 841.4  982.5   924.2  572.6
 810.9  981.8   903.1  570.5
 967.7  993.2  1012.6  579.9
 936.4  992.1   990.7  578.6
 966.6  982.5  1012.0  572.6
 935.6  981.5   990.3  571.0
1084.1  978.4  1094.5  575.6
1189.3  981.7  1168.6  578.8
1481.8  876.3  1270.2  209.6
 452.5  841.8   793.3  192.9
1503.3  805.0  1275.8  164.0
1502.0  798.4  1274.7  159.4
  42.0  762.0   636.7  117.9
1772.9  735.4  1379.4  105.3
1831.7  708.2  1401.5   89.6
 545.1  558.4   826.8   83.2
1019.0  411.5  1059.3   67.9
1189.5  365.9  1155.7   41.6
1191.0  357.6  1155.5   32.0
 861.6  775.9   985.6  153.4
1004.2 1059.1  1035.6  675.3
1664.6  452.5  1344.2   -5.6
1037.8  805.1  1065.6  161.1
1673.1  799.4  1349.4  156.2
 803.4 1048.6   888.9  662.6
 166.4  757.5   675.0  135.5
 935.7  800.4  1020.1  153.5
 601.3  620.2   860.6   98.6
 749.1  978.1   859.8  568.0
 617.5 1014.5   779.3  554.6
1668.1  734.6  1338.2  110.7
 945.9  457.8  1019.2   78.8
  66.3  659.6   659.0   62.4
 807.0  631.3   956.9  108.8
1436.7  517.7  1268.8   76.9
