1000.1  730.1   987.2 1076.9
 865.9  694.1   806.8 1042.8
 883.6  694.5   831.2 1038.0
 875.3  697.4   819.4 1047.2
1029.0  696.4  1025.7 1023.8
1030.7  700.9  1027.9 1031.5
 997.4  719.6   983.7 1062.7
1081.4  700.7  1095.5 1046.3
1088.6  703.6  1105.2 1052.3
 910.8  660.6   870.7  968.9
 950.5  676.8   922.7  991.2
1038.9  677.3  1038.6  991.1
1034.2  679.7  1032.5  991.0
1097.8  675.4  1116.9 1006.3
1079.3  676.6  1092.2 1001.8
1085.1  666.2  1099.7  987.3
1164.4  627.4  1220.1 1055.8
 786.4  588.1   674.2  993.0
 813.5  607.2   713.1 1021.7
 935.9  626.8   904.1  918.7
 964.4  638.0   941.5  931.2
 955.9  645.2   930.6  938.1
1026.9  629.8  1022.8  925.4
1035.9  631.7  1034.7  926.8
1040.1  637.6  1040.1  933.1
1087.8  628.0  1102.7  925.6
1197.5  609.6  1268.8 1034.8
 754.0  542.5   613.1  970.6
 888.6  565.3   838.5  860.2
 976.9  562.5   955.6  860.2
 969.5  569.5   946.0  866.8
 942.0  581.2   910.0  876.5
1002.5  578.7   989.9  878.8
1044.0  573.8  1045.1  873.6
1140.8  561.4  1174.9  864.1
1233.0  557.9  1329.0 1000.1
1207.8  544.6  1287.9  963.1
 749.2  507.2   604.2  922.1
 838.2  541.2   769.3  837.3
 905.3  551.7   859.7  848.3
 977.3  545.7   955.6  844.4
 966.8  558.2   941.9  856.2
1123.7  562.4  1151.5  860.4
1148.2  548.9  1185.1  850.6
 855.4  481.7   786.2  783.5
 901.7  483.0   849.7  785.1
 997.3  493.0   980.9  799.9
1033.2  487.1  1030.1  791.4
1054.8  495.8  1059.8  803.4
1129.6  492.2  1162.4  797.6
1125.0  492.5  1156.1  798.4
1160.4  495.9  1205.1  805.4
1191.8  486.1  1255.7  831.5
 875.1  436.0   811.0  730.2
 975.3  466.0   950.6  761.5
 946.4  463.0   910.7  760.5
 939.3  464.4   901.1  760.3
1069.2  439.8  1079.8  736.6
1085.4  439.8  1102.5  740.9
1175.7  437.2  1229.6  744.3
1188.2  455.8  1246.7  768.0
 821.4  424.3   735.3  718.5
 820.7  404.5   733.2  695.1
 812.0  425.5   719.8  728.5
 920.8  434.1   873.9  730.2
 976.1  417.0   950.1  710.9
 994.8  434.3   976.5  729.4
 971.3  416.8   943.5  710.1
 977.7  405.2   952.0  697.6
1053.1  431.3  1057.5  728.9
1081.0  419.5  1096.4  716.1
1184.1  410.1  1241.6  708.4
 815.7  392.0   724.4  683.3
 857.9  354.7   781.1  639.2
 965.7  375.9   934.1  666.0
 986.6  377.8   963.8  667.3
1056.0  385.2  1061.6  677.8
1086.2  364.1  1104.6  654.9
1086.9  372.1  1105.5  663.8
1072.7  358.9  1085.4  648.1
1137.3  361.7  1177.3  651.9
 681.4  275.9   410.6  729.1
 775.5  323.7   631.9  675.0
 878.7  343.3   808.6  630.8
 938.9  340.1   894.9  624.0
1073.9  348.1  1087.3  636.4
1075.8  345.0  1090.1  633.6
1088.2  335.2  1108.1  625.2
1179.7  346.1  1239.1  637.2
 952.5  304.4   912.6  583.8
 999.8  312.0   980.9  592.5
 949.8  289.4   907.1  572.9
 800.2  176.0   611.2  568.2
 780.4  159.1   553.9  578.9
1177.0  167.5  1278.7  542.9
1190.7  168.2  1302.8  544.5
 791.1  156.5   579.5  563.3
 865.1  139.7   728.6  498.1
 867.8  133.3   732.8  487.8
 870.0  138.6   736.2  498.7
1187.1  147.3  1299.6  518.1
1174.1  146.2  1276.8  517.0
1193.6  148.7  1310.8  519.0
1353.0  146.1  1659.8  612.6
 698.0   92.9   379.6  481.3
 837.4  110.6   670.7  465.4
1019.9   98.9  1000.4  451.6
1291.5  111.4  1517.9  510.1
1358.6  100.5  1669.7  520.6
1361.9   93.0  1677.4  507.3
 784.6   86.8   566.4  436.6
1363.0   68.5  1687.9  468.6
1329.9   58.1  1584.0  398.5
1397.1   51.6  1792.4  472.6
 770.2   50.7   538.7  371.6
1387.6   11.9  1775.6  392.0
1386.3   30.3  1778.2  436.7
 748.9   -3.9   482.9  288.6
 911.6   24.4   825.2  254.1
1055.1   23.2  1061.7  237.6
1048.7   24.9  1051.5  244.3
1111.9   27.6  1154.7  252.2
 717.7  591.6   554.9 1055.9
 817.5  609.2   718.0 1027.5
1148.3  553.9  1186.0  862.3
 756.4  414.4   603.7  812.1
 784.0  381.5   664.5  710.8
 727.5  311.9   533.1  707.3
1478.7  415.6  1739.6  857.5
 729.4  303.2   530.2  705.3
1012.0  333.3   998.6  621.1
 994.1  307.2   972.7  586.8
1210.6  178.1  1339.8  566.9
1233.1  166.4  1393.4  582.0
 872.2  109.8   737.0  455.3
 959.3  106.0   890.4  460.5
1009.3  104.0   981.0  461.1
 762.6   58.9   525.9  384.9
 819.7   56.3   630.1  381.6
 809.0   68.1   612.7  399.7
1286.5   74.7  1499.1  425.0
1413.4   44.1  1828.8  458.5
 809.6  674.0   722.5 1053.4
 914.2  676.6   874.4  996.2
 922.1  676.6   885.1  993.8
1055.0  672.6  1059.9  989.0
 969.7  625.4   948.0  919.2
1033.8  644.1  1032.0  939.3
 971.7  562.4   948.7  859.4
 981.1  577.1   961.6  873.9
1112.5  576.4  1136.4  876.9
1020.8  547.0  1014.0  845.2
 863.3  481.6   797.4  781.9
1035.2  494.3  1032.9  802.1
1091.2  490.3  1109.8  795.2
 810.2  447.8   719.4  752.9
1146.4  435.3  1187.0  732.0
1189.1  448.9  1249.3  766.0
 840.0  428.9   761.4  724.2
 879.9  389.4   813.9  681.6
 884.4  397.9   821.2  689.4
 950.0  395.3   913.1  685.8
 955.8  391.0   920.8  682.9
 967.7  386.6   937.1  680.3
 900.4  327.8   838.3  614.0
 994.1  314.9   972.9  594.9
 791.5  178.3   582.5  598.9
 859.5  139.2   720.0  493.6
1266.9  148.3  1478.2  595.9
1362.7  140.5  1682.7  606.7
 879.8   84.4   744.5  424.8
1277.5   80.7  1479.4  431.7
1290.6   94.1  1498.4  447.1
1303.8  118.7  1542.9  526.4
1287.5  110.6  1508.0  504.6
1008.0   64.8   977.3  401.6
1183.4   44.4  1295.0  340.7
 763.2    8.8   513.8  308.4
 774.8    8.7   535.1  308.8
1070.3  716.3  1080.7 1067.8
1048.1  700.8  1050.9 1038.3
 909.2  679.3   867.5 1001.8
1097.6  678.8  1116.0  998.7
1031.3  636.2  1028.6  931.1
1151.8  619.0  1189.4  938.7
 831.5  566.4   760.6  870.5
 992.2  586.7   976.5  884.9
 839.4  528.9   769.7  825.6
 968.0  548.8   943.4  846.2
 835.8  479.3   759.2  780.6
 842.6  497.6   769.0  804.4
 846.7  502.9   775.0  809.6
 846.0  495.6   773.5  801.8
1071.9  489.2  1083.2  793.5
1073.5  513.3  1085.5  826.1
1217.0  457.1  1300.2  829.1
1010.2  390.3   997.2  681.8
1163.3  415.0  1212.9  719.0
1095.4  367.6  1117.1  652.6
1073.4  325.4  1086.8  611.0
 808.8  178.8   625.5  575.4
 691.3  119.3   357.3  544.2
 795.8  486.9   685.4  854.0
1198.9  424.4  1264.3  737.6
1234.8  353.7  1338.4  719.8
 693.1  296.6   439.6  750.3
1384.8  244.1  1665.3  711.0
1254.5  195.4  1435.8  641.8
1384.0  148.4  1769.2  683.2
 891.3   71.6   763.5  406.8
 970.3  723.6   947.7 1068.2
1191.3  676.7  1251.5 1075.5
 868.2  697.2   811.8 1035.5
 967.1  687.7   944.4 1006.7
 600.3  573.1   384.6 1015.3
 892.8  647.5   847.2  950.9
1055.0  656.4  1059.6  960.7
1061.4  596.0  1068.1  894.0
1295.3  472.0  1453.7  969.7
 822.4  461.2   740.4  757.5
 903.0  462.2   851.7  754.9
 687.4  305.6   431.0  763.6
1004.5  420.2   989.8  714.8
1089.2  407.9  1108.3  705.7
 877.7  386.0   812.0  671.7
1149.7  331.9  1196.4  619.4
1350.7  147.0  1652.5  610.2
1355.7  165.4  1665.1  651.0
1180.2  147.9  1286.7  517.0
1238.9  124.2  1413.8  526.6
 817.1   97.7   630.2  449.2
 940.2  103.5   855.0  458.6
1003.1   94.5   969.4  445.5
1294.5   43.0  1520.8  375.8
 756.5  564.9   614.9 1009.8
 922.6  701.1   884.6 1036.3
1075.2  689.2  1086.2  999.9
1191.6  437.6  1252.9  750.7
 885.3  430.2   824.6  724.8
 692.0  103.9   366.1  504.8
 996.8  132.7   959.7  499.5
1023.8   87.7  1007.0  438.9
1031.6  684.0  1029.2 1003.1
1060.8  673.5  1067.5  991.6
 756.5  531.9   615.5  958.5
 896.7  630.1   852.8  923.9
1107.5  634.3  1129.0  940.7
 762.5  497.0   627.1  898.1
 884.4  564.5   832.9  859.4
 879.4  394.7   814.3  684.0
1352.5  158.0  1657.5  634.2
 998.9   91.6   961.5  442.2
 875.2   85.8   736.6  426.1
 894.5   73.9   769.1  411.8
 989.8   83.3   944.5  428.3
1020.5   66.3  1000.5  406.5
 832.8  556.3   763.9  850.3
 892.7  484.8   837.5  787.5
 894.0  705.1   845.3 1051.4
 977.5  680.7   958.2  993.5
1034.7  613.3  1033.0  910.3
 991.0  579.5   974.7  876.8
1099.1  565.2  1118.8  866.3
1029.0  493.2  1024.4  803.3
1030.2  442.2  1025.8  740.7
1062.6  470.5  1070.5  770.0
1256.3  181.9  1443.6  627.6
1324.3  191.1  1581.0  662.3
 775.6   32.4   541.9  346.7
1136.1   49.6  1210.0  350.6
 813.0  440.5   722.9  744.0
1032.7  399.8  1028.9  699.2
1080.0  429.7  1094.9  725.6
 729.5  297.9   528.8  699.7
1093.1  142.2  1131.9  508.1
 866.7   45.0   719.2  355.7
1394.4    0.5  1813.8  389.9
1079.6  682.1  1092.5 1008.6
 811.4  602.2   709.5 1016.5
 903.7  551.1   857.1  850.2
 810.8  103.2   622.2  452.7
1030.2  589.8  1026.9  887.3
 952.8  384.9   916.4  675.0
 824.5  556.2   737.3  912.8
 899.1  645.6   855.8  946.1
1016.7  490.2  1007.5  794.9
1283.3   80.6  1490.4  431.4
1249.6  579.3  1360.5 1060.2
 810.2  613.4   708.3 1030.4
1165.8  516.0  1214.1  842.7
 786.1  504.8   665.3  899.6
 874.2  482.7   811.9  785.2
1209.7  491.1  1290.3  882.9
1342.4  109.5  1618.4  510.9
1244.6  197.8  1414.0  638.0
1196.3  461.8  1262.1  797.3
1052.5  671.9  1056.6  987.9
 750.1  565.2   631.1  931.7
 796.8  585.0   690.2  984.8
1066.5  578.1  1075.1  878.0
1212.0  592.4  1288.8 1004.1
 914.3  487.2   866.7  793.3
1073.3  494.8  1085.3  804.5
1207.0  478.3  1286.6  865.3
 890.4  449.2   832.7  746.2
1168.4  359.2  1222.1  652.1
 877.4  337.9   807.4  620.3
1006.0  338.3   990.1  626.4
1262.6  183.8  1456.3  633.1
