 888.6  565.3   787.1 1037.9
 969.5  569.5   910.8 1042.7
 942.0  581.2   870.2 1050.9
1002.5  578.7   961.5 1054.8
 838.2  541.2   705.2 1020.1
 966.8  558.2   905.6 1033.8
 855.4  481.7   718.9  976.6
 901.7  483.0   793.6  976.4
1129.6  492.2  1159.2  980.9
1160.4  495.9  1209.3  990.7
1191.8  486.1  1274.1 1050.5
1188.2  455.8  1259.0  959.4
 812.0  425.5   634.0  931.3
 775.5  323.7   493.0  953.0
1329.9   58.1  1821.3  762.2
 761.4   46.6   209.7  735.5
 911.6   24.4   710.0  456.7
1055.1   23.2  1027.6  412.2
1129.6   17.9  1186.1  404.7
1146.7  513.9  1187.2 1013.7
 762.6   58.9   226.4  752.4
 819.7   56.3   383.0  746.3
 809.0   68.1   360.8  768.0
1286.5   74.7  1690.2  797.1
 971.7  562.4   913.6 1035.6
1091.2  490.3  1097.9  979.9
1277.5   80.7  1657.0  800.2
1012.7   67.0   919.7  773.4
1008.0   64.8   905.9  771.6
1089.9   52.6  1134.8  738.5
 763.2    8.8   182.0  665.2
 839.4  528.9   704.5 1010.1
 842.6  497.6   699.3 1001.1
 960.3  133.2   793.8  870.8
 765.9    0.2   173.8  658.3
1061.4  596.0  1051.4 1064.3
 817.1   97.7   393.1  833.9
1023.8   87.7   952.5  818.2
 884.4  564.5   780.5 1037.2
 998.9   91.6   885.3  818.5
1020.5   66.3   940.8  781.9
1015.3  584.2   981.3 1055.2
 832.8  556.3   700.4 1030.3
 899.6  544.3   800.4 1024.0
 982.3  556.5   929.3 1031.1
 892.7  484.8   779.3  979.5
1009.9  493.0   967.7  993.2
 990.5  491.9   936.4  992.1
 918.1  435.7   814.2  925.3
 833.4  112.1   452.5  841.8
 709.5   46.7    42.0  762.0
1228.9   71.5  1523.7  781.4
1305.4   37.3  1772.9  735.4
 859.7   26.1   545.1  558.4
1047.5   24.5  1011.6  427.5
1090.7   24.2  1103.9  420.7
1047.1  132.6  1019.1  879.1
 990.1   79.1   861.6  775.9
1038.1   97.8   993.0  825.1
1030.2  589.8  1004.2 1059.1
1283.3   80.6  1673.1  799.4
 874.2  482.7   749.1  978.1
 914.3  487.2   813.4  987.2
