 871.4 1087.1   930.3  748.0
 861.2 1037.1   921.6  717.7
 874.9 1063.3   932.4  734.7
1038.5 1062.0  1057.0  736.8
1032.0 1061.1  1052.0  738.8
1109.8 1069.5  1111.1  731.2
1121.5 1083.5  1119.8  738.0
1095.2 1076.8  1100.1  738.2
1103.3 1068.2  1106.2  732.1
1133.6 1037.1  1129.3  707.6
 897.0  982.9   948.4  681.3
 936.4  995.8   978.5  693.1
1040.6  974.0  1058.9  664.6
1120.7  991.9  1119.7  675.7
 827.1  926.6   898.5  619.1
 951.3  928.5   992.2  617.5
1305.9 1063.6  1238.9  608.3
1297.8 1060.0  1234.4  611.2
 590.9 1034.6   760.5  584.6
 564.5 1060.6   746.8  590.7
 753.4  904.2   845.0  594.4
 847.5  919.0   914.2  611.1
 988.5  925.4  1020.2  613.6
1125.3  927.2  1122.5  610.4
1115.1  925.4  1114.9  608.4
1195.4  922.5  1174.8  605.9
 837.8  856.6   912.3  536.9
 978.0  873.8  1014.3  548.5
 949.6  871.2   993.7  547.2
1172.3  872.4  1155.8  548.6
1110.5  882.6  1110.6  553.3
1218.1  882.0  1188.9  553.2
1277.2  930.5  1226.0  554.5
1278.6  894.6  1227.3  530.8
 796.2  800.3   884.1  487.8
1108.8  815.8  1109.1  494.3
1245.7  822.5  1206.4  493.2
1263.8  847.4  1219.6  513.0
 505.5  901.7   729.5  439.2
 714.7  788.6   826.7  475.5
 697.3  801.5   816.4  477.9
 696.0  807.4   817.2  476.6
 799.1  759.7   888.3  450.3
 802.4  772.9   890.8  458.9
 945.3  782.8   992.1  469.3
 938.2  781.8   987.0  469.0
1060.5  802.5  1074.5  485.0
1102.5  790.1  1104.5  473.0
1111.3  782.8  1110.6  462.9
 526.0  836.9   744.7  394.0
 714.1  753.5   828.6  443.5
 763.0  708.9   865.7  403.8
 968.9  745.6  1009.9  433.1
1050.7  750.3  1067.7  437.0
1059.9  752.1  1074.2  438.0
1065.4  751.5  1078.1  437.3
1112.8  738.1  1111.5  424.1
1186.8  735.0  1163.6  422.0
1520.3  965.5  1342.7  427.4
 901.7  691.7   964.1  385.9
 922.3  691.7   978.5  385.1
 885.6  695.1   952.6  389.4
 545.3  703.6   796.8  231.6
 468.8  734.2   773.2  216.2
 479.2  765.5   773.9  240.7
1060.5  657.5  1075.0  223.9
1494.7  779.8  1296.3  238.1
1472.5  788.1  1287.6  249.5
1445.8  773.9  1275.8  247.9
1431.8  713.8  1276.0  237.6
 691.0  622.9   874.8  190.1
 767.8  610.9   915.8  185.3
 821.0  614.5   945.1  186.1
 848.3  616.2   959.9  186.8
1344.7  651.9  1228.2  201.8
1329.5  650.2  1220.4  202.1
1245.8  644.7  1175.1  198.9
1604.6  811.5  1318.9  183.6
1795.0  813.8  1420.2  209.3
1801.4  794.6  1423.4  200.5
 169.1  683.4   658.5  147.6
 612.0  590.9   838.2  160.2
1317.3  582.7  1208.4  146.0
1329.9  612.1  1215.4  163.0
1810.7  657.5  1427.8  136.0
 518.6  514.7   794.6  111.4
 685.2  541.9   879.5  128.4
 604.9  516.1   839.0  112.6
 593.3  534.9   831.1  125.8
1462.6  555.2  1282.1  127.8
1614.9  550.3  1354.9  116.2
1779.1  614.1  1424.4  130.6
 461.8  481.6   768.1   90.5
 364.4  381.7   732.9   24.6
 402.4  423.9   747.0   50.3
 716.6  339.5   876.5   61.6
1174.4  321.1  1143.7   62.8
1191.4  257.3  1154.7   27.9
  44.7  433.2   642.9   -0.7
  37.5  423.6   641.7   -6.1
 319.0  335.4   714.5   -1.5
1104.2  968.8  1107.3  658.7
 849.5 1076.5   914.2  736.8
1087.9 1082.6  1094.6  743.1
 807.6 1049.8   882.7  716.2
1030.0 1013.4  1050.5  704.9
 623.4 1027.9   780.6  585.1
 833.7  922.0   903.7  614.9
1196.4  936.3  1175.0  611.9
1213.4  955.8  1184.1  597.0
 741.6  891.6   843.7  556.9
1100.0  805.8  1102.8  485.4
1256.5  802.2  1212.8  471.2
1526.9  970.6  1346.7  430.7
 432.6  854.8   707.1  367.2
 721.3  694.3   837.2  391.5
 902.3  697.2   964.2  391.5
 997.6  694.8  1031.2  383.5
 308.9  805.8   697.1  244.5
 726.4  656.6   891.4  215.6
1344.8  667.3  1231.0  219.8
1390.2  706.3  1254.2  235.8
1514.2  745.3  1297.9  200.4
1820.1  778.3  1424.8  182.0
1818.1  717.1  1430.9  163.4
 690.9  575.9   877.2  158.8
 439.4  501.5   754.6  103.4
 464.7  498.6   770.1   98.5
 530.1  505.6   801.7  105.1
 561.4  499.2   818.3  100.9
 541.8  518.7   806.4  113.8
1478.8  540.2  1287.7  114.3
1564.7  549.4  1331.5  119.1
 986.8  344.1  1032.3   69.5
1098.4  211.0  1099.3    9.0
 864.7 1067.6   925.0  735.6
 861.5 1023.1   921.6  708.4
 943.3  984.5   984.2  680.5
 881.4  979.2   936.5  678.0
1031.9 1005.1  1051.9  700.3
 743.5  958.0   836.8  637.3
 943.9  927.5   986.6  617.3
1143.1  947.1  1136.3  633.3
1013.3  914.6  1039.0  602.3
1106.3  927.1  1108.3  608.3
 782.0  852.5   871.5  534.8
1115.9  869.5  1114.7  546.2
1267.1  847.5  1220.8  506.6
1258.8  827.4  1215.7  496.5
 798.5  753.0   889.1  440.3
 806.6  760.2   894.1  448.8
 905.4  757.0   964.3  446.5
 913.6  754.9   970.5  442.4
 950.1  763.3   996.0  451.8
1082.2  757.7  1089.9  437.9
1569.2  781.0  1321.1  209.7
1825.0  809.6  1431.7  203.3
 697.2  547.2   885.4  131.8
1563.5  567.8  1332.0  130.6
1776.1  617.1  1421.6  130.3
 419.4  418.9   754.7   48.8
1028.4  997.1  1049.3  692.3
 751.4  876.4   849.3  551.8
1087.5  867.5  1094.0  544.9
 741.7  852.2   842.8  532.3
1080.6  868.8  1089.0  546.5
1209.2  815.6  1181.7  498.7
 353.1  899.8   678.7  361.9
1509.0  814.1  1305.0  259.2
1011.6  581.4  1049.8  145.5
 387.5  355.4   747.2    8.7
 830.6 1035.9   898.8  713.3
1061.0 1029.4  1074.3  714.3
1070.5  962.3  1081.6  652.3
1213.3  971.0  1189.3  653.1
 938.0  914.9   982.7  603.2
 809.8  854.8   891.8  536.5
 220.0  920.3   552.3  450.8
1667.9  884.6  1379.6  281.2
1781.2  752.5  1413.2  179.7
1487.7  686.1  1288.7  180.5
 826.5  587.2   952.7  153.4
 843.6  587.6   961.7  153.2
1617.7  509.0  1352.4   89.4
  26.5  427.3   637.7   -5.1
 805.9  217.8   922.3    4.6
1846.9  355.8  1440.0  -10.1
 812.8  200.5   927.4   -7.8
 871.3 1040.7   929.3  720.5
 810.6  795.5   895.0  482.1
 915.9  690.8   974.1  384.4
 695.1  586.1   882.6  156.3
1004.6  569.6  1046.3  136.9
1454.3  566.3  1277.6  133.1
 545.6  510.0   808.9  108.4
1256.8  356.8  1190.1   74.0
1419.1  254.5  1285.7   15.3
1554.2  298.0  1326.6   -8.2
1069.0 1064.3  1080.3  733.8
 575.5 1073.1   753.1  601.5
1295.3  989.5  1231.2  554.2
 821.1  925.7   894.0  618.3
 735.0  866.6   839.0  539.0
 692.2  769.4   813.8  452.3
 799.3  754.1   888.7  445.2
1049.4  758.0  1066.8  442.5
1791.3  838.8  1419.4  222.6
 308.5  762.8   697.2  222.6
 704.8  652.1   879.1  214.3
1035.0  581.4  1061.8  147.5
1518.1  576.1  1309.8  136.8
 997.0  534.7  1042.9  113.4
 461.8  460.2   771.7   74.9
 809.6  774.9   895.1  463.7
1005.8  950.2  1032.8  639.9
1063.1  960.6  1076.1  650.6
 840.5  910.4   910.1  598.4
 958.7  922.8   997.9  611.5
1344.7  866.6  1262.2  462.4
 755.7  850.1   852.5  532.8
 881.3  863.5   944.0  541.3
 853.5  861.5   924.0  539.1
 824.0  871.6   902.4  546.8
 996.4  876.4  1027.8  548.9
 967.8  874.4  1007.0  547.5
1138.8  884.2  1131.2  554.8
1103.3  868.1  1105.6  546.1
 357.4  608.8   722.0  145.4
 605.3  590.2   833.7  161.7
1442.3  572.5  1271.9  137.4
 307.1  494.4   694.8   90.6
1457.0  548.7  1277.3  120.1
1447.7  546.9  1271.9  117.9
1647.5  502.8  1365.1   83.3
1692.1  479.6  1385.0   69.1
1055.7  310.9  1072.7   58.9
1140.9  301.8  1124.5   57.6
 855.1  268.5   951.8   35.2
1209.5  263.9  1165.8   32.7
1095.5 1084.0  1100.3  743.9
 846.5  918.5   914.4  605.5
 942.1  228.4  1004.1   12.4
 908.9  746.7   967.3  435.9
 845.7 1012.1   909.4  701.3
 855.3  993.3   915.8  693.3
 961.2  915.3  1000.2  601.8
 937.0  868.5   984.6  543.7
1006.5  868.4  1035.1  545.6
 703.7  772.8   820.3  459.7
 805.6  753.7   893.9  442.1
 980.1  710.3  1018.9  395.1
1072.1  562.1  1081.1  133.5
1576.4  567.6  1338.6  130.5
1591.1  561.4  1343.0  122.2
 422.3  486.7   747.9   93.2
 735.1  236.4   880.1   15.0
1796.0  968.0  1457.3  346.7
 632.0 1003.3   785.9  570.1
1735.9  675.3  1406.7  165.4
 908.5  866.0   963.9  542.4
1081.0  554.7  1085.7  129.3
 946.9  972.5   987.4  667.0
 682.1  871.6   808.2  518.8
1281.4  885.2  1228.9  522.3
 839.7 1071.1   906.8  732.7
 885.2  955.6   940.8  650.5
 845.8  975.4   909.1  675.5
1077.8  964.1  1087.2  653.3
1313.7  975.9  1241.2  533.1
1461.9  827.2  1282.1  269.9
1437.0  833.5  1267.0  266.3
1228.1  774.2  1193.9  458.4
 409.1  641.8   752.8  154.6
 908.8  585.9   995.7  152.4
1315.1  573.8  1206.7  139.5
 336.0  408.2   716.2   40.3
 915.3  294.4   987.9   51.2
1202.2  259.5  1160.8   27.2
