 896.0  891.3   871.4 1087.1
 886.3  853.3   861.2 1037.1
 898.5  873.9   874.9 1063.3
 876.0  855.3   848.7 1043.1
1045.0  860.1  1044.5 1048.3
1040.0  873.4  1038.5 1062.0
1034.3  874.4  1032.0 1061.1
1101.4  872.0  1109.8 1069.5
1111.3  881.5  1121.5 1083.5
1088.9  879.4  1095.2 1076.8
1095.8  872.1  1103.3 1068.2
1121.7  844.5  1133.6 1037.1
 883.6  833.4   858.5 1012.1
 950.9  821.4   936.4  995.8
 979.1  795.2   968.7  971.8
1036.4  816.1  1034.8  993.0
1041.3  794.1  1040.6  974.0
1110.4  807.2  1120.7  991.9
 669.1  799.4   573.2 1085.0
 768.3  792.4   719.7  988.6
 799.2  754.2   759.2  930.9
 880.3  750.0   853.4  927.9
 857.8  748.5   827.1  926.6
 964.6  747.2   951.3  928.5
1073.2  764.6  1077.9  947.0
1249.1  785.4  1297.8 1060.0
1258.7  796.2  1310.8 1079.4
 534.6  528.0   327.7  877.0
 681.6  763.0   590.9 1034.6
 663.4  775.9   564.5 1060.6
 795.5  724.7   753.4  904.2
 788.7  709.8   744.7  890.0
 972.9  732.3   960.7  915.7
 996.5  743.2   988.5  925.4
1113.4  740.8  1125.3  927.2
1104.7  738.9  1115.1  925.4
1173.1  735.6  1195.4  922.5
 812.9  667.1   769.9  854.5
 870.0  668.6   837.8  856.6
 988.3  681.5   978.0  873.8
 964.4  680.0   949.6  871.2
1098.9  678.3  1109.5  869.9
1151.8  679.8  1172.3  872.4
1099.7  686.9  1110.5  882.6
1190.1  685.9  1218.1  882.0
1235.8  703.0  1277.2  930.5
1236.9  674.5  1278.6  894.6
1200.7  669.3  1230.5  860.4
1237.7  679.0  1279.5  900.1
1531.3  496.2  1833.3 1021.9
 835.9  616.0   796.2  800.3
1077.3  621.2  1084.4  809.7
1097.6  623.7  1108.8  815.8
1211.0  624.3  1245.7  822.5
1227.1  639.6  1264.8  840.5
1226.4  646.3  1263.8  847.4
1187.3  621.9  1215.8  809.4
 630.9  614.6   505.5  901.7
 768.4  604.0   714.7  788.6
 755.4  610.2   697.3  801.5
 755.4  611.3   696.0  807.4
 842.4  586.7   802.4  772.9
 892.5  615.1   863.4  801.7
 961.1  596.3   945.3  782.8
 955.1  595.7   938.2  781.8
1041.5  593.5  1041.8  780.6
1057.2  613.0  1060.5  802.5
1092.1  600.3  1102.5  790.1
1093.5  581.9  1104.9  780.5
 648.1  560.9   526.0  836.9
 769.1  570.0   714.1  753.5
 811.1  527.0   763.0  708.9
 981.1  558.5   968.9  745.6
1052.4  569.1  1055.0  758.0
1048.8  562.2  1050.7  750.3
1056.4  563.5  1059.9  752.1
1061.0  562.8  1065.4  751.5
1099.2  540.1  1112.0  729.1
1100.0  548.8  1112.8  738.1
1160.9  545.9  1186.8  735.0
1172.2  541.6  1200.7  731.2
1168.0  552.5  1195.2  742.4
1394.5  617.2  1520.3  965.5
 689.7  530.8   591.2  772.5
 887.7  520.8   855.5  703.2
 926.1  507.9   901.7  691.7
 943.1  507.2   922.3  691.7
 912.8  511.6   885.6  695.1
 460.5  426.5    92.0  905.5
 654.9  387.7   468.8  734.2
1347.6  412.8  1494.7  779.8
1318.7  420.3  1445.8  773.9
 429.8  386.7    25.5  860.3
 792.0  329.7   687.4  609.5
 794.9  338.1   691.0  622.9
 868.1  331.3   795.4  612.4
 886.2  332.1   821.0  614.5
 905.5  333.0   848.3  616.2
1184.6  348.5  1245.8  644.7
1392.0  371.5  1580.2  759.1
1522.9  392.7  1795.0  813.8
1527.1  380.7  1801.4  794.6
1517.8  359.5  1803.9  786.4
1474.6  359.0  1706.8  739.5
 485.3  315.4   169.1  683.4
 500.9  337.1   209.9  697.2
 744.2  305.1   612.0  590.9
1011.2  283.3   997.2  574.2
1229.5  287.9  1317.3  582.7
1238.7  309.5  1329.9  612.1
1504.9  325.0  1748.7  679.7
 708.2  277.4   559.9  551.2
 635.8  241.0   447.1  509.7
 683.9  245.2   518.6  514.7
 796.9  265.7   685.2  541.9
 736.3  251.9   596.5  522.3
 742.8  246.2   604.9  516.1
 706.6  232.7   550.0  499.6
 733.3  262.2   593.3  534.9
 984.9  272.9   958.5  561.4
1211.5  272.8  1293.0  567.9
1205.4  273.7  1283.4  566.6
1326.7  265.2  1462.6  555.2
1335.0  266.0  1476.6  560.2
1424.8  253.3  1614.9  550.3
1386.9  269.3  1553.2  565.2
1474.4  240.3  1690.9  533.8
 647.4  219.5   461.8  481.6
 900.0  202.6   839.4  438.9
1473.0  220.0  1692.4  507.8
1566.0  180.9  1892.9  510.5
 595.4  154.9   369.6  403.8
 593.4  138.6   364.4  381.7
 614.8  170.9   402.4  423.9
 801.6  159.4   716.6  339.5
 862.0  152.9   801.8  323.4
1152.1  108.4  1191.4  257.3
1429.7  137.2  1644.7  403.8
1483.3  173.9  1721.0  453.3
 444.7  125.3    44.7  433.2
 442.2  118.1    37.5  423.6
 529.2   87.1   253.8  314.6
 566.6  105.1   319.0  335.4
1421.3  109.1  1637.5  367.1
1542.7   80.3  1841.3  334.3
 877.3  880.3   849.5 1076.5
1082.7  884.7  1087.9 1082.6
 841.2  857.4   807.6 1049.8
1032.3  834.8  1030.0 1013.4
 706.6  761.1   623.4 1027.9
 790.1  695.1   741.6  891.6
1399.5  621.2  1526.9  970.6
1005.1  506.6   997.6  694.8
 945.8  364.7   906.0  656.8
1286.9  394.0  1390.2  706.3
 630.5  235.4   439.4  501.5
 692.7  237.5   530.1  505.6
 714.4  232.2   561.4  499.2
 699.7  248.1   541.8  518.7
1393.0  255.8  1564.7  549.4
1553.7  230.6  1861.9  579.1
1005.1   65.4   996.9  192.5
 435.7  746.5   284.6 1011.5
1077.6  883.9  1082.0 1080.1
 890.0  876.1   864.7 1067.6
 957.0  809.0   943.3  984.5
 903.1  805.9   881.4  979.2
 958.3  746.8   943.9  927.5
1129.1  763.0  1143.1  947.1
 441.6  368.5    60.2  812.8
1017.8  731.7  1013.3  914.6
 430.2  408.1    13.4  910.9
1104.3  677.5  1115.9  869.5
1221.9  628.2  1258.8  827.4
 846.0  575.3   806.6  760.2
 928.1  572.0   905.4  757.0
 935.2  568.4   913.6  754.9
1018.4  283.7  1007.7  577.6
 625.4  168.4   419.4  418.9
 457.5  755.4   314.0 1018.8
1052.3   56.0  1059.0  182.3
 883.7  880.6   857.3 1074.0
1030.8  820.6  1028.4  997.1
 743.6  792.4   678.8 1032.3
 787.5  755.0   743.9  939.1
 796.2  712.5   753.5  893.1
 797.3  686.3   751.4  876.4
 802.5  691.6   758.0  881.5
1080.4  676.2  1087.5  867.5
 509.2  345.8   222.2  711.0
 996.7  289.2   976.1  581.5
1554.4  116.1  1850.9  383.5
 972.1  876.2   960.2 1062.3
1064.1  879.0  1066.5 1072.9
 786.3  855.2   741.1 1059.6
 782.0  740.0   738.0  919.8
1046.5  745.5  1046.9  929.0
1033.2  744.8  1031.4  928.2
1030.1  727.6  1027.8  912.3
1194.7  696.2  1223.5  894.4
 789.3  664.6   741.7  852.2
 788.3  674.5   740.6  863.7
 956.3  680.0   940.0  872.3
1024.8  679.3  1021.4  872.4
1074.6  677.7  1080.6  868.8
1226.0  653.0  1262.9  853.5
 688.0  615.3   584.2  891.4
 787.9  611.9   738.5  796.5
1181.7  625.9  1209.2  815.6
1100.0  583.7  1112.2  773.5
 547.8  553.0   353.1  899.8
1189.4  542.5  1221.5  732.1
1358.7  439.0  1509.0  814.1
1535.4  432.8  1845.5  927.0
 682.5  404.0   518.5  740.4
1280.2  399.9  1379.9  711.9
1125.5  344.7  1161.3  637.8
 561.4  307.1   317.4  632.7
 749.6  303.0   617.5  592.7
1080.7  302.1  1098.7  595.2
1297.7  329.1  1413.7  634.5
 792.8  277.3   680.4  555.7
1021.0  288.5  1011.6  581.4
 713.0  227.0   558.0  493.7
 820.9  253.4   718.6  528.7
 532.1  186.9   277.2  448.2
1003.8  209.1   988.8  443.3
 525.5  143.5   263.4  386.9
 606.4  158.3   386.6  408.4
 591.2  149.6   363.1  396.0
 612.8  134.3   392.1  377.2
 732.6  159.8   597.9  378.5
1110.0  142.4  1134.9  300.4
1552.1  121.1  1846.2  390.4
 583.2  113.7   346.4  346.5
 611.2  118.4   387.5  355.4
 847.5  112.9   786.1  261.4
1556.7  110.0  1855.1  374.4
1575.3   88.2  1899.7  352.5
 842.5  867.5   808.9 1062.9
 907.1  884.7   884.8 1075.7
 953.8  887.1   938.8 1078.3
1094.8  878.8  1102.1 1076.2
 791.4  852.9   747.1 1056.8
 836.4  849.6   802.3 1039.5
 794.8  861.6   751.2 1066.4
 885.7  842.3   860.7 1023.1
 884.7  855.1   859.4 1039.1
 860.2  850.2   830.6 1035.9
 864.7  837.1   836.5 1017.8
1059.2  846.6  1061.0 1029.4
 444.3  783.1   293.1 1060.7
 477.0  808.2   339.6 1080.8
 677.8  807.5   586.3 1088.5
1067.0  781.5  1070.5  962.3
1251.3  791.8  1301.0 1070.4
 450.2  776.0   308.3 1037.6
 451.5  767.0   302.7 1039.9
 489.9  738.5   357.6  991.7
 721.2  744.1   645.0  996.1
 874.9  760.5   847.4  937.3
1067.9  776.0  1071.6  956.9
1074.5  775.4  1079.2  956.9
1177.9  773.2  1200.6  964.6
1584.5  752.8  1750.5 1094.9
 729.9  712.0   658.4  948.5
 852.9  694.0   817.9  883.1
 911.8  728.9   889.2  911.3
 859.1  694.0   825.2  883.6
 953.4  733.0   938.0  914.9
1247.5  725.5  1295.9  982.7
1573.0  701.1  1734.1 1023.5
 664.6  649.7   560.2  919.0
 738.8  666.9   674.6  877.5
 846.4  668.0   809.8  854.8
1052.1  685.2  1053.9  879.5
1072.7  681.1  1078.3  874.8
 411.4  630.7   220.0  920.3
 538.4  610.7   357.1  947.6
 984.1  606.8   973.5  785.3
1195.4  612.0  1226.6  804.6
 552.5  570.6   364.7  914.8
 557.9  573.9   373.3  917.2
 915.6  590.4   891.3  772.0
 996.6  599.9   987.9  787.3
1051.4  574.0  1053.8  763.9
 793.1  524.5   741.7  704.2
1307.8  557.4  1383.6  815.8
 772.1  512.3   715.3  692.5
 984.2  514.6   972.2  702.0
1460.0  473.5  1667.9  884.6
 434.3  450.0    20.5  980.4
1527.0  422.5  1801.1  860.4
1514.3  418.6  1777.9  848.8
 434.2  380.6    26.8  857.2
 440.6  378.9    45.1  845.3
 552.9  347.6   292.3  710.1
 707.4  369.8   563.0  674.0
 950.9  364.1   913.4  655.6
1136.6  344.9  1177.6  640.8
1203.4  349.9  1272.6  646.6
1198.1  367.7  1262.7  661.1
1223.1  351.2  1300.9  648.9
1234.0  351.4  1316.2  648.7
1344.8  345.8  1498.9  698.7
1399.0  382.1  1590.2  774.3
 504.5  312.4   216.3  658.5
 484.2  304.4   167.6  666.1
 663.5  324.4   468.5  663.8
 648.2  319.3   446.1  654.9
 645.9  313.3   442.0  646.9
 688.5  325.7   513.7  652.5
 895.5  331.6   833.6  616.1
 867.9  331.5   794.7  614.5
1184.4  343.2  1246.1  639.7
1338.8  340.9  1487.7  686.1
1412.8  322.9  1599.5  660.4
1535.7  331.1  1815.4  716.7
1545.2  333.6  1842.7  737.8
 598.5  287.9   371.3  607.1
 583.4  275.0   368.6  560.8
 649.7  272.5   466.9  556.5
 668.8  279.4   493.3  569.2
 712.9  289.5   563.2  574.9
 893.7  297.4   826.5  587.2
 905.5  297.3   843.6  587.6
 989.2  277.9   964.9  566.5
 966.7  264.1   931.9  547.4
1018.2  268.1  1007.4  557.6
1214.3  279.8  1297.2  578.3
1171.2  275.1  1232.8  567.9
1174.2  287.6  1235.5  578.0
1340.5  267.2  1484.8  562.5
1327.0  272.2  1463.4  566.9
1418.0  254.0  1604.4  551.0
1404.2  258.3  1582.5  555.0
 405.2  240.0     9.7  595.7
 636.8  244.2   449.4  513.2
 630.0  240.4   439.6  507.4
 648.6  214.8   465.2  472.5
1024.4  256.8  1016.3  547.4
1047.5  226.0  1051.0  479.3
1038.7  221.4  1038.3  468.9
1116.8  228.8  1151.1  482.1
1376.4  241.0  1541.5  529.6
1423.0  220.3  1617.7  509.0
1518.8  231.0  1773.2  539.2
 443.1  166.0    61.4  484.7
 443.5  187.5    66.1  516.3
 525.4  204.8   258.1  484.3
 505.3  190.0   206.5  482.3
 513.3  196.6   220.7  490.7
 502.3  172.8   200.7  456.7
 539.1  205.4   300.1  462.7
 649.1  176.3   454.4  431.4
 719.6  193.2   562.9  452.3
 818.0  197.9   721.1  433.0
1344.2  194.2  1494.4  460.4
1341.0  189.0  1486.1  446.4
1453.6  199.7  1668.9  484.5
1478.4  181.5  1711.2  462.4
1488.6  164.5  1732.6  443.0
 436.3  119.9    26.5  427.3
 700.7  131.3   550.3  339.7
 698.4  126.3   544.9  335.2
 723.0  141.2   587.4  346.8
1005.6  165.7   995.1  343.4
1139.3  153.0  1174.7  321.0
1195.0  160.4  1251.7  339.5
1340.0  152.7  1475.1  375.7
1445.6  136.7  1671.8  406.3
1414.5  136.2  1621.3  402.6
1538.8  128.4  1824.0  400.6
1491.8  144.7  1740.8  415.8
 524.6   73.8   246.0  294.8
 510.3   75.7   221.9  299.2
 444.1   74.4    25.8  360.8
 574.6  111.9   333.1  344.1
 585.1  118.2   346.0  356.7
 631.4  105.3   414.5  339.6
 636.9   89.2   417.0  321.5
 637.6  102.2   418.8  340.8
 744.1  101.3   644.2  251.8
 862.0   80.4   805.9  217.8
 934.6   84.0   902.9  221.1
 974.5   91.8   955.5  232.3
1019.7   83.6  1016.0  214.8
1049.1   88.9  1054.5  224.6
1155.3  112.7  1195.3  261.8
1160.3  115.3  1202.1  265.5
1372.9   86.6  1537.8  299.5
1374.5   87.0  1537.3  296.1
1462.7   75.3  1711.0  322.8
1434.0   73.1  1659.2  312.3
1466.2   88.5  1712.3  339.5
1457.4   80.9  1701.1  330.2
1549.3   96.5  1846.9  355.8
 509.1   69.6   218.2  291.2
 604.3   36.1   359.1  245.8
 633.7   70.8   411.9  293.2
 632.8   35.9   408.6  241.4
 626.0   65.9   398.4  287.1
 627.8   70.1   401.8  293.2
 867.8   65.9   812.8  200.5
 916.5   55.6   878.0  186.7
 987.0   50.1   973.4  171.1
 928.7   56.4   895.2  184.8
 937.6   40.5   908.4  159.1
1027.4   61.6  1026.3  187.3
1047.9   61.7  1053.2  189.1
1221.9   39.3  1287.0  170.8
1173.0   69.7  1218.1  201.5
1327.1   37.0  1434.5  176.8
1363.2   47.9  1484.7  193.0
1409.3   65.9  1598.9  276.3
1410.1   50.1  1601.7  254.0
1538.3   41.5  1843.8  279.6
1538.6   42.4  1845.0  281.5
1532.3   23.2  1837.4  252.3
 648.5   22.4   453.5  201.9
 978.3   19.0   961.5  134.0
1031.4   19.6  1031.7  135.8
1150.6    7.6  1193.1  132.9
1108.2    6.3  1133.6  119.6
1184.0   18.8  1237.8  146.9
1327.8   27.6  1436.6  165.4
1525.3    0.4  1836.0  222.4
 526.9  525.4   316.0  874.8
 848.3  610.3   810.6  795.5
1260.2  161.5  1341.7  345.2
1049.3   12.0  1055.4  126.9
 671.6  787.6   575.5 1073.1
 869.7  813.7   842.8  988.2
 403.4  677.0   230.3  947.5
 839.8  570.8   799.3  754.1
1157.5   12.0  1202.6  139.6
1011.3  769.4  1005.8  950.2
1060.7  779.8  1063.1  960.6
 876.3  747.7   848.4  926.9
1029.2  692.3  1026.5  886.7
1203.2  717.9  1234.4  927.4
 640.9  320.5   430.6  663.9
 731.3  652.8   665.9  859.6
 859.0  670.8   824.7  859.1
 906.8  673.7   881.3  863.5
1003.8  682.6   996.4  876.4
 979.8  681.1   967.8  874.4
 977.7  679.0   965.5  870.3
 979.3  672.8   967.3  864.6
1028.1  683.9  1025.2  878.0
1049.1  680.3  1050.2  873.5
1123.5  688.3  1138.8  884.2
1093.7  677.1  1103.3  868.1
1105.9  388.1  1132.2  689.5
 738.9  306.2   605.3  590.2
1313.4  277.6  1442.3  572.5
1312.1  272.5  1441.1  566.2
 547.4  223.0   307.1  494.4
 794.0  240.0   678.0  511.7
1415.0  253.8  1598.4  548.1
1440.7  213.3  1647.5  502.8
1468.0  195.3  1692.1  479.6
1165.9  113.9  1209.5  263.9
1249.6  106.2  1323.2  259.6
 862.9   65.4   806.5  199.3
 760.1   42.7   667.6  171.1
 929.9   23.9   898.0  138.8
 954.6   16.2   930.3  129.9
1026.5   19.4  1025.1  135.3
1080.4   22.8  1096.7  141.9
1153.6    2.7  1197.7  128.1
1179.6   13.2  1232.7  141.7
1037.6  290.2  1035.9  581.3
1089.2  885.7  1095.5 1084.0
 875.2  736.5   846.5  918.5
1396.5   77.9  1574.4  288.1
1054.0  776.0  1055.4  957.2
 668.8  793.3   572.7 1078.0
 872.5  833.5   845.7 1012.1
1012.3  677.5  1006.5  868.4
1062.1  273.3  1072.1  562.1
1402.0  269.9  1576.4  567.6
1568.4   89.3  1890.0  355.4
 809.1   94.1   735.1  236.4
 999.6   60.1   989.7  185.4
 655.1  281.2   473.4  571.5
 994.5  275.3   972.6  564.5
 444.0  443.6    42.3  962.4
1197.7  716.3  1227.8  924.7
 488.5  444.4   158.6  905.4
 941.0  678.6   921.8  869.6
 836.0  668.5   797.3  856.6
 960.3  795.8   946.9  972.5
 744.8  662.5   682.1  871.6
1239.0  665.4  1281.4  885.2
1390.4  218.4  1567.7  504.5
1008.8  158.7   999.8  330.8
 842.1  107.5   779.8  252.3
1167.9    5.2  1217.0  131.1
 967.9  783.2   955.6  961.2
 539.3  518.6   333.3  865.7
 425.7  394.5    12.8  879.9
1045.1  221.6  1047.7  468.4
1619.1  637.5  1820.4  984.9
1177.7  778.5  1200.4  971.5
1098.3   78.3  1120.1  216.7
 982.8   52.7   967.4  177.3
1044.0  291.0  1045.3  581.6
