 987.2 1076.9  1009.8  603.4
 831.2 1038.0   907.5  567.3
1027.9 1031.5  1037.6  579.7
 983.7 1062.7  1007.7  594.1
 840.9  994.9   912.5  551.4
1116.9 1006.3  1097.9  556.6
1220.1 1055.8  1155.9  492.7
 674.2  993.0   830.0  451.4
 594.9 1046.9   797.0  439.3
 713.1 1021.7   853.1  468.3
 904.1  918.7   954.5  515.1
 941.5  931.2   979.7  526.3
1034.7  926.8  1043.8  521.4
1262.0  998.1  1181.7  456.8
 955.6  860.2   993.4  452.7
 983.5  893.0  1010.4  486.5
1174.9  864.1  1138.7  454.2
1329.0 1000.1  1215.4  426.4
 769.3  837.3   871.1  429.5
 955.6  844.4   994.3  436.3
 941.9  856.2   984.5  448.3
 990.7  856.5  1016.9  449.2
1151.5  860.4  1123.6  455.8
1185.1  850.6  1145.5  442.7
 980.9  799.9  1013.7  384.6
1162.4  797.6  1130.0  387.0
1244.5  743.2  1181.1  337.4
 735.3  718.5   861.5  317.6
1057.5  728.9  1064.2  328.7
 577.7  723.2   811.4  214.8
 724.4  683.3   858.0  287.3
 781.1  639.2   896.1  254.1
 934.1  666.0   989.4  275.4
 963.8  667.3  1007.5  277.9
1105.5  663.8  1095.1  274.1
1104.2  641.6  1094.6  257.9
1085.4  648.1  1083.1  261.8
1177.3  651.9  1139.2  265.6
 738.0  605.0   872.5  225.6
 808.6  630.8   914.8  243.1
 909.9  620.4   976.5  239.0
 894.9  624.0   967.2  242.1
1104.1  631.7  1094.6  248.4
1080.7  605.1  1080.8  227.1
 912.6  583.8   980.1  209.3
 980.9  592.5  1020.9  217.2
1278.7  542.9  1172.6   73.1
1302.8  544.5  1183.8   73.9
 728.6  498.1   917.0   43.5
 736.2  498.7   921.2   42.3
1276.8  517.0  1170.4   54.1
1310.8  519.0  1186.4   56.9
1659.8  612.6  1311.4   48.7
1007.0  437.1  1048.7   -0.5
 718.0 1027.5   856.6  469.6
1186.0  862.3  1145.4  446.0
 760.3  816.9   873.4  387.4
 533.1  707.3   794.4  193.6
 909.1  677.8   973.0  286.9
 910.4  626.0   976.5  244.2
 998.6  621.1  1030.9  236.4
 972.7  586.8  1016.1  212.8
1339.8  566.9  1199.8   81.9
 733.1  480.2   920.9   31.4
 981.0  461.1  1036.4   14.3
 874.4  996.2   934.5  556.1
1059.9  989.0  1059.9  556.3
 948.0  919.2   984.9  514.0
1032.0  939.3  1041.6  533.3
 948.7  859.4   988.7  452.7
 961.6  873.9   996.6  467.1
1014.0  845.2  1032.7  438.7
 797.4  781.9   896.1  372.0
1032.9  802.1  1046.9  386.5
 719.4  752.9   851.3  337.6
1187.0  732.0  1145.9  334.8
1249.3  766.0  1182.5  344.7
 813.9  681.6   914.1  286.1
 821.2  689.4   917.7  294.4
 913.1  685.8   975.0  293.5
 720.0  493.6   912.2   43.4
1478.2  595.9  1243.1   50.5
1682.7  606.7  1319.0   43.9
 744.5  424.8   931.3   -4.3
1479.4  431.7  1254.8   -0.8
1542.9  526.4  1274.1   28.4
1080.7 1067.8  1072.5  590.7
1050.9 1038.3  1053.1  578.4
 867.5 1001.8   930.0  558.0
1116.0  998.7  1097.7  562.4
 760.6  870.5   864.6  451.8
 976.5  884.9  1006.2  476.2
 769.7  825.6   872.7  417.6
 943.4  846.2   985.9  439.5
 759.2  780.6   872.0  369.0
 769.0  804.4   877.6  385.6
 775.0  809.6   880.9  390.7
 773.5  801.8   880.5  383.9
1083.2  793.5  1079.3  383.2
1085.5  826.1  1080.2  404.5
1300.2  829.1  1204.8  343.0
 997.2  681.8  1027.7  289.9
1212.9  719.0  1160.8  314.3
1117.1  652.6  1102.6  271.4
1086.8  611.0  1084.4  230.6
 357.3  544.2   781.4   15.6
 666.1 1082.2   825.4  498.8
 899.9 1041.9   951.7  580.7
 685.4  854.0   840.8  362.9
 627.8  778.5   831.2  259.3
 718.4  735.1   851.5  324.9
1225.1  684.3  1169.2  294.4
1388.6  601.3  1217.0   84.2
1081.6 1059.3  1073.2  586.1
 592.7 1055.7   795.1  445.7
 934.1 1031.4   974.2  580.2
 608.6  962.3   807.5  387.6
1068.1  894.0  1067.5  486.9
 364.6  932.1   662.3  380.4
1069.2  888.5  1068.3  481.8
 855.7  816.9   931.9  400.4
 943.2  846.2   985.8  439.1
 876.5  787.2   946.8  376.4
1665.1  651.0  1313.1   64.2
1072.7  552.5  1076.2   74.7
 969.4  445.5  1031.6    6.1
 884.6 1036.3   941.7  576.3
1093.8  885.3  1084.9  479.1
 761.7  685.0   879.3  295.0
 804.7  688.9   906.2  298.2
 875.6  669.7   952.6  279.4
 913.4  572.7   981.2  200.0
 754.6  488.5   930.0   37.5
 971.5  500.0  1030.3   43.8
1484.1  435.9  1258.6    4.3
1067.5  991.6  1065.0  556.9
 615.5  958.5   808.3  394.2
 715.2  697.7   852.4  294.9
1046.9  684.2  1058.6  290.0
1032.9  451.1  1059.7    9.4
 763.9  850.3   865.6  444.4
 837.5  787.5   921.9  375.2
 845.3 1051.4   916.5  577.1
 722.9  744.0   854.1  331.0
 709.5 1016.5   851.5  463.6
 622.2  452.7   874.3   10.4
1026.9  887.3  1039.9  480.3
 916.4  675.0   977.8  283.7
 869.8  877.6   933.3  478.4
1053.9  888.7  1058.0  481.1
 986.2  750.9  1017.9  355.1
1091.8  771.2  1085.2  366.4
1131.8  773.3  1110.8  370.1
 829.7  719.0   920.6  320.9
 968.3  679.4  1010.0  286.6
 855.8  946.1   921.4  530.4
1007.5  794.9  1030.8  382.8
1490.4  431.4  1259.6   -0.8
 708.3 1030.4   850.1  473.7
 694.5  561.1   853.3  182.8
1290.3  882.9  1197.6  371.5
1262.1  797.3  1188.1  353.6
 807.4  620.3   913.7  238.9
 908.7  587.1   977.3  213.7
 990.1  626.4  1025.6  241.0
1456.3  633.1  1240.1   81.9
 772.7  807.5   879.6  388.9
 839.1 1015.7   911.9  560.1
 907.9  881.5   959.9  475.2
 937.9  712.5   988.9  319.2
 905.9  595.3   976.5  212.5
