1052.3  572.4  1087.6  413.2
 713.7 1044.1   759.2  930.9
 815.8 1038.0   853.4  927.9
 787.1 1037.9   827.1  926.6
 870.2 1050.9   903.0  943.1
1484.2  374.5  1456.2  264.3
 705.2 1020.1   753.4  904.2
 694.8 1007.1   744.7  890.0
 961.6 1032.6   988.5  925.4
 718.9  976.6   769.9  854.5
 793.6  976.4   837.8  856.6
 916.6  988.2   949.6  871.2
1090.9  980.4  1109.5  869.9
1159.2  980.9  1172.3  872.4
1061.3  995.1  1082.0  881.1
1092.4  995.8  1110.5  882.6
1209.3  990.7  1218.1  882.0
1278.0 1019.1  1278.6  894.6
1221.9  965.6  1230.5  860.4
1279.2 1025.2  1279.5  900.1
1274.1 1050.5  1274.2  922.0
1259.0  959.4  1263.8  847.4
 634.0  931.3   697.3  801.5
 493.0  953.0   591.2  772.5
1706.0 1087.5  1580.2  759.1
1346.3  818.4  1317.3  582.7
1912.7  966.0  1748.7  679.7
 391.8  797.5   559.9  551.2
 330.6  764.1   518.6  514.7
 233.6  756.2   446.1  503.1
 432.7  767.9   596.5  522.3
 430.5  781.5   593.3  534.9
1643.3  795.9  1553.2  565.2
1821.3  762.2  1690.9  533.8
1677.2  746.8  1575.6  516.2
 109.4  654.1   369.6  403.8
 158.3  673.9   402.4  423.9
 498.4  505.7   637.0  341.2
 604.9  485.4   716.6  339.5
 710.0  456.7   801.8  323.4
1027.6  412.2  1069.5  301.1
1186.1  404.7  1205.5  296.5
1559.6  999.0  1477.2  711.4
1873.1  680.4  1721.0  453.3
1775.8  588.3  1637.5  367.1
1207.0 1076.5  1213.4  955.8
 382.0  201.2   542.7   96.1
 226.4  752.4   439.4  501.5
 383.0  746.3   561.4  499.2
 360.8  768.0   541.8  518.7
1551.6  771.9  1478.8  540.2
1659.5  779.8  1564.7  549.4
 939.8  284.0   996.9  192.5
 913.6 1035.6   943.9  927.5
1097.9  979.9  1115.9  869.5
 956.8  828.1  1007.7  577.6
1657.0  800.2  1563.5  567.8
 182.0  665.2   419.4  418.9
1011.6  271.9  1059.0  182.3
 704.5 1010.1   753.5  893.1
 699.3 1001.1   751.4  876.4
1167.8  200.4  1193.5  113.4
 917.3  829.9   976.1  581.5
 815.4  512.5   891.0  365.9
1690.6 1002.7  1575.4  705.8
1024.9 1034.6  1046.9  929.0
1215.6 1004.2  1223.5  894.4
 686.7  988.3   740.6  863.7
 906.0  990.5   940.0  872.3
 995.0  987.8  1021.4  872.4
1258.0  964.8  1262.9  853.5
1603.4  904.1  1516.6  644.8
 681.0  919.3   738.5  796.5
 541.0 1019.7   623.2  850.3
 464.4  852.0   617.5  592.7
1465.2  870.3  1413.7  634.5
 376.9  741.8   558.0  493.7
 133.6  623.2   392.1  377.2
1103.8  410.2  1134.9  300.4
1051.4 1064.3  1070.5  962.3
 809.8 1046.7   847.4  937.3
1052.4 1059.0  1071.6  956.9
1060.6 1059.1  1079.2  956.9
1191.6 1068.4  1200.6  964.6
 609.3 1021.7   674.6  877.5
 762.9  974.9   809.8  854.8
1030.6  994.1  1053.9  879.5
1057.2  988.1  1078.3  874.8
1402.2  973.8  1383.6  815.8
 247.6  995.7   468.5  663.8
 211.6  974.8   442.0  646.9
1713.3  930.7  1599.5  660.4
 296.6  840.0   493.3  569.2
 393.1  833.9   563.2  574.9
1243.1  812.1  1235.5  578.0
1711.5  784.4  1604.4  551.0
1008.8  687.4  1051.0  479.3
1133.5  685.2  1151.1  482.1
1410.7  565.3  1382.6  404.7
1631.0  758.1  1541.5  529.6
 228.2  680.6   454.4  431.4
1243.8  464.4  1251.7  339.5
1817.9  633.5  1671.8  406.3
1750.0  627.5  1621.3  402.6
 149.0  564.5   417.0  321.5
 153.2  589.3   418.8  340.8
 891.9  335.8   955.5  232.3
 963.0  307.9  1016.0  214.8
1007.8  320.3  1054.5  224.6
1172.9  363.6  1195.3  261.8
1180.9  368.0  1202.1  265.5
1614.2  458.2  1537.3  296.1
1865.1  545.8  1701.1  330.2
  56.6  473.9   359.1  245.8
 119.9  521.4   398.4  287.1
 125.5  528.8   401.8  293.2
 721.6  305.5   812.8  200.5
 819.5  281.8   895.2  184.8
1005.0  279.3  1053.2  189.1
1454.7  269.8  1434.5  176.8
1700.3  443.4  1598.9  276.3
 896.1  219.2   961.5  134.0
 978.0  219.8  1031.7  135.8
1167.7  222.4  1193.1  132.9
1220.7  236.5  1237.8  146.9
1457.5  257.4  1436.6  165.4
 875.4 1045.7   908.2  937.3
 876.5 1051.0   908.9  943.0
1272.9 1037.9  1273.5  912.0
 612.5 1014.1   677.6  871.2
1388.8 1030.6  1370.5  866.1
 495.7  993.3   592.8  807.0
1531.0 1058.4  1461.8  784.9
1755.5  971.5  1628.1  685.5
 428.5  878.0   580.4  627.6
 888.3  877.9   951.3  623.4
 522.9  821.8   663.2  572.1
 952.5  818.2  1004.6  569.6
1326.1  819.2  1301.4  583.6
1441.9  807.4  1393.3  573.5
 451.5  763.1   612.7  516.5
 364.7  758.0   545.6  510.0
 430.0  757.7   596.3  511.3
1624.2  791.2  1537.8  560.8
1403.4  669.7  1368.8  473.2
 349.3  689.2   544.2  443.4
1463.0  633.2  1417.0  442.9
1719.2  676.0  1602.7  448.9
 824.6  512.3   898.7  365.8
1350.8  471.3  1341.7  345.2
1814.4  647.9  1669.9  418.6
 154.4  573.5   418.9  330.1
1290.3  419.1  1293.4  305.9
1626.8  508.6  1546.9  337.5
 130.1  518.2   407.0  284.0
1636.7  461.8  1554.2  298.0
1888.9  536.1  1716.6  320.3
 233.0  403.2   462.5  219.9
 966.8  301.7  1019.6  208.7
 894.8  213.0   960.4  129.3
 940.2  213.5   999.6  129.2
 918.5  228.6   980.6  142.0
1005.3  209.6  1055.4  126.9
1204.6  225.1  1223.6  133.6
1409.2  245.1  1396.6  155.2
1504.8  273.9  1474.3  177.3
1505.4  225.9  1475.7  136.6
 500.6  218.4   633.9  117.8
 428.3  198.1   579.1   95.6
 721.7  177.8   819.3   87.5
1179.2  213.9  1202.8  125.0
1172.4  185.5  1198.0  102.1
1186.3  187.9  1209.4  103.2
1205.4  205.7  1225.0  118.0
 282.3  682.4   493.8  435.9
 963.0 1050.5   988.9  944.9
1075.9 1038.5  1094.0  935.8
 780.5 1037.2   821.1  925.7
 912.2 1029.7   943.1  920.0
1220.9 1042.9  1227.2  927.1
1279.8 1050.1  1279.4  922.4
1330.7 1068.4  1323.4  928.8
 680.0  987.9   734.7  862.3
1128.3  988.2  1143.6  877.2
1218.9  967.9  1227.7  862.8
1326.2 1058.0  1319.2  917.0
1255.3  967.5  1260.3  855.8
1393.3 1023.5  1374.7  860.3
 561.2  936.7   640.7  783.2
 569.4  933.6   647.5  781.8
 541.9  947.8   626.3  785.9
1369.8  983.9  1356.7  833.5
 344.0 1016.1   522.1  714.8
1510.6  991.7  1447.7  733.4
1556.3 1041.0  1479.4  761.4
 170.6 1065.9   414.4  707.3
 257.0 1027.9   473.1  691.3
 379.8  979.2   545.8  695.9
 396.6  932.1   560.0  659.0
1285.2  889.5  1271.4  666.8
1584.3 1033.3  1492.3  728.8
 177.6 1011.6   423.9  662.1
 169.6 1020.6   416.4  670.6
 489.2  787.4   639.4  540.5
1761.2  955.4  1634.9  677.1
1650.9  918.0  1552.9  654.2
  50.3  859.8   311.4  569.7
 135.4  830.6   371.4  555.7
 258.1  853.9   465.7  575.7
 461.8  835.5   614.0  583.1
 424.2  825.6   585.5  572.8
 827.7  840.1   904.3  590.9
 885.3  818.5   951.1  571.4
 956.7  810.4  1008.2  562.4
1688.6  807.8  1590.7  578.8
1687.1  815.8  1591.4  589.3
 189.3  769.9   407.4  517.9
 178.3  770.2   398.6  518.2
 345.5  766.7   529.8  517.5
 354.2  772.6   535.8  523.3
 360.4  758.0   542.9  509.1
 734.6  794.3   833.6  546.8
 866.6  787.7   937.6  544.0
1019.2  804.6  1057.5  560.0
1018.7  798.6  1057.3  554.5
1008.9  803.6  1049.3  559.5
 940.8  781.9   997.0  534.7
1534.1  790.5  1466.1  558.8
1722.6  772.6  1613.6  542.0
1736.2  771.2  1624.5  541.5
1774.0  754.4  1654.6  528.4
 246.0  709.0   461.8  460.2
 922.7  717.1   982.2  496.7
 927.4  684.9   985.8  476.9
1048.3  667.0  1083.0  467.4
1107.3  689.9  1129.9  483.1
1062.5  384.1  1100.2  272.6
1268.2  711.5  1257.9  498.8
1268.6  702.0  1258.6  491.9
1421.5  722.6  1378.2  503.1
1412.8  701.7  1372.9  490.1
1405.5  703.1  1366.9  490.8
1698.8  745.3  1592.3  514.7
  71.7  697.8   333.9  442.8
  71.9  668.6   338.7  416.4
  75.1  701.9   333.3  449.1
  97.3  688.9   350.7  439.3
 215.5  672.2   445.8  423.6
 975.1  637.9  1024.2  447.6
1132.3  629.0  1151.8  442.6
1080.0  565.9  1110.8  407.7
1062.1  571.3  1095.8  412.5
1422.1  598.5  1387.3  421.2
 554.3  493.9   678.0  340.0
 804.6  459.5   880.8  328.6
 790.8  510.9   870.6  364.1
1080.4  497.0  1112.7  361.3
1149.2  498.2  1170.6  363.7
1249.1  452.4  1256.8  330.7
1349.3  495.0  1338.5  361.0
1507.4  494.9  1457.4  335.4
1770.6  614.0  1632.7  386.0
1770.6  621.8  1632.9  392.4
 155.9  563.1   423.3  319.5
 538.0  430.7   660.8  295.0
1132.8  398.2  1159.6  285.6
1619.4  519.2  1540.5  345.3
1799.8  570.4  1653.3  350.2
1691.8  534.6  1588.8  345.4
 418.7  395.6   564.5  261.3
 501.5  342.9   628.8  225.4
 910.5  339.0   971.3  235.6
 862.2  334.9   931.0  228.6
 876.1  338.8   941.8  235.2
1029.1  341.9  1072.6  239.7
 954.7  343.0  1008.9  239.9
1025.0  383.2  1068.2  273.1
1622.5  460.5  1543.3  297.3
1902.8  496.5  1721.7  284.4
 525.8  288.3   650.1  180.3
 645.3  284.8   750.6  179.1
 823.5  322.1   897.7  218.9
 972.6  273.7  1025.7  182.0
1059.9  301.3  1099.8  208.6
1501.1  292.8  1472.3  195.4
1490.7  310.5  1463.1  210.2
 542.6  236.3   665.9  136.2
 516.7  255.4   646.0  149.5
 549.1  224.6   673.2  124.8
 762.5  219.2   850.9  125.7
 832.3  249.0   906.3  158.6
 746.2  253.2   835.4  155.8
 772.1  249.8   857.7  152.6
 866.2  225.4   935.6  139.4
1143.5  243.6  1171.1  142.1
1061.5  234.9  1102.9  148.7
1179.3  230.6  1202.6  139.6
1469.2  214.5  1445.9  127.0
 375.0  201.2   536.7   96.2
 450.9  183.3   596.0   85.5
 496.9  172.6   632.0   79.4
 495.1  166.4   631.4   73.5
 709.3  159.9   808.0   74.1
 761.1  213.6   850.4  119.9
 740.1  195.9   833.9  103.6
1009.7  203.5  1059.4  120.5
1139.1  174.9  1170.6   96.7
1125.4  175.2  1158.8   95.8
1203.9  209.0  1223.5  120.3
1385.6  158.5  1376.5   78.2
1493.7  163.2  1466.1   82.3
 451.9  147.7   599.0   54.8
 344.9 1057.2   521.3  748.2
 361.6 1062.1   531.7  757.2
 492.1 1071.3   588.6  872.5
 558.0 1078.8   634.1  909.7
 581.0 1051.7   651.7  895.3
 574.9 1070.0   642.9  919.1
 557.5 1086.8   633.6  916.4
 702.5 1060.1   749.9  940.7
 692.4 1075.7   740.3  954.3
 699.3 1088.2   745.7  968.0
 981.3 1055.2  1005.8  950.2
 949.7 1063.6   976.1  958.6
1043.5 1063.0  1063.1  960.6
1149.7 1058.4  1162.0  958.5
1101.3 1052.3  1117.2  944.4
1178.1 1067.4  1188.1  965.6
1286.0 1065.3  1284.8  937.4
1244.4 1083.0  1247.2  959.9
1241.8 1077.3  1245.0  954.9
1331.9 1057.2  1323.9  914.0
1334.3 1064.7  1325.6  918.6
1319.3 1056.7  1312.8  914.2
1543.8 1057.5  1469.9  777.5
1729.6 1100.7  1596.9  767.1
1891.4 1099.4  1720.5  767.1
1865.9 1087.4  1700.0  755.4
 188.0 1055.9   426.8  701.5
 364.5 1048.2   534.4  746.0
 700.4 1030.3   747.9  916.0
 800.4 1024.0   840.5  910.4
 810.1 1038.1   848.4  926.9
 970.0 1002.2   998.2  885.3
 929.3 1031.1   958.7  922.8
 932.3 1036.8   961.4  927.8
1001.1 1002.3  1026.5  886.7
1005.3 1029.4  1028.4  931.1
1229.0 1044.3  1234.4  927.4
1317.5 1045.4  1311.8  906.0
1356.0 1015.4  1344.7  866.6
1529.5 1052.0  1460.6  779.0
1571.5 1027.7  1484.6  730.5
1563.6 1019.7  1479.3  725.9
1688.9 1046.3  1570.4  733.1
1690.7 1044.5  1568.3  723.5
1814.4 1041.4  1668.0  731.8
1828.9 1033.0  1679.1  725.0
1858.4 1062.0  1698.2  742.2
 192.4 1004.9   430.6  663.9
 505.7 1003.4   599.7  819.2
 497.9  962.1   595.5  779.9
 531.5  973.9   616.8  808.0
 599.1 1001.6   665.9  859.6
 540.4  960.9   623.7  799.7
 691.5  968.3   745.2  846.2
 692.6  989.3   746.2  863.7
 703.3  971.9   755.7  850.1
 779.3  979.5   824.7  859.1
 841.4  982.5   881.3  863.5
 810.9  981.8   853.5  861.5
 812.8  974.0   855.4  854.8
 778.8  993.7   824.0  871.6
 795.6  994.1   839.5  871.4
 765.1  982.1   811.9  860.3
 843.6  974.9   883.4  856.7
 905.0  980.7   940.0  859.3
 967.7  993.2   996.4  876.4
 936.4  992.1   967.8  874.4
 933.9  986.7   965.5  870.3
 966.6  982.5   995.6  866.7
 935.6  981.5   967.3  864.6
 999.3  993.7  1025.2  878.0
1026.5  987.6  1050.2  873.5
1123.3  996.2  1138.8  884.2
1084.1  978.4  1103.3  868.1
1189.3  981.7  1200.0  874.1
1485.2  993.6  1429.1  741.3
1490.1  980.7  1432.8  729.0
1558.3 1004.4  1476.1  715.7
 223.0  961.7   451.1  636.9
 339.7  948.8   529.3  646.6
 328.8  962.2   524.3  650.4
 440.6  958.2   587.5  693.6
 492.6  941.5   591.4  761.9
 482.2  954.4   577.1  783.2
 565.8  940.2   644.1  788.0
 814.2  925.3   859.0  805.4
 976.1  911.1  1018.1  675.8
 969.6  909.8  1012.7  675.1
1003.0  911.6  1039.9  677.1
1116.4  922.5  1132.2  689.5
1101.4  924.5  1119.9  694.3
1385.5  922.4  1353.3  696.6
1385.2  918.2  1353.0  692.8
1469.7  946.5  1419.2  708.3
1429.2  953.8  1387.4  719.2
1565.2  961.1  1481.6  679.3
1572.9  958.5  1487.8  678.0
1629.5  921.8  1537.0  659.6
1558.1  939.5  1474.9  658.1
1623.4  921.2  1532.5  659.6
1738.1  939.9  1616.4  662.9
1742.6  966.9  1618.0  681.5
 178.8  891.0   413.0  590.8
 437.6  890.1   584.9  642.1
 597.5  872.9   712.2  635.4
 641.5  892.3   746.9  652.9
 886.3  873.5   949.4  622.0
1009.9  872.6  1048.1  621.4
1252.1  878.2  1244.1  654.3
1386.5  891.3  1355.3  673.0
1481.8  876.3  1426.3  637.7
1475.9  901.8  1423.2  665.4
1498.4  908.0  1429.4  633.8
1632.7  905.9  1540.1  647.5
1591.5  894.9  1507.4  637.4
1671.4  906.8  1570.4  648.1
1738.0  899.7  1625.4  647.4
1745.1  904.7  1630.3  650.4
1893.2  914.5  1738.4  645.5
  98.7  843.7   345.7  561.8
 103.9  866.3   350.0  578.4
 127.4  849.7   366.8  567.9
 245.6  862.0   457.4  579.6
 258.5  861.7   466.1  581.4
 429.3  866.9   581.5  618.6
 395.1  870.7   565.7  600.8
 452.5  841.8   605.3  590.2
 454.9  848.6   607.0  595.7
 896.9  825.4   960.2  576.3
1043.0  831.8  1075.4  587.4
1473.1  849.7  1420.0  616.4
1501.6  839.2  1441.0  601.9
1498.0  843.0  1439.4  609.2
1493.0  852.3  1435.6  617.8
1757.2  876.0  1641.9  630.3
1755.6  865.9  1641.9  624.1
1792.1  835.0  1676.4  608.0
 155.9  818.1   385.2  549.1
 146.3  820.9   379.5  548.9
 314.7  811.8   503.9  553.6
 292.6  820.7   488.7  557.1
 437.0  819.8   594.6  570.5
 446.9  794.2   604.3  548.1
 524.8  785.0   667.8  538.6
 514.9  792.8   659.3  545.5
 571.8  811.1   702.2  564.3
 659.4  803.0   771.9  558.6
 903.0  814.7   965.4  567.5
 889.6  788.3   956.0  543.1
1023.9  816.8  1060.8  572.1
1150.8  790.9  1161.7  550.9
1311.0  805.4  1288.5  566.6
1281.7  787.8  1265.2  549.6
1287.9  787.7  1270.3  550.4
1333.8  817.2  1307.4  581.5
1442.0  802.3  1393.2  568.3
1414.2  809.4  1371.3  575.2
1503.3  805.0  1442.3  572.5
1502.0  798.4  1441.1  566.2
1542.3  784.4  1472.1  552.2
1509.3  812.1  1448.3  582.1
1557.3  787.6  1484.4  556.2
1598.5  786.3  1517.4  556.3
1571.1  792.6  1495.5  560.9
1785.8  831.2  1671.7  605.3
  42.0  762.0   307.1  494.4
 200.0  770.6   420.9  512.2
 244.3  750.9   452.8  501.3
 339.2  771.0   524.6  521.0
 348.6  775.5   531.1  525.8
 533.4  778.9   675.3  532.6
 545.6  769.7   690.7  514.3
 533.3  758.1   678.0  511.7
 535.0  753.4   680.0  506.9
1350.7  776.5  1323.8  558.0
1431.9  773.5  1383.7  538.6
1523.7  781.4  1457.0  548.7
1525.1  752.7  1456.3  519.7
1512.7  781.4  1447.7  546.9
1702.4  778.4  1598.4  548.1
1743.6  742.9  1627.3  512.9
1731.8  778.4  1621.6  548.4
 104.7  705.2   353.8  454.4
 192.5  723.2   420.5  470.2
 221.7  714.0   444.5  461.9
 375.8  738.0   557.2  490.9
 408.3  717.9   585.4  471.9
 546.6  696.7   688.0  467.2
 608.6  712.3   734.9  483.5
 832.1  701.6   910.0  485.2
 841.4  691.3   917.0  479.7
 792.7  708.4   879.8  485.3
 889.0  704.2   955.4  487.1
 979.2  692.4  1027.2  482.4
 922.9  728.0   982.4  503.9
1068.8  705.9  1098.8  493.5
1105.7  701.3  1128.4  491.2
1194.7  728.1  1198.6  509.0
1378.2  705.3  1345.2  492.6
1438.7  702.2  1392.9  489.0
1476.2  704.1  1421.5  487.9
1709.0  737.0  1599.9  507.3
1703.8  730.7  1599.0  507.7
1721.4  731.5  1608.8  501.5
1772.9  735.4  1647.5  502.8
1762.1  734.7  1640.2  503.8
1831.7  708.2  1692.1  479.6
 183.5  688.5   420.2  436.6
 183.2  682.7   417.5  435.1
 181.0  670.6   420.0  421.4
 176.8  675.5   416.2  425.6
 199.9  693.2   430.7  442.7
 174.4  675.0   413.8  425.7
 206.9  681.8   437.6  432.5
 247.8  666.1   471.1  418.9
 340.1  685.9   537.1  440.9
 419.9  661.3   601.0  420.1
 437.6  650.0   602.6  430.1
 600.8  684.3   727.8  464.6
 655.9  654.0   769.6  447.3
 612.1  649.5   735.5  441.4
 863.1  666.0   934.2  463.2
 919.4  659.4   979.2  460.9
 995.2  686.4  1040.1  478.5
 978.6  673.5  1026.8  470.3
1204.3  667.2  1208.5  468.5
1296.4  690.8  1281.6  485.8
1354.3  661.6  1329.0  464.4
1332.3  657.6  1312.0  463.2
1610.5  653.4  1526.7  444.8
1562.9  665.3  1491.0  458.1
1712.3  657.6  1596.4  432.5
1840.7  653.9  1693.7  428.7
1848.8  687.5  1704.0  461.1
1883.5  678.8  1728.1  450.9
1826.8  694.6  1686.8  466.5
1916.8  676.4  1751.3  446.4
 104.3  625.1   370.9  377.3
 100.0  633.4   371.5  379.6
  93.3  630.4   362.6  381.0
 268.1  609.4   483.2  380.9
 441.4  609.3   603.4  402.7
 497.7  637.0   647.1  425.9
 522.7  634.5   665.5  426.7
 704.1  647.2   807.4  444.7
1219.3  619.5  1223.5  442.8
1363.3  615.2  1339.4  434.4
1342.4  615.7  1322.6  435.1
1425.1  604.8  1378.7  395.8
1434.2  631.2  1393.9  440.8
1481.8  630.4  1431.2  438.6
1592.5  607.0  1517.1  414.7
1618.8  649.7  1533.8  442.8
1586.8  610.1  1512.6  417.3
1682.9  624.8  1579.7  415.5
1759.6  621.7  1624.7  392.5
1731.0  612.0  1614.4  401.5
1853.5  651.4  1702.8  425.8
 161.1  568.7   425.9  324.8
 284.0  605.0   494.9  378.6
 303.5  597.4   506.7  376.9
 296.0  592.8   502.7  371.4
 468.9  604.9   623.6  402.2
 550.7  596.4   684.5  403.9
 742.4  600.1   836.0  416.2
 978.1  563.0  1026.3  404.9
 956.8  564.8  1008.7  405.1
1000.9  572.3  1045.1  411.4
1147.1  574.1  1166.2  415.5
1160.8  592.6  1176.8  427.8
1217.9  562.7  1225.2  407.2
1179.0  590.9  1191.4  422.0
1303.8  580.5  1295.3  419.9
1637.2  599.9  1549.6  404.0
1646.1  578.4  1557.3  387.6
1809.9  572.2  1661.2  352.1
 142.8  555.5   411.9  315.3
 399.4  531.7   565.7  348.4
 612.1  528.3   726.1  366.9
 620.0  532.8   732.4  370.9
 641.8  527.4   748.7  370.3
 766.1  523.7   850.6  371.7
 759.6  526.3   845.2  373.6
 817.3  521.8   892.4  373.5
 846.6  531.7   917.3  379.8
 959.3  536.4  1010.7  386.8
 945.4  550.2   999.1  396.1
1007.2  550.4  1050.4  398.7
1152.4  552.0  1171.3  399.9
1097.0  519.1  1126.1  376.5
1106.3  534.4  1133.4  384.9
1151.5  539.3  1170.8  388.2
1160.5  561.6  1174.6  369.1
1265.1  542.8  1265.2  392.9
1264.3  532.1  1265.6  388.0
1372.2  543.0  1354.0  393.3
1699.0  541.6  1589.6  344.4
 358.5  510.9   541.8  321.6
 332.9  474.3   522.9  291.8
 318.0  493.4   513.0  304.2
 457.2  512.7   639.3  297.7
 576.4  482.4   693.5  335.6
 614.4  479.5   725.4  333.4
 823.7  503.0   897.8  359.3
 960.3  484.5  1011.7  350.7
 947.7  512.3  1001.2  369.1
 939.8  484.7   994.4  351.0
1096.4  499.7  1126.1  363.3
1261.9  515.0  1264.2  374.7
1258.1  497.9  1262.5  365.1
1334.2  509.2  1324.6  369.6
1391.2  473.8  1375.3  346.7
1401.6  478.8  1383.5  349.9
1514.3  488.9  1475.9  355.2
1498.6  475.9  1460.4  339.0
1640.0  486.8  1556.9  318.8
1738.2  475.4  1620.4  292.4
1795.7  477.4  1655.6  284.1
1806.6  509.3  1659.2  303.6
1810.6  481.9  1664.3  284.8
1805.5  478.8  1662.3  284.4
1896.6  492.5  1716.8  281.1
 227.5  435.3   437.6  262.4
 256.8  469.0   452.6  296.8
 509.3  470.4   636.8  326.5
 576.2  466.9   692.3  325.0
 543.0  462.5   664.3  321.5
 547.2  441.3   668.1  304.1
 756.4  451.0   840.8  319.4
 785.4  445.6   864.5  317.7
 915.4  469.1   974.0  338.6
1044.3  435.0  1083.4  317.7
1155.9  446.2  1178.1  325.9
1159.1  436.9  1181.1  319.1
1160.1  433.9  1182.0  315.9
1158.6  464.7  1179.7  338.7
1358.7  443.0  1349.2  322.1
1383.0  461.4  1368.6  335.8
1346.5  446.4  1337.9  321.9
1433.2  472.2  1411.1  346.8
1480.9  448.1  1452.6  328.1
1629.3  455.6  1547.6  291.8
1728.1  429.5  1616.3  260.2
1769.0  446.3  1647.1  273.0
1809.3  450.2  1664.2  261.0
 177.2  411.9   432.6  215.2
 187.9  386.4   438.9  197.9
 427.8  391.3   570.7  259.5
 428.2  385.6   574.3  251.4
 414.4  422.9   561.6  282.4
 433.4  391.4   576.9  258.0
 517.7  424.9   641.2  293.5
 514.2  416.3   639.1  285.4
 678.3  419.0   774.3  294.4
 879.5  429.5   943.1  310.4
 860.3  407.6   926.8  293.3
 939.6  412.3   994.7  296.3
1031.2  417.4  1072.6  304.7
1011.6  427.5  1055.7  310.9
1019.0  411.5  1062.1  300.3
1025.8  405.7  1068.3  293.4
1110.8  410.6  1140.9  301.8
1103.9  420.7  1134.6  308.2
1181.2  412.1  1201.1  302.0
1292.8  405.5  1295.6  293.8
1319.6  410.0  1318.2  297.4
1324.8  405.2  1322.6  293.0
1796.4  410.7  1658.8  234.8
 122.6  378.3   403.9  180.5
 510.6  384.0   636.7  258.5
 525.0  379.5   647.7  256.4
 507.6  358.3   634.3  237.5
 610.2  346.1   717.8  233.0
 630.8  349.3   734.9  236.2
 616.6  378.0   722.4  260.1
 654.9  374.5   751.9  262.8
 711.3  371.1   801.7  257.7
 693.5  349.4   787.2  238.7
 793.3  386.4   870.8  272.2
 774.7  382.2   855.1  268.5
 872.3  360.5   937.8  254.7
 980.7  357.1  1030.8  252.3
 979.0  344.6  1029.7  241.1
1049.1  351.8  1089.5  247.9
1009.5  344.1  1055.8  240.8
1047.7  344.5  1088.5  241.8
1030.3  379.6  1072.9  269.2
1148.1  382.3  1173.1  272.6
1189.5  365.9  1209.5  263.9
1191.0  357.6  1210.6  254.3
1261.6  384.0  1269.9  276.3
1279.1  383.5  1285.3  277.9
1323.0  362.1  1323.2  259.6
1485.7  353.6  1457.6  246.0
1484.6  359.4  1457.7  252.9
1858.3  348.6  1695.9  178.2
 211.1  299.5   454.4  135.2
 210.6  295.9   456.8  130.5
 427.6  323.2   570.6  204.3
 429.4  332.2   574.0  209.7
 479.5  314.6   610.6  201.6
 588.2  321.5   700.0  211.5
 638.8  328.0   741.3  219.7
 663.5  339.3   762.5  228.9
 714.3  303.8   806.5  199.3
 721.1  317.0   811.8  210.9
 728.9  307.5   818.5  203.2
 712.5  322.2   803.6  216.8
 709.8  313.0   802.5  207.1
 810.3  305.6   887.0  204.3
1052.5  320.1  1093.1  221.8
1048.2  338.6  1089.1  236.3
1040.0  339.2  1082.0  236.9
1071.7  334.0  1109.2  232.2
1116.2  323.8  1147.4  223.2
1185.0  309.5  1203.7  195.7
1270.9  299.8  1279.6  203.8
1313.9  308.8  1316.1  212.1
1313.3  307.2  1315.1  209.4
1433.4  326.7  1417.2  228.5
1512.4  303.5  1482.1  205.3
1601.3  295.6  1552.1  193.3
1931.5  320.1  1738.5  147.9
 196.4  249.1   445.2   96.1
 427.2  290.3   572.4  175.6
 422.9  274.8   568.7  162.9
 475.2  274.6   609.3  166.5
 498.1  285.2   627.6  176.5
 546.4  276.9   667.6  171.1
 548.5  275.9   668.3  171.4
 599.3  285.6   711.2  180.1
 643.5  287.7   747.5  183.9
 673.1  273.8   772.5  173.1
 792.8  279.3   873.4  180.3
 844.5  259.1   915.8  168.8
 840.8  260.7   912.8  169.7
 911.3  265.4   973.4  173.8
 981.1  285.1  1032.7  192.2
1225.7  268.3  1241.9  176.6
1187.4  282.2  1209.0  187.8
1161.6  270.7  1186.9  174.7
1161.7  271.7  1187.0  175.8
1280.7  279.1  1287.8  184.3
1299.2  262.8  1303.4  169.4
1268.4  293.5  1277.6  198.2
1266.4  262.3  1275.8  169.2
1337.2  266.3  1335.1  171.9
1493.6  267.1  1464.6  170.8
1519.7  270.6  1485.6  172.7
1886.1  279.2  1714.1  123.7
1876.2  254.2  1704.3  102.8
 472.8  224.4   611.6  121.4
 512.5  213.9   643.8  114.4
 562.5  220.4   684.5  121.6
 545.9  216.5   671.2  117.4
 587.9  241.6   707.3  137.2
 739.8  219.2   834.5  120.7
 757.0  215.4   847.1  121.1
 822.3  225.3   898.0  138.8
 772.9  252.5   858.7  154.2
 821.3  224.5   897.7  136.8
 770.1  241.0   855.6  146.2
 885.6  222.8   952.6  136.6
 880.2  213.7   948.7  127.5
 875.1  214.4   944.5  127.3
 859.5  214.9   930.3  129.9
 970.4  219.2  1025.1  135.3
 959.6  255.2  1014.8  167.1
1041.5  223.3  1086.1  138.3
1013.7  214.7  1062.5  131.3
1022.4  217.7  1069.8  133.6
1053.9  226.4  1096.7  141.9
1173.3  218.0  1197.7  128.1
1215.0  232.6  1232.7  141.7
1373.7  248.4  1365.8  156.0
1448.9  221.4  1430.0  134.6
1439.9  235.8  1421.3  145.4
1520.4  230.2  1486.5  138.1
1524.8  220.0  1490.1  129.3
1567.8  235.0  1524.7  141.3
1572.4  240.7  1530.0  148.0
1579.8  237.8  1535.2  144.4
1559.7  233.7  1518.9  141.3
 302.7  182.4   487.4   73.2
 443.6  186.2   590.0   87.6
 435.6  183.3   586.2   82.9
 730.5  172.8   826.7   83.5
 731.4  188.4   826.8   97.1
 744.9  203.8   836.9  111.6
 803.8  181.6   893.4   81.4
 967.8  183.0  1024.2  102.0
 950.9  181.3  1010.2   98.8
1106.6  210.9  1142.1  128.5
1115.6  189.7  1150.2  109.9
1103.5  196.6  1139.8  115.3
1212.9  196.0  1230.8  107.1
1448.7  201.3  1429.2  116.2
1505.3  200.7  1474.0  112.6
1481.8  183.8  1455.4   99.2
1921.2  185.9  1743.0   55.6
 291.6  157.6   476.3   54.5
 451.0  144.3   595.5   54.2
 424.8  121.7   580.9   30.2
 407.4  133.6   567.1   39.3
 405.5  131.1   564.8   37.8
 541.2  124.9   672.2   38.2
 534.9  124.7   666.3   38.5
 588.7  135.4   710.8   48.3
 728.6  165.9   824.9   78.2
 707.7  140.3   808.9   55.2
 890.0  166.1   958.5   85.9
1268.7  145.5  1278.3   64.4
1308.0  156.9  1310.8   74.6
1303.9  132.2  1307.4   52.6
1312.3  131.8  1314.8   53.2
1330.1  133.0  1329.6   54.2
1421.0  136.0  1405.7   58.3
1410.3  159.5  1397.2   79.3
1425.2  122.1  1409.4   46.7
1545.6  121.4  1509.0   46.6
1538.5  145.7  1500.7   64.8
1528.6  156.9  1494.1   76.0
1554.2  148.9  1514.3   68.4
 426.0   99.0   582.2   11.7
 661.6  114.4   772.3   31.5
 691.2   88.8   798.1    9.9
1319.8  105.8  1321.1   30.6
1373.3  107.9  1365.7   33.1
1528.1   97.5  1492.8   24.4
1555.4  104.6  1514.1   29.5
1552.2  111.3  1512.6   36.3
 542.8  215.2   667.8  117.2
 993.0  825.1  1035.9  581.3
1004.2 1059.1  1026.8  955.3
1664.6  452.5  1574.4  288.1
1037.8  805.1  1072.1  562.1
1673.1  799.4  1576.4  567.6
1498.2  259.9  1468.6  164.6
 749.1  978.1   797.3  856.6
 617.5 1014.5   682.1  871.6
 928.0  635.9   986.4  443.8
1668.1  734.6  1567.7  504.5
1832.8  747.6  1698.5  519.8
1908.5  785.8  1751.7  543.0
 945.9  457.8   999.8  330.8
 956.3  423.3  1008.4  308.0
 685.7  364.6   779.8  252.3
 519.6  242.7   648.3  139.3
1196.2  220.7  1217.0  131.1
1451.8  244.5  1430.8  152.3
 418.0  185.3   571.1   84.7
 451.3  178.0   597.0   80.6
  66.3  659.6   336.0  408.2
 757.7  187.9   849.2   96.5
1191.7 1076.3  1200.4  971.5
1083.8  314.0  1120.1  216.7
 904.7  268.5   967.4  177.3
1004.9  824.1  1045.3  581.6
