1321.4  873.2  1291.1  668.9
 876.6 1050.6   913.9  872.9
 939.0 1072.5   967.9  893.5
 941.7 1064.3   970.2  887.4
 959.3 1038.7   985.6  867.3
1047.0 1057.6  1062.0  881.5
1076.2 1077.3  1087.2  895.6
1087.6 1059.5  1097.3  880.7
 281.9 1082.5   459.1  788.2
 693.0 1015.1   762.2  814.8
 686.0 1024.9   752.4  836.5
 743.1 1025.1   801.4  837.0
 738.2 1016.3   797.2  829.6
 764.7 1024.7   819.4  839.2
 773.8 1041.0   826.2  857.1
 815.3 1037.7   861.6  857.1
 850.9 1024.4   891.6  851.6
 839.4 1020.2   882.0  845.9
 820.6 1027.7   866.0  850.0
 846.4 1038.9   888.0  861.6
 846.1 1014.3   887.5  842.9
1014.2  992.8  1033.8  829.4
1042.5 1026.1  1058.2  858.4
1010.2 1011.3  1030.0  847.3
1087.6 1037.9  1097.5  864.2
1221.7 1036.5  1212.5  847.7
1162.4 1041.7  1162.0  859.6
 555.9 1038.6   678.3  747.4
 688.5  996.6   758.8  798.4
 751.8  971.3   808.5  794.3
 845.1  968.8   886.9  804.0
 899.2  982.6   933.6  818.7
 924.4  987.1   955.4  824.2
 935.5  943.6   965.0  790.7
 928.9  973.9   959.4  812.3
1029.3  974.9  1047.1  815.6
 993.2  946.4  1015.4  794.7
1144.8  982.7  1147.7  815.1
1134.2  980.3  1138.6  815.2
1147.5  988.8  1150.0  820.3
1572.0 1095.4  1458.4  745.1
1719.8 1037.6  1601.3  767.5
 309.3  966.0   471.9  713.1
 297.6  999.3   464.8  735.3
 896.0  891.3   930.3  748.0
 851.5  908.3   892.0  757.0
 836.4  899.6   879.0  748.5
 841.0  914.9   883.1  760.7
 931.5  907.1   961.3  762.4
1028.2  900.8  1046.5  758.0
1056.9  918.9  1071.6  769.9
1030.1  907.2  1048.2  763.1
 989.9  933.6  1012.7  783.6
1104.2  902.1  1113.3  754.6
1077.7  934.9  1089.8  782.6
1120.9  912.5  1127.7  761.0
1091.7  915.8  1102.2  765.6
 886.3  853.3   921.6  717.7
 898.5  873.9   932.4  734.7
1040.0  873.4  1057.0  736.8
1034.3  874.4  1052.0  738.8
1101.4  872.0  1111.1  731.2
1111.3  881.5  1119.8  738.0
1088.9  879.4  1100.1  738.2
1095.8  872.1  1106.2  732.1
1121.7  844.5  1129.3  707.6
1232.1  885.2  1220.3  701.1
 610.7  865.2   701.8  666.3
 718.2  834.0   786.5  656.4
 904.8  818.0   937.9  688.9
 870.8  805.0   908.1  676.3
 950.9  821.4   978.5  693.1
 921.4  820.9   952.5  692.3
 940.8  828.6   969.5  700.3
1025.5  814.5  1044.7  685.8
1041.3  794.1  1058.9  664.6
1098.7  813.8  1109.4  684.9
1110.4  807.2  1119.7  675.7
1215.9  831.6  1207.7  660.8
1294.6  841.2  1270.1  646.8
 857.8  748.5   898.5  619.1
 863.6  755.2   903.5  625.2
 964.6  747.2   992.2  617.5
 964.5  752.9   992.1  621.8
 955.7  754.2   984.3  624.4
 995.7  765.1  1019.2  634.5
 989.7  781.2  1013.6  652.1
1146.8  758.5  1151.8  628.5
1119.8  769.3  1128.1  639.8
1128.5  752.5  1135.8  623.6
1075.4  777.9  1089.1  648.2
1293.3  822.7  1269.7  634.6
1249.1  785.4  1234.4  611.2
1279.7  808.3  1259.3  627.0
1360.4  832.5  1321.6  627.6
 321.0  861.1   548.8  522.9
 659.8  766.9   744.2  582.4
 661.8  755.7   745.4  574.7
 681.6  763.0   760.5  584.6
 663.4  775.9   746.8  590.7
 686.5  756.4   764.4  579.5
 795.5  724.7   845.0  594.4
 877.4  735.6   916.2  605.8
 958.9  738.7   987.3  609.2
 964.8  730.7   992.7  600.6
 981.1  731.1  1006.9  601.1
 952.2  743.1   981.4  613.1
 996.5  743.2  1020.2  613.6
1030.6  725.7  1050.4  595.1
1142.7  747.2  1148.3  618.8
1113.4  740.8  1122.5  610.4
1104.7  738.9  1114.9  608.4
1173.1  735.6  1174.8  605.9
1169.6  709.9  1171.0  574.8
1267.4  780.9  1249.0  603.0
1376.9  768.0  1332.0  562.1
1600.1  887.0  1470.2  564.6
 333.1  847.9   562.0  506.3
 558.0  725.9   656.9  555.2
 714.7  708.7   786.8  544.4
 884.3  667.8   924.5  536.9
 870.0  668.6   912.3  536.9
 867.0  663.5   909.6  533.1
 988.3  681.5  1014.3  548.5
 964.4  680.0   993.7  547.2
1050.8  677.1  1068.4  544.5
1012.3  682.8  1035.1  550.0
1151.8  679.8  1155.8  548.6
1099.7  686.9  1110.6  553.3
1234.4  696.2  1224.8  548.6
1234.2  689.9  1224.7  543.5
1190.1  685.9  1188.9  553.2
1235.8  703.0  1226.0  554.5
1236.9  674.5  1227.3  530.8
  -6.4  902.8   446.7  401.8
 667.8  657.2   754.6  484.5
 835.9  616.0   884.1  487.8
 887.8  617.9   928.8  488.9
 849.8  631.1   895.4  503.4
 986.3  620.8  1013.4  493.0
1097.6  623.7  1109.1  494.3
1211.0  624.3  1206.4  493.2
1226.4  646.3  1219.6  513.0
1224.6  624.4  1218.2  494.6
1490.8  650.7  1429.8  478.9
  69.5  804.4   473.5  365.0
 536.1  616.1   662.3  423.1
 630.9  614.6   729.5  439.2
 768.4  604.0   826.7  475.5
 766.9  581.6   826.1  454.9
 755.4  610.2   816.4  477.9
 755.4  611.3   817.2  476.6
 812.4  594.6   864.4  468.3
 780.1  607.1   836.4  479.4
 845.3  597.7   893.2  468.5
 842.4  586.7   890.8  458.9
 961.1  596.3   992.1  469.3
 984.6  614.7  1012.0  487.1
 955.1  595.7   987.0  469.0
 962.9  583.3   993.9  457.0
 970.6  595.9  1000.4  468.4
 947.7  599.5   980.6  472.8
1057.2  613.0  1074.5  485.0
1092.1  600.3  1104.5  473.0
1089.4  579.8  1102.4  453.4
1118.5  582.2  1127.2  454.5
1221.3  582.6  1215.4  457.2
1221.7  591.5  1215.7  464.5
 541.8  606.7   669.6  410.8
 648.1  560.9   744.7  394.0
 721.4  567.2   790.0  435.4
 769.1  570.0   828.6  443.5
 759.6  569.2   820.6  442.2
 811.1  527.0   865.7  403.8
 800.1  530.9   856.1  407.7
 981.1  558.5  1009.9  433.1
 947.2  551.9   981.2  426.8
1048.8  562.2  1067.7  437.0
1056.4  563.5  1074.2  438.0
1061.0  562.8  1078.1  437.3
1100.0  548.8  1111.5  424.1
1157.2  532.1  1160.2  407.5
1163.8  537.2  1166.0  413.6
1160.9  545.9  1163.6  422.0
1394.5  617.2  1342.7  427.4
1829.5  742.4  1567.6  360.3
 157.5  712.6   506.1  333.9
 675.4  548.2   765.0  387.8
 725.1  489.9   796.2  364.0
 790.0  515.7   847.6  395.0
 897.3  522.7   939.2  399.9
 926.1  507.9   964.1  385.9
 943.1  507.2   978.5  385.1
 912.8  511.6   952.6  389.4
 906.8  500.5   948.0  378.4
1070.3  482.9  1086.7  362.3
1098.6  517.7  1110.5  395.0
1077.8  492.1  1093.0  371.2
1102.1  509.8  1113.4  386.2
1192.2  487.3  1189.5  364.4
1281.1  493.7  1262.7  363.7
1310.1  545.7  1282.6  393.3
1802.5  659.3  1557.2  315.9
1769.1  646.6  1541.8  316.0
 304.3  579.0   575.7  278.5
 605.0  507.5   717.2  338.3
 792.1  444.5   852.4  327.5
 827.4  442.7   882.3  325.4
 827.8  454.2   882.2  336.4
 819.3  467.1   874.7  347.9
 931.9  469.7   969.7  351.4
 929.0  472.2   967.3  352.5
1066.1  479.3  1083.1  358.7
1061.8  472.4  1079.6  355.1
 989.4  480.6  1018.2  360.7
 989.4  475.7  1018.3  355.9
 997.4  476.3  1025.1  356.8
1279.6  485.6  1261.2  355.8
  11.8  564.7   427.9  229.5
  70.1  576.3   463.2  237.3
  31.4  580.1   440.3  238.7
 180.0  552.8   518.7  235.7
 783.3  423.8   845.8  308.2
 784.4  401.3   847.8  287.0
 937.1  421.2   974.3  311.5
1543.7  507.2  1427.3  280.6
  20.3  526.0   437.4  202.2
 654.9  387.7   773.2  216.2
1257.3  377.5  1231.7  224.2
1347.6  412.8  1296.3  238.1
1318.7  420.3  1275.8  247.9
1909.5  487.5  1606.2  184.8
 788.3  338.5   869.4  191.1
 786.6  328.4   867.9  183.7
 794.9  338.1   874.8  190.1
 803.1  329.3   881.1  183.3
 886.2  332.1   945.1  186.1
 905.5  333.0   959.9  186.8
1028.8  337.7  1055.1  188.5
1138.2  345.7  1139.2  196.0
1223.6  351.1  1205.2  201.3
1214.6  349.7  1198.2  199.8
1234.9  351.0  1213.8  200.5
1184.6  348.5  1175.1  198.9
1262.8  353.5  1235.5  203.2
1314.2  380.5  1273.3  219.4
1522.9  392.7  1420.2  209.3
1527.1  380.7  1423.4  200.5
1547.3  381.4  1435.8  197.3
  42.7  398.7   475.7  107.2
 485.3  315.4   658.5  147.6
 523.2  300.6   680.3  143.8
 515.7  299.6   675.7  142.0
 744.2  305.1   838.2  160.2
 743.9  311.5   838.1  164.7
 710.0  277.1   813.6  136.4
 971.8  326.6  1011.5  178.9
 987.9  328.5  1024.1  178.1
1010.8  291.1  1041.9  148.7
1229.5  287.9  1208.4  146.0
1238.7  309.5  1215.4  163.0
1419.6  325.1  1348.7  167.0
1531.1  321.9  1426.9  157.4
1536.7  310.9  1430.8  149.0
1558.2  321.4  1434.9  141.6
1703.7  318.4  1543.4  144.2
 198.3  314.3   529.1   86.6
 683.9  245.2   794.6  111.4
 796.9  265.7   879.5  128.4
 757.2  246.4   850.4  111.9
 742.8  246.2   839.0  112.6
 733.3  262.2   831.1  125.8
 809.6  251.1   889.8  116.1
1233.4  271.6  1211.1  132.2
1326.7  265.2  1282.1  127.8
1338.7  235.9  1289.8  102.6
1424.8  253.3  1354.9  116.2
1550.4  249.8  1437.2   99.2
1618.5  248.2  1480.6   91.7
1731.1  268.5  1565.4  109.8
 542.4  198.0   692.2   70.9
 647.4  219.5   768.1   90.5
 627.0  219.7   753.1   90.2
 709.5  199.5   818.0   71.3
 875.0  201.4   937.8   84.3
1053.7  170.3  1075.3   73.7
1426.2  206.4  1354.4   78.2
1410.2  206.5  1342.3   78.2
1620.9  218.8  1480.0   68.1
1617.5  237.3  1480.8   84.7
1595.9  204.4  1464.5   60.2
1595.9  236.1  1463.2   81.7
1729.9  214.8  1557.3   65.0
 457.2  150.6   649.7   18.8
 440.9  135.0   639.0    7.1
 602.3  151.2   738.6   34.8
 593.4  138.6   732.9   24.6
 526.4  165.5   681.7   45.5
 614.6  136.1   748.8   22.7
 614.8  170.9   747.0   50.3
 801.6  159.4   876.5   61.6
 815.1  148.2   886.0   55.2
1133.0  155.9  1138.7   63.6
1152.1  108.4  1154.7   27.9
1234.0  138.3  1219.4   49.7
1428.3  161.6  1356.5   45.1
1558.8  131.3  1444.4   13.3
1484.8  159.6  1395.7   40.0
1493.9  154.8  1402.5   36.5
1624.7  151.7  1479.9   17.7
1626.3  167.3  1481.5   29.2
 444.7  125.3   642.9   -0.7
 442.2  118.1   641.7   -6.1
 566.6  105.1   714.5   -1.5
 617.9  104.6   753.1   -2.4
 635.4  104.3   766.2   -2.8
 638.5   95.6   768.5   -9.1
 724.2 1005.0   786.2  816.2
 855.0  917.4   895.1  764.4
 877.3  880.3   914.2  736.8
 932.1  901.6   961.9  757.6
1082.7  884.7  1094.6  743.1
 619.8  869.7   710.5  666.6
 757.2  863.1   819.6  679.8
 841.2  857.4   882.7  716.2
1054.1  851.7  1069.7  718.0
1032.3  834.8  1050.5  704.9
1235.9  828.6  1223.5  650.7
1375.9  822.1  1333.7  616.4
 706.6  761.1   780.6  585.1
 663.5  742.6   746.7  564.2
 917.7  727.7   951.7  597.5
1088.5  737.6  1100.8  607.1
1081.4  740.1  1094.6  610.0
1091.3  705.9  1103.2  571.3
1172.9  706.2  1174.0  571.9
 790.1  695.1   843.7  556.9
 832.2  607.1   881.1  479.7
1399.5  621.2  1346.7  430.7
 612.9  535.1   721.2  363.9
 696.6  533.1   779.5  382.3
1005.1  506.6  1031.2  383.5
   2.5  542.5   424.4  214.0
 722.5  446.0   797.0  321.2
1192.8  475.2  1190.2  355.1
1641.8  492.5  1485.6  252.3
1222.1  431.8  1214.5  315.0
1010.3  375.6  1040.2  222.3
1286.9  394.0  1254.2  235.8
 804.6  336.2   881.8  189.7
 810.7  329.9   886.7  184.5
 995.2  298.8  1030.0  154.4
1664.9  291.8  1515.3  124.6
 630.5  235.4   754.6  103.4
 692.7  237.5   801.7  105.1
 714.4  232.2   818.3  100.9
 699.7  248.1   806.4  113.8
1393.0  255.8  1331.5  119.1
1408.0  263.2  1342.5  124.3
1567.8  109.7  1451.9   -1.7
 683.9 1041.2   752.9  841.8
 785.8 1046.8   836.5  862.3
 742.9 1048.8   799.4  864.3
 772.9 1047.6   825.3  863.4
 843.7 1048.2   885.7  868.7
 973.2 1011.2   997.7  847.1
1075.1 1044.6  1086.6  870.4
1714.0  968.9  1602.9  724.4
 921.0  970.9   952.3  812.2
1017.1  977.0  1036.3  817.7
1091.2 1008.3  1100.9  840.9
1300.2  855.3  1274.2  656.9
1220.3  978.1  1211.0  791.1
 890.0  876.1   925.0  735.6
 921.3  834.7   952.3  704.2
 957.0  809.0   984.2  680.5
 903.1  805.9   936.5  678.0
 609.3  839.6   703.6  637.8
 799.8  784.4   847.7  648.8
 958.3  746.8   986.6  617.3
1001.8  751.5  1024.8  621.5
1129.1  763.0  1136.3  633.3
 983.6  736.2  1009.1  605.8
1017.8  731.7  1039.0  602.3
1006.6  746.3  1029.0  616.1
1293.7  779.0  1270.1  596.9
1173.6  708.0  1174.4  572.1
1104.3  677.5  1114.7  546.2
 754.2  634.2   814.6  500.7
 978.3  613.7  1006.5  487.0
1173.5  616.6  1174.6  489.6
1221.9  628.2  1215.7  496.5
 779.6  591.7   836.5  464.6
 832.8  610.5   881.6  482.7
 846.0  575.3   894.1  448.8
 928.1  572.0   964.3  446.5
 935.2  568.4   970.5  442.4
 964.0  607.9   994.3  481.3
1190.2  595.4  1188.8  468.9
 779.7  518.0   839.4  395.3
 882.1  539.7   925.8  416.2
 973.2  526.0  1003.8  402.4
 984.6  522.7  1013.6  398.3
1523.9  464.5  1418.5  258.7
  85.0  509.5   474.1  194.9
 675.2  503.8   764.3  353.7
1266.0  502.8  1250.1  371.6
1215.1  507.3  1209.2  384.4
  78.9  471.5   484.6  160.1
 708.8  470.1   787.6  336.1
1186.3  453.2  1184.6  335.0
1650.4  671.0  1489.6  375.6
 227.9  359.2   535.1  125.6
  51.8  624.1   451.2  267.3
1375.8  448.5  1317.3  264.9
 664.4  382.8   779.8  213.6
 680.6  375.0   791.2  209.4
 592.4  288.3   729.6  137.7
 793.9  285.4   876.7  144.0
1410.3  285.7  1346.2  144.9
1412.6  322.1  1344.0  165.7
 492.2  221.2   666.0   77.0
 497.3  229.8   667.6   85.3
 635.5  231.8   752.9  107.9
 920.1  201.5   971.1   89.3
 999.7  249.2  1034.1  113.9
 199.2  306.9   530.2   81.5
 625.4  168.4   754.7   48.8
 642.6  168.5   767.7   48.8
1308.8  180.4  1271.3   68.2
1460.5  196.7  1379.4   70.1
1248.8 1044.7  1234.6  845.7
1231.8 1067.9  1220.7  872.3
1124.6 1014.8  1130.0  846.8
1030.8  820.6  1049.3  692.3
1284.4  805.5  1263.2  624.1
 334.0  911.0   540.0  588.3
 797.3  686.3   849.3  551.8
1080.4  676.2  1094.0  544.9
 334.8  153.1   561.4   21.1
 947.8 1064.8   975.5  887.7
1242.0 1071.7  1229.3  875.0
 999.4  975.6  1020.9  817.3
 899.9  909.8   933.8  762.8
 913.5  915.4   945.7  767.6
1051.1  916.5  1066.5  769.5
 728.7  708.9   797.2  548.6
 794.1  720.0   843.8  590.4
 789.3  664.6   842.8  532.3
1074.6  677.7  1089.0  546.5
1310.5  676.2  1281.3  497.5
1181.7  625.9  1181.7  498.7
 547.8  553.0   678.7  361.9
1358.7  439.0  1305.0  259.2
 930.6  429.2   968.8  317.2
1021.0  288.5  1049.8  145.5
 611.2  118.4   747.2    8.7
 733.5  865.7   799.2  683.1
 860.2  850.2   898.8  713.3
1059.2  846.6  1074.3  714.3
1119.6  855.5  1127.4  718.0
1067.0  781.5  1081.6  652.3
1190.2  789.6  1185.4  618.2
 875.1  699.6   915.9  566.2
 953.4  733.0   982.7  603.2
 846.4  668.0   891.8  536.5
 940.5  673.7   973.1  541.7
 411.4  630.7   552.3  450.8
1109.8  606.0  1119.7  477.0
 755.1  597.8   816.2  467.8
 883.9  526.9   927.7  403.7
1460.0  473.5  1379.6  281.2
 605.6  358.6   741.4  186.6
1156.3  345.7  1153.3  196.7
1338.8  340.9  1288.7  180.5
 893.7  297.4   952.7  153.4
 899.8  297.5   957.3  153.4
 905.5  297.3   961.7  153.2
 985.9  285.6  1023.1  143.8
1563.4  289.8  1446.0  127.7
1423.0  220.3  1352.4   89.4
 436.3  119.9   637.7   -5.1
 862.0   80.4   922.3    4.6
1549.3   96.5  1440.0  -10.1
 867.8   65.9   927.4   -7.8
 718.5  880.2   787.8  690.6
 848.3  610.3   895.0  482.1
 977.5  334.6  1015.8  185.2
1824.7  567.4  1566.6  250.1
 381.7  620.0   596.6  347.5
 645.3  195.2   767.7   71.0
 671.6  787.6   753.1  601.5
 839.8  570.8   888.7  445.2
1086.3 1047.7  1096.3  871.7
1011.3  769.4  1032.8  639.9
1060.7  779.8  1076.1  650.6
 906.8  673.7   944.0  541.3
1003.8  682.6  1027.8  548.9
 979.8  681.1  1007.0  547.5
1123.5  688.3  1131.2  554.8
1093.7  677.1  1105.6  546.1
 738.9  306.2   833.7  161.7
1313.4  277.6  1271.9  137.4
 547.4  223.0   694.8   90.6
1440.7  213.3  1365.1   83.3
1468.0  195.3  1385.0   69.1
1249.9  365.6  1225.9  214.4
1165.9  113.9  1165.8   32.7
1478.2  182.0  1392.2   58.4
 864.3  920.8   903.0  768.2
 932.5  455.0   969.9  341.2
 757.6  625.9   817.6  493.1
1616.1  194.8  1474.1   48.6
1350.3  857.0  1314.8  654.3
1089.2  885.7  1100.3  743.9
 749.6  853.7   813.1  672.2
 875.2  736.5   914.4  605.5
 705.1  294.7   808.5  151.9
 872.5  833.5   909.4  701.3
1012.3  677.5  1035.1  545.6
1062.1  273.3  1081.1  133.5
1402.0  269.9  1338.6  130.5
 809.1   94.1   880.1   15.0
 675.3 1072.5   746.7  863.5
 360.6 1061.4   511.6  791.1
 403.8  990.1   579.4  669.3
 596.7  854.4   690.0  657.8
1246.0 1065.6  1232.2  865.7
1022.0  863.1  1041.2  729.0
1194.6  890.2  1188.6  706.3
 881.4  602.8   923.7  474.8
 549.3  626.4   670.5  435.2
1086.3  523.1  1100.0  400.6
 748.4  866.7   811.9  683.9
1087.6  268.0  1100.5  129.9
  99.8  468.4   492.5  162.2
1367.5  442.2  1311.1  260.2
 982.0  788.9  1007.1  654.2
1254.6 1084.1  1238.8  876.6
1260.9  726.4  1244.4  559.6
1775.7  731.5  1552.3  381.5
 702.5  979.1   769.8  786.9
1342.4  439.0  1293.4  261.1
 960.3  795.8   987.4  667.0
 744.8  662.5   808.2  518.8
1239.0  665.4  1228.9  522.3
 505.4  253.4   670.3  105.7
 834.9  508.5   886.6  386.5
1373.2  427.5  1314.7  247.3
 603.5  872.1   699.1  663.3
1564.5  542.5  1438.1  299.0
 457.9  483.2   645.9  258.5
1640.6  992.5  1494.5  631.1
 190.5  296.9   526.8   73.7
1300.8  165.0  1268.0   61.9
