 870.7  609.2   856.8  674.0
 334.7  857.4   226.4 1049.7
 799.3  987.5   783.9 1071.9
1299.6  882.3  1314.2  981.2
1014.2  992.8  1010.3 1072.9
1091.6 1003.9  1091.7 1084.7
1580.8  833.5  1617.2  933.5
 471.9  753.6   430.3  841.9
 633.8  915.1   600.3 1022.9
 845.1  968.8   832.3 1050.0
 835.7  958.5   822.2 1039.9
 899.2  982.6   889.4 1063.1
 842.5  940.5   829.6 1019.3
 924.4  987.1   916.0 1067.2
 928.9  973.9   920.6 1053.5
 939.2  976.6   931.5 1056.1
1029.3  974.9  1026.1 1053.1
 993.2  946.4   988.0 1021.4
1027.2  961.6  1023.7 1038.6
1144.8  982.7  1147.6 1064.2
1134.2  980.3  1136.3 1060.7
1147.5  988.8  1150.5 1070.6
 851.5  908.3   839.1  983.6
 853.9  925.5   841.7 1001.9
 836.4  899.6   823.2  974.9
 841.0  914.9   828.0  991.5
 931.5  907.1   923.3  979.2
1028.2  900.8  1024.4  971.9
1030.1  907.2  1026.5  978.9
 989.9  933.6   984.6 1007.9
1104.2  902.1  1104.1  975.0
1077.7  934.9  1076.6 1009.9
1120.9  912.5  1121.7  987.0
1091.7  915.8  1091.1  989.8
1376.6  944.4  1396.1 1042.9
 791.2  820.5   775.2  892.8
 886.3  853.3   875.8  921.7
 898.5  873.9   888.7  943.8
 933.9  873.3   925.8  942.6
1045.0  860.1  1041.8  928.2
1040.0  873.4  1036.6  941.8
1101.4  872.0  1100.8  942.0
1111.3  881.5  1111.3  952.6
1088.9  879.4  1087.8  949.6
1095.8  872.1  1095.0  941.8
1121.7  844.5  1121.8  912.8
1203.3  882.9  1209.8  971.4
 716.6  851.7   692.5  941.8
 718.2  834.0   694.3  922.2
 883.6  833.4   873.0  900.4
 890.6  800.8   879.9  867.4
 904.8  818.0   895.1  883.7
 950.9  821.4   943.3  886.6
 940.8  828.6   932.9  893.8
1025.5  814.5  1021.1  879.6
1036.4  816.1  1032.4  881.1
1098.7  813.8  1097.5  878.9
1110.4  807.2  1109.8  873.3
1237.3  835.5  1245.6  921.5
1215.9  831.6  1222.5  915.0
1245.9  763.5  1254.3  846.4
 669.1  799.4   639.6  892.7
 768.3  792.4   750.8  864.3
 799.2  754.2   783.8  820.7
 801.5  759.9   786.3  826.4
 880.3  750.0   868.7  816.0
 857.8  748.5   845.0  814.8
 863.6  755.2   851.1  821.7
 964.6  747.2   956.8  813.3
 995.7  765.1   989.5  831.4
 989.7  781.2   983.4  846.8
1146.8  758.5  1147.5  824.1
1119.8  769.3  1119.3  834.7
1128.5  752.5  1128.3  817.6
1073.2  764.6  1070.6  830.1
1308.3  807.6  1322.2  898.7
1333.2  827.8  1350.2  925.0
1293.3  822.7  1306.3  914.4
1249.1  785.4  1258.1  870.7
1258.7  796.2  1268.6  883.5
1639.4  519.6  1722.3  663.9
 534.6  528.0   479.3  630.2
 659.8  766.9   629.0  859.5
 691.2  749.0   663.7  837.0
 661.8  755.7   631.5  846.7
 681.6  763.0   653.3  852.6
 795.5  724.7   779.3  791.6
 877.4  735.6   865.3  802.1
 972.9  732.3   965.3  798.7
 996.5  743.2   990.1  809.2
1097.1  739.1  1095.4  805.1
1142.7  747.2  1143.2  812.2
1082.9  707.4  1080.4  774.4
1104.7  738.9  1103.4  804.9
1173.1  735.6  1175.0  801.1
1169.6  709.9  1171.5  777.8
1258.8  772.4  1268.6  858.4
1376.9  768.0  1399.0  869.5
 333.1  847.9   224.5 1039.0
 714.7  708.7   689.2  791.9
 812.9  667.1   796.3  735.2
 884.3  667.8   871.4  735.1
 870.0  668.6   856.4  736.4
 867.0  663.5   853.3  730.8
 988.3  681.5   980.8  749.4
 907.9  669.0   896.3  736.3
1098.9  678.3  1097.0  745.0
1151.8  679.8  1152.5  746.3
1234.4  696.2  1240.6  769.8
1234.2  689.9  1240.3  763.1
1190.1  685.9  1192.9  752.9
1235.8  703.0  1242.2  777.0
1236.9  674.5  1243.1  746.5
1200.7  669.3  1203.8  735.0
1237.7  679.0  1243.9  751.3
1512.9  722.8  1540.8  809.5
1489.1  731.4  1514.4  816.5
1534.9  704.7  1564.7  791.6
1520.9  708.2  1549.7  795.2
1531.3  496.2  1586.3  617.7
 461.9  660.1   416.4  747.5
 887.8  617.9   874.5  684.8
 849.8  631.1   834.9  697.5
 877.9  633.6   864.3  700.1
 902.0  635.3   889.7  701.7
 916.4  646.0   905.0  712.4
1077.3  621.2  1073.9  686.9
1097.6  623.7  1095.3  690.1
1211.0  624.3  1214.9  691.1
1227.1  639.6  1231.9  707.1
1226.4  646.3  1231.2  713.8
1224.6  624.4  1229.1  690.6
1645.4  398.4  1717.3  511.6
 519.2   54.1   448.7  122.3
 482.3  625.7   437.1  712.6
 536.1  616.1   486.5  717.2
 768.4  604.0   748.5  671.3
 766.9  581.6   746.6  648.4
 755.4  610.2   734.4  679.2
 755.4  611.3   734.1  681.4
 780.1  607.1   761.0  673.9
 842.4  586.7   826.2  653.5
 961.1  596.3   951.4  662.3
 955.1  595.7   945.2  661.7
 962.9  583.3   953.1  649.1
 970.6  595.9   961.4  662.1
1057.2  613.0  1052.8  679.0
1091.5  594.7  1088.7  660.0
1092.1  600.3  1089.4  666.0
1118.5  582.2  1117.2  648.2
1093.5  581.9  1090.9  649.4
1221.3  582.6  1225.3  647.2
 721.4  567.2   697.5  636.6
 759.6  569.2   738.6  636.2
 811.1  527.0   792.3  592.6
 981.1  558.5   972.1  624.1
 947.2  551.9   936.3  617.6
1052.4  569.1  1047.3  634.7
1048.8  562.2  1043.5  627.6
1056.4  563.5  1051.5  628.9
1099.2  540.1  1096.5  605.1
1100.0  548.8  1097.4  613.9
1098.8  528.0  1096.0  592.5
1160.9  545.9  1161.7  610.4
1161.7  556.7  1162.8  623.6
1172.2  541.6  1173.6  606.2
1168.0  552.5  1169.1  617.2
 526.9  530.5   470.8  633.1
 675.4  548.2   641.9  632.6
 689.7  530.8   658.6  610.6
 772.8  484.2   751.3  549.1
 790.0  515.7   770.2  580.5
 768.0  518.5   747.2  582.8
 897.3  522.7   883.3  587.9
 887.7  520.8   873.1  585.9
 926.1  507.9   913.5  572.9
 912.8  511.6   899.5  576.7
 906.8  500.5   893.0  565.8
1084.8  509.1  1081.1  574.0
1098.6  517.7  1095.8  582.3
1077.8  492.1  1073.7  556.3
1086.2  519.1  1082.7  584.0
1102.1  509.8  1099.4  574.9
1281.1  493.7  1289.7  561.6
1275.8  509.3  1284.5  579.0
1310.1  545.7  1323.1  623.9
 605.0  507.5   561.3  598.3
 792.1  444.5   771.0  508.6
 827.8  454.2   808.9  518.3
 931.9  469.7   919.3  533.5
 929.0  472.2   916.1  536.7
1066.1  479.3  1061.2  543.6
1061.8  472.4  1056.6  535.3
1279.6  485.6  1288.2  553.6
 718.1  430.6   691.0  497.8
 937.1  421.2   924.6  481.7
 924.7  458.9   911.2  524.4
 555.0  401.4   493.9  502.5
 654.9  387.7   605.8  485.0
1318.7  420.3  1339.5  514.3
 467.4  367.2   389.4  473.8
 429.8  386.7   338.8  505.6
 521.1  368.8   452.5  471.4
 673.3  379.0   627.1  473.5
1223.6  351.1  1233.1  434.6
1234.9  351.0  1245.6  434.9
1184.6  348.5  1190.4  432.1
1314.2  380.5  1333.8  469.4
1392.0  371.5  1423.9  469.2
1522.9  392.7  1571.8  495.2
1527.1  380.7  1576.2  481.7
1474.6  359.0  1515.5  454.6
 485.3  315.4   409.5  415.5
 500.9  337.1   429.6  436.6
 514.9  306.2   446.5  400.6
 508.2  334.6   437.8  433.8
 523.2  300.6   456.1  393.9
 702.5  295.6   658.1  382.9
 744.2  305.1   706.2  389.4
 710.0  277.1   667.5  360.4
 971.8  326.6   956.9  410.8
1011.2  283.3   999.6  365.9
1010.8  291.1   999.3  373.8
1229.5  287.9  1240.1  369.7
1238.7  309.5  1250.3  393.0
1419.6  325.1  1452.7  414.7
1504.9  325.0  1548.0  415.3
1536.7  310.9  1586.1  403.8
 708.2  277.4   666.4  359.3
 692.5  247.8   647.8  328.7
 635.8  241.0   585.1  321.9
 683.9  245.2   638.4  325.9
 796.9  265.7   763.4  347.1
 736.3  251.9   696.5  332.5
 742.8  246.2   703.4  326.6
 706.6  232.7   663.0  312.5
 798.6  270.7   765.5  352.4
 809.6  251.1   777.1  331.7
 984.9  272.9   970.5  355.1
1233.4  271.6  1244.5  352.6
1205.4  273.7  1213.7  355.0
1335.0  266.0  1356.7  346.4
1338.7  235.9  1361.1  314.7
1343.6  248.7  1366.4  328.2
1424.8  253.3  1456.4  333.2
1386.9  269.3  1413.9  349.7
1474.4  240.3  1511.2  319.0
1534.0  280.9  1582.4  369.8
1618.5  248.2  1684.6  341.8
1659.4  264.5  1730.8  359.7
1626.1  276.6  1692.7  372.9
 576.7  199.4   519.0  277.2
 647.4  219.5   597.4  298.6
 637.5  203.0   586.3  280.6
 627.0  219.7   574.6  299.3
1416.9  214.1  1448.2  291.6
1426.2  206.4  1458.5  283.4
1410.2  206.5  1440.9  283.5
1417.8  225.3  1449.0  303.5
1473.0  220.0  1509.9  297.3
1614.5  213.8  1681.0  304.4
1609.5  194.3  1677.7  285.0
1729.9  214.8  1812.6  305.8
 599.7  144.9   541.3  220.1
 595.4  154.9   537.0  230.7
 602.3  151.2   544.8  226.5
 593.4  138.6   534.3  213.2
 614.8  170.9   559.2  247.7
 815.1  148.2   787.7  208.1
1052.1  148.2  1043.8  205.1
1152.1  108.4  1151.1  161.7
1234.0  138.3  1239.9  194.8
1424.0  136.9  1457.5  209.4
1429.7  137.2  1463.7  209.5
1415.6  135.7  1448.2  208.1
1483.3  173.9  1522.8  248.7
1484.8  159.6  1524.9  233.7
1493.9  154.8  1534.8  228.2
1539.1  150.6  1585.6  224.0
1624.7  151.7  1694.6  236.7
1626.3  167.3  1696.1  254.0
1744.1  182.0  1830.9  270.8
 339.0  105.5   232.1  190.0
 442.2  118.1   351.1  202.6
 529.2   87.1   460.5  158.3
 531.4   92.2   463.1  163.9
 566.6  105.1   503.6  177.0
 637.3  118.3   582.3  191.4
 617.9  104.6   560.3  176.6
 625.7  104.4   569.2  176.1
1421.3  109.1  1454.9  179.5
1548.2  113.8  1596.5  184.3
1542.7   80.3  1591.6  148.5
1681.6  133.8  1760.7  217.5
 855.0  917.4   842.8  993.4
 932.1  901.6   923.9  973.4
1082.7  884.7  1081.3  955.1
 619.8  869.7   586.4  970.4
 757.2  863.1   735.8  953.6
 841.2  857.4   828.3  928.4
1054.1  851.7  1051.2  918.8
1032.3  834.8  1028.3  900.5
1235.9  828.6  1244.2  915.3
 706.6  761.1   680.3  849.4
 917.7  727.7   907.4  794.2
1088.5  737.6  1086.4  803.6
1081.4  740.1  1079.0  805.9
1091.3  705.9  1089.2  773.9
 790.1  695.1   772.2  765.8
 832.2  607.1   815.9  673.6
1399.5  621.2  1424.4  717.9
 612.9  535.1   571.1  626.0
 696.6  533.1   666.2  612.7
1005.1  506.6   996.9  571.9
 722.5  446.0   695.7  514.2
1192.8  475.2  1195.2  539.0
1641.8  492.5  1722.4  629.6
 945.8  364.7   929.0  449.8
1010.3  375.6   999.7  460.8
1286.9  394.0  1302.6  480.5
 810.7  329.9   780.6  413.0
 995.2  298.8   982.1  382.3
1664.9  291.8  1736.3  389.5
 630.5  235.4   579.2  315.7
 692.7  237.5   647.8  317.7
 714.4  232.2   671.7  312.0
 699.7  248.1   655.8  328.9
1393.0  255.8  1420.9  335.5
1408.0  263.2  1437.7  343.8
1553.7  230.6  1606.5  316.9
1567.8  109.7  1620.3  181.5
1005.1   65.4   992.9  115.2
1077.6  883.9  1076.0  953.9
1017.1  977.0  1013.3 1055.3
1133.3  986.3  1135.4 1067.6
1300.2  855.3  1314.4  951.6
1307.4  868.4  1322.5  966.6
 598.8  486.2   553.9  576.4
 890.0  876.1   879.7  946.7
 957.0  809.0   949.5  874.3
 799.8  784.4   784.3  853.3
 958.3  746.8   950.2  812.7
1129.1  763.0  1129.0  828.4
1017.8  731.7  1012.3  797.5
1104.3  677.5  1102.7  744.3
 754.2  634.2   733.7  703.5
1173.5  616.6  1175.1  681.7
1221.9  628.2  1226.4  695.2
 846.0  575.3   829.8  641.8
 928.1  572.0   916.4  637.8
 935.2  568.4   923.8  634.4
1018.4  283.7  1007.5  366.9
 779.7  518.0   759.1  583.7
 882.1  539.7   867.6  605.1
1266.0  502.8  1273.7  571.3
1215.1  507.3  1218.9  571.8
1186.3  453.2  1188.2  516.4
 793.9  285.4   760.4  368.3
 635.5  231.8   588.1  307.0
 625.4  168.4   571.1  244.6
 793.8  987.9   778.1 1072.3
 950.8  936.3   943.6 1010.3
 457.5  755.4   414.4  845.1
 379.3  594.7   277.6  747.8
1052.3   56.0  1043.4  105.2
 931.0  919.1   922.9  992.0
1051.2  911.2  1048.6  983.9
 883.7  880.6   873.1  951.7
1030.8  820.6  1026.7  885.6
1582.6  472.1  1648.0  596.6
 787.5  755.0   771.1  823.4
1284.4  805.5  1296.3  894.0
 456.7  372.9   371.9  486.7
 796.2  712.5   779.9  779.5
 784.2  727.2   766.3  798.7
 869.2  724.0   856.6  790.4
 953.6  733.1   945.1  799.2
 797.3  686.3   780.0  755.4
 802.5  691.6   785.6  760.6
1080.4  676.2  1077.6  742.9
1048.5  586.8  1043.4  652.6
1003.5  512.3   995.3  577.5
1181.8  463.4  1183.5  526.8
 334.8  153.1   232.3  240.6
1554.4  116.1  1603.8  187.1
 245.4  355.1    82.1  511.4
 856.5  936.2   844.4 1013.6
1051.1  916.5  1048.5  989.2
 972.1  876.2   965.7  944.7
1020.1  904.6  1016.1  975.8
1064.1  879.0  1061.9  948.6
1289.9  882.7  1303.5  980.2
 734.3  858.0   711.7  947.5
 786.3  855.2   770.2  929.6
1210.8  846.2  1217.3  930.8
1046.5  745.5  1042.5  811.4
1033.2  744.8  1028.6  810.7
 728.7  708.9   704.7  790.1
1030.1  727.6  1025.2  793.7
1127.3  678.8  1126.9  745.4
1226.0  653.0  1230.8  720.4
1310.5  676.2  1325.1  765.3
 787.9  611.9   769.2  679.1
1181.7  625.9  1183.7  691.0
1241.4  614.5  1247.1  682.4
 387.1  575.8   286.9  725.6
1206.9  569.3  1210.2  633.8
1299.5  569.6  1311.5  648.2
 883.8  545.0   869.4  610.2
1307.7  552.4  1320.5  630.8
1555.7  539.0  1619.1  674.1
 688.6  511.7   657.5  589.9
 834.0  501.5   816.5  565.4
 833.6  488.3   815.6  553.0
1036.9  511.5  1030.6  576.2
1084.2  502.0  1080.2  560.9
1358.7  439.0  1384.5  536.8
1323.4  413.2  1344.2  505.4
1394.9  393.4  1427.4  493.5
 514.7  378.4   446.3  481.1
 504.8  301.7   433.8  397.3
 749.6  303.0   711.7  387.9
1080.7  302.1  1076.3  385.1
 406.0  276.9   317.4  375.8
 802.7  294.2   770.3  377.7
 532.1  186.9   467.3  266.0
1003.8  209.1   991.3  280.5
1485.3  182.8  1524.7  258.2
1605.2  198.3  1672.8  289.6
 606.4  158.3   549.2  234.4
 612.8  134.3   555.6  208.6
1351.4  142.1  1372.1  207.7
 570.8  105.8   506.3  179.6
 611.2  118.4   553.4  191.4
1556.7  110.0  1606.4  180.5
1575.3   88.2  1629.0  157.9
 829.8  911.0   816.1  988.1
 829.9  927.4   816.3 1005.2
 833.9  924.2   820.6 1001.5
 909.0  912.4   899.7  985.9
 857.0  942.8   845.0 1020.4
 925.7  953.8   917.3 1030.6
 957.2  938.5   950.3 1013.3
 957.5  929.2   950.6 1003.0
1024.2  910.8  1020.3  981.9
1230.5  921.6  1238.0 1004.7
 536.4  886.9   499.1  985.1
 841.4  897.4   828.6  971.9
 833.5  908.1   820.4  982.6
 842.5  867.5   829.8  939.3
 898.3  892.5   888.5  963.9
 907.1  884.7   897.8  955.1
 880.3  892.1   869.6  964.4
 944.5  908.0   937.0  979.9
 953.8  887.1   946.6  957.1
1066.2  872.4  1064.0  941.3
1094.8  878.8  1094.0  948.9
1104.1  892.6  1103.8  964.3
1215.5  885.4  1222.8  973.9
1207.9  878.9  1214.7  967.4
1394.6  885.4  1414.9  980.5
 469.5  838.8   426.3  936.3
 671.8  824.6   643.4  917.3
 711.0  851.5   686.7  941.3
 733.5  865.7   710.7  956.0
 791.4  852.9   775.5  927.1
 785.4  839.8   769.1  913.7
 836.4  849.6   823.3  920.0
 794.8  861.6   779.2  936.1
 885.7  842.3   875.2  909.9
 884.7  855.1   874.2  923.6
 860.2  850.2   848.4  919.3
 864.7  837.1   853.2  904.8
1106.4  871.5  1106.2  943.4
1209.3  856.9  1215.9  943.5
1198.3  845.3  1204.2  931.3
1300.7  849.2  1314.8  944.8
1240.8  827.8  1249.4  914.2
1513.2  849.6  1540.9  941.4
1504.4  843.8  1531.1  934.1
1519.8  843.7  1548.2  935.6
1532.9  852.3  1563.1  947.0
1514.9  852.0  1542.6  943.5
 444.3  783.1   399.3  876.5
 545.5  818.4   508.6  911.7
 677.8  807.5   649.5  899.9
 664.7  810.5   635.5  903.4
 795.8  789.6   780.3  858.6
1190.2  789.6  1195.3  873.8
1211.8  806.5  1217.7  886.8
1255.0  784.6  1264.5  870.4
1251.3  791.8  1260.6  878.1
1511.4  786.0  1538.2  873.1
1521.9  815.5  1549.8  904.8
1592.6  811.4  1629.0  908.6
 437.2  741.1   389.5  835.5
 489.9  738.5   449.7  825.4
 689.8  739.8   662.7  825.6
 721.2  744.1   696.5  828.7
 874.9  760.5   863.1  826.4
1067.9  776.0  1065.1  841.3
1142.7  755.7  1143.2  821.3
1241.8  764.4  1249.9  846.5
1485.9  780.4  1510.6  866.3
1584.5  752.8  1621.2  848.8
 476.7  733.3   435.0  820.8
 491.0  732.3   450.7  819.2
 496.8  718.7   456.7  804.6
 729.9  712.0   706.2  792.7
 411.1  672.8   309.4  844.4
 640.8  675.9   606.6  766.7
 779.5  685.8   761.1  755.7
 846.4  668.0   831.6  735.7
 894.1  670.8   881.8  738.4
 917.3  677.1   906.1  745.3
 940.5  673.7   930.5  741.3
1052.1  685.2  1047.9  753.0
1206.8  654.6  1210.5  721.9
1205.6  666.2  1209.1  732.7
 538.4  610.7   488.4  712.4
 771.8  643.0   752.8  710.4
 871.8  641.9   858.1  708.0
1068.7  627.8  1065.0  694.0
1091.8  606.9  1089.2  672.9
1195.4  612.0  1198.3  677.6
1236.2  604.7  1241.5  671.7
 552.5  570.6   501.4  672.7
 557.9  573.9   507.5  675.8
 541.6  570.9   489.2  673.6
 540.3  564.8   487.2  667.8
 543.5  577.3   491.8  679.7
 761.4  602.4   741.2  669.7
 839.9  576.5   823.5  642.8
 842.1  592.5   826.0  659.4
 801.9  600.7   783.9  667.1
 915.6  590.4   903.6  655.6
 906.5  566.1   893.6  631.7
 996.6  599.9   988.9  665.9
 998.9  576.6   991.0  642.1
1102.6  589.0  1100.4  655.0
 603.6  539.5   561.5  629.7
 617.6  529.3   575.9  620.0
 793.1  524.5   773.4  589.8
 802.9  541.8   784.1  607.0
 803.4  519.1   784.1  584.5
1060.7  526.6  1055.9  591.5
1307.8  557.4  1320.6  635.9
 908.7  488.7   894.9  553.3
 984.7  491.6   975.3  556.2
1180.4  504.9  1182.1  569.2
1170.5  504.7  1171.7  568.9
1271.7  477.7  1279.3  543.6
1460.0  473.5  1498.3  577.3
1571.9  492.1  1635.5  618.6
 434.3  450.0   342.3  579.6
 547.9  432.2   487.3  534.7
1010.6  466.5  1002.4  529.2
1189.9  465.6  1192.1  529.2
1350.0  440.1  1374.5  536.8
1513.6  429.9  1562.2  537.3
1579.0  455.7  1642.8  576.8
1695.0  468.8  1779.3  597.4
1209.8  394.0  1218.1  480.2
1275.7  403.1  1291.6  494.2
1291.9  405.5  1308.7  494.7
1399.4  410.7  1432.1  511.8
1518.2  392.3  1566.1  494.1
1514.3  418.6  1562.0  523.3
1586.7  428.0  1651.9  546.4
1650.3  414.7  1724.1  531.5
 434.2  380.6   343.0  499.6
 514.9  369.1   445.6  471.7
 499.2  371.7   427.3  475.7
 605.6  358.6   547.8  458.4
 552.9  347.6   488.2  447.4
 932.0  363.3   914.2  446.9
 950.9  364.1   934.6  449.0
1069.2  384.0  1064.2  470.1
1142.2  360.5  1143.8  444.0
1136.6  344.9  1137.9  428.7
1106.5  344.1  1104.8  427.4
1133.1  359.6  1133.9  442.9
1160.7  365.8  1164.1  449.3
1156.3  345.7  1159.4  429.2
1344.8  345.8  1369.8  437.7
1487.0  367.1  1530.3  464.9
 504.5  312.4   433.7  408.8
 484.2  304.4   408.3  403.2
 648.2  319.3   595.8  413.1
 645.9  313.3   593.2  406.6
 685.4  328.5   638.2  421.5
 749.7  328.5   713.7  412.0
 867.9  331.5   843.3  414.9
1184.4  343.2  1190.3  426.8
1338.8  340.9  1362.6  431.5
1417.9  331.0  1450.4  420.7
1535.7  331.1  1585.2  426.2
1541.4  325.0  1592.0  419.9
1545.2  333.6  1597.7  431.5
1626.5  337.8  1693.6  441.5
1614.1  308.8  1681.7  411.7
1662.6  295.8  1734.3  394.6
 583.4  275.0   527.0  359.9
 649.7  272.5   600.4  356.5
 668.8  279.4   621.3  364.4
 784.9  263.0   750.0  344.7
 899.8  297.5   877.1  381.3
 910.6  297.6   889.0  381.3
 989.2  277.9   975.3  360.2
 985.9  285.6   971.8  368.1
 966.7  264.1   950.3  345.4
 989.9  272.2   976.0  354.2
1035.9  282.1  1026.8  364.7
1018.2  268.1  1007.2  350.2
1214.3  279.8  1223.7  362.2
1174.2  287.6  1179.1  369.1
1270.9  289.7  1285.8  371.6
1278.8  289.6  1294.4  371.1
1280.9  274.3  1296.4  353.9
1340.5  267.2  1362.8  347.8
1380.3  287.5  1406.4  368.9
1418.0  254.0  1448.8  334.0
1404.2  258.3  1433.5  338.5
1563.4  289.8  1618.9  384.1
1630.8  263.1  1699.5  359.5
 391.8  227.0   300.8  320.3
 504.7  248.4   432.8  338.7
 636.8  244.2   586.3  325.1
 630.0  240.4   578.8  321.0
 648.6  214.8   598.9  293.1
 689.7  241.9   644.7  322.2
 987.7  252.3   973.4  332.8
1024.4  256.8  1013.8  338.8
1038.7  221.4  1029.5  295.1
1423.0  220.3  1454.8  298.1
1416.7  249.1  1447.4  328.7
1561.9  246.5  1613.9  332.3
 443.1  166.0   355.5  254.0
 513.3  196.6   441.7  281.4
 572.3  176.4   513.1  252.9
 659.9  206.0   610.6  284.6
 649.1  176.3   597.4  253.3
 852.5  203.6   825.1  276.6
 953.7  176.7   937.5  239.3
1029.4  172.7  1019.5  233.4
1220.0  204.9  1228.1  275.5
1200.6  173.5  1204.8  235.2
1341.0  189.0  1362.5  261.6
1453.6  199.7  1489.2  276.3
1478.4  181.5  1517.0  256.8
1492.5  173.3  1532.9  247.9
1626.3  166.1  1696.9  253.4
 436.3  119.9   344.3  204.7
 458.5  149.8   370.1  238.1
 598.2  136.5   539.7  210.8
 626.2  162.6   571.7  238.6
 700.7  131.3   657.6  199.1
 698.4  126.3   654.7  194.1
 723.0  141.2   683.1  208.5
1005.6  165.7   993.7  226.2
1111.9  157.3  1108.3  215.0
1340.0  152.7  1359.4  218.9
1445.6  136.7  1481.7  209.4
1413.4  126.7  1446.1  198.9
1540.9  115.3  1588.5  186.0
1538.8  128.4  1586.3  200.6
1532.6  128.4  1579.3  200.6
1491.8  144.7  1532.8  217.5
1668.9  142.6  1747.4  228.3
 329.9   67.8   220.0  148.4
 349.3   74.7   242.7  155.7
 436.1   86.3   343.3  167.4
 407.6   91.4   310.1  173.7
 446.9  103.8   357.4  185.7
 510.3   75.7   438.9  146.2
 457.8   75.5   377.9  148.0
 521.9  109.8   455.4  181.1
 574.6  111.9   512.8  184.2
 585.1  118.2   524.1  191.6
 631.4  105.3   575.2  177.4
 636.9   89.2   580.3  160.5
 637.6  102.2   581.3  174.9
 744.1  101.3   711.1  157.6
 862.0   80.4   838.9  133.3
 934.6   84.0   917.1  136.4
 974.5   91.8   960.0  144.6
1019.7   83.6  1008.7  134.2
1155.3  112.7  1154.5  166.1
1388.4  100.1  1414.1  164.2
1434.1   80.7  1470.5  149.7
1462.7   75.3  1501.8  143.0
1434.0   73.1  1468.8  139.6
1466.2   88.5  1505.3  157.0
1457.4   80.9  1495.7  149.0
1536.7   79.8  1584.5  147.6
1549.3   96.5  1598.5  165.8
1580.2   84.6  1634.5  153.8
1586.0   98.8  1641.4  170.0
1603.7  100.7  1665.7  175.5
 301.1   54.2   185.4  134.0
 342.0   30.7   230.4  107.9
 306.4   48.0   192.6  126.3
 395.1   32.2   289.2  110.5
 509.1   69.6   437.4  139.6
 499.2   48.0   425.4  116.3
 472.6   65.2   393.8  136.8
 518.8   71.6   449.2  141.1
 633.7   70.8   576.6  140.2
 632.8   35.9   575.2  101.8
 658.0   34.6   607.8   95.9
 626.0   65.9   567.8  135.0
 627.8   70.1   569.9  139.6
 625.1   60.4   566.8  128.8
 867.8   65.9   844.8  118.1
 916.5   55.6   897.3  106.7
 989.9   68.2   976.6  118.2
 987.0   50.1   973.4   98.7
 978.5   58.5   964.3  107.9
 928.7   56.4   910.6  106.8
1027.4   61.6  1016.8  110.9
1044.7   53.1  1035.3  101.3
1047.9   61.7  1038.7  111.2
1221.9   39.3  1225.9   88.4
1327.1   37.0  1340.1   86.9
1409.3   65.9  1437.9  128.0
1410.1   50.1  1438.9  110.8
1415.9   52.0  1445.7  113.2
1538.3   41.5  1587.4  106.4
1538.6   42.4  1588.0  107.4
1534.9   35.5  1583.7   99.8
1534.5   29.3  1583.5   93.0
1532.3   23.2  1581.0   86.3
1530.3   54.0  1577.7  119.5
1589.5   66.6  1646.0  134.7
1645.5   23.8  1717.4   92.5
1651.8   38.1  1725.9  109.4
 978.3   19.0   963.8   66.3
 967.5   24.3   952.3   71.7
 994.1   14.4   980.6   61.5
1031.4   19.6  1020.7   66.8
1031.8   14.4  1021.0   61.5
1020.9   20.8  1009.5   68.1
1150.6    7.6  1149.1   55.7
1184.0   18.8  1185.2   67.3
1327.8   27.6  1340.9   77.1
1318.6   10.6  1331.2   59.2
1554.9   17.7  1606.6   80.3
 526.9  525.4   470.7  627.6
 848.3  610.3   832.9  677.0
 343.0  349.7   243.7  460.6
 929.9  461.3   916.9  525.6
 977.5  334.6   963.1  419.5
1260.2  161.5  1269.0  221.3
1049.3   12.0  1039.9   58.8
 727.0  733.5   702.9  816.6
 839.8  570.8   823.3  636.9
 640.9  320.5   587.0  415.7
 731.3  652.8   708.7  726.0
 859.0  670.8   844.9  738.7
 906.8  673.7   895.1  741.7
1003.8  682.6   997.1  750.6
 979.8  681.1   971.8  749.3
 979.3  672.8   971.3  740.5
1028.1  683.9  1022.6  751.9
1049.1  680.3  1044.7  747.8
1123.5  688.3  1123.0  755.9
1093.7  677.1  1091.6  743.7
 738.9  306.2   700.5  390.3
1300.5  321.5  1318.4  405.6
1313.4  277.6  1332.6  358.6
1312.1  272.5  1331.3  353.2
 547.4  223.0   485.5  304.5
1440.7  213.3  1474.8  291.0
1468.0  195.3  1505.2  271.6
1249.9  365.6  1261.7  449.2
1312.8   40.2  1324.3   89.8
 929.9   23.9   911.9   71.5
 954.6   16.2   938.3   63.4
1191.4  600.4  1193.8  665.2
1137.9   -8.5  1135.3   38.5
1478.2  182.0  1516.7  257.2
 864.3  920.8   852.6  996.5
 932.5  455.0   920.0  517.0
1180.3  213.6  1184.8  285.9
 665.6  827.3   635.5  924.2
1081.2  889.7  1079.8  960.5
1361.2  799.1  1381.5  899.9
 757.6  625.9   737.1  694.9
1658.5  290.4  1729.5  388.4
1090.8  610.4  1088.1  675.9
1098.0  506.6  1095.1  571.0
 612.2  529.3   570.0  620.3
1681.3  143.6  1760.6  228.7
1616.1  194.8  1684.9  285.2
1350.3  857.0  1368.6  955.3
1089.2  885.7  1088.1  956.2
 749.6  853.7   727.7  943.5
 875.2  736.5   863.0  803.4
1204.8  464.9  1207.9  528.3
 705.1  294.7   663.1  378.3
1694.6   85.2  1778.5  164.8
 471.8  747.9   429.9  836.5
 356.3  174.2   256.8  264.2
 326.3  862.0   217.1 1054.6
 234.9  324.2    61.5  481.3
 432.2  142.4   337.8  231.7
 668.8  793.3   639.3  886.4
 872.5  833.5   861.4  900.6
1012.3  677.5  1006.0  744.8
1062.1  273.3  1055.7  355.0
1402.0  269.9  1430.7  350.5
1568.4   89.3  1621.5  159.4
 999.6   60.1   986.9  109.5
 994.5  275.3   981.1  357.6
 596.7  854.4   562.4  952.2
1318.6  865.4  1334.7  964.4
 881.4  602.8   867.6  669.5
 444.0  443.6   354.1  571.2
 346.9  156.2   246.5  243.7
 748.4  866.7   726.6  957.0
1197.7  716.3  1201.4  786.4
 737.6  448.0   712.6  514.2
1087.6  268.0  1083.7  349.0
 836.0  668.5   820.6  736.6
1260.9  726.4  1270.3  808.8
 702.5  979.1   679.3 1073.3
1295.6  871.5  1309.6  968.6
1342.4  439.0  1366.1  535.4
 744.8  662.5   723.0  736.2
1239.0  665.4  1245.2  737.3
 505.4  253.4   434.1  343.6
1390.4  218.4  1418.6  296.0
 330.7  610.3   202.0  792.1
1319.2  858.6  1335.3  957.3
1773.7  388.6  1853.2  490.6
1601.7  215.5  1665.5  305.4
 834.9  508.5   817.2  573.8
 925.4  476.2   912.4  540.4
 997.5  512.0   988.9  577.4
1008.8  158.7   997.2  218.0
1167.9    5.2  1167.8   53.3
1528.1  890.8  1558.9  989.4
 356.5  767.8   248.7  951.0
 425.7  394.5   333.4  515.4
1045.1  221.6  1036.6  295.2
1177.7  778.5  1180.2  845.8
 728.3  184.9   686.6  260.2
 933.8  205.1   914.6  276.8
 982.8   52.7   968.8  102.0
1044.0  291.0  1035.8  373.6
